7.329001e-04,-3.156459e-06,5.995380e-06,-1.281460e-05,-1.578155e-05,-1.839484e-05,-2.136901e-05,-2.454831e-05,-2.876260e-05,-2.586622e-05,-1.944269e-05,-4.554506e-06,5.847012e-06,1.145511e-05,1.759731e-05,2.200168e-05,1.518892e-05,-4.475280e-06,-2.088330e-05,-3.213453e-05,-4.196244e-05,-5.070530e-05,-5.298034e-05,-4.370447e-05,-3.587092e-05,-2.094299e-05,-9.642204e-06,8.229046e-06,3.339946e-05,5.388604e-05,5.961662e-05,2.908948e-05,-3.461038e-05,-1.132033e-04,-1.953332e-04,-2.759208e-04,-2.223719e-03,-2.239802e-03,-2.255889e-03,-2.271962e-03,-2.288088e-03,-2.304020e-03,-2.317893e-03,-2.331434e-03,-2.341117e-03,-2.348675e-03,-2.353925e-03,-2.354780e-03,-2.353272e-03,-2.349584e-03,-2.343838e-03,-2.336028e-03,-2.328188e-03,-2.320271e-03,-2.313178e-03,-2.307728e-03,-2.304070e-03,-2.302430e-03,-2.305671e-03,-2.309510e-03,-2.317688e-03,-2.329498e-03,-2.343852e-03,-2.361536e-03,-2.380461e-03,-2.400174e-03,-2.419934e-03,-2.440710e-03,-2.461236e-03,-8.871309e-05,-7.317802e-05,-5.763896e-05,-4.190620e-05,-2.625542e-05,-1.143335e-05,3.272624e-06,1.584336e-05,2.587929e-05,3.269982e-05,3.560592e-05,3.350767e-05,2.891119e-05,2.317462e-05,1.647290e-05,1.141974e-05,8.258422e-06,8.097951e-06,1.141375e-05,1.734683e-05,2.499763e-05,3.315954e-05,3.871041e-05,4.227359e-05,4.385946e-05,4.288935e-05,3.946100e-05,3.552381e-05,2.933643e-05,2.316478e-05,1.594966e-05,8.801653e-06,1.751786e-06,3.844836e-03,3.690589e-03,3.536684e-03,3.368925e-03,3.199111e-03,3.036693e-03,2.883089e-03,2.760707e-03,2.663476e-03,2.593432e-03,2.539459e-03,2.485456e-03,2.450430e-03,2.454051e-03,2.507977e-03,2.602675e-03,2.730415e-03,2.844085e-03,2.906215e-03,2.921860e-03,2.898958e-03,2.842115e-03,2.780707e-03,2.710455e-03,2.642694e-03,2.563413e-03,2.465370e-03,2.367160e-03,2.284200e-03,2.216113e-03,2.151611e-03,2.102408e-03,2.051401e-03,-1.455228e-04,-1.655446e-04,-1.857645e-04,-2.027836e-04,-2.063143e-04,-1.810335e-04,-1.241300e-04,-4.592227e-05,3.414626e-05,1.005075e-04,1.341225e-04,1.314443e-04,1.030544e-04,7.415705e-05,3.438457e-05,-4.900474e-06,-5.363114e-05,-1.086639e-04,-1.556049e-04,-1.785016e-04,-1.589310e-04,-9.458624e-05,1.215199e-06,1.050209e-04,1.943653e-04,2.442886e-04,2.436187e-04,1.926812e-04,1.033404e-04,2.262049e-06,-1.173884e-04,-2.433277e-04,-3.676593e-04
-3.156459e-06,5.965352e-04,2.261832e-05,-3.752257e-04,-3.433013e-04,-3.036763e-04,-2.616330e-04,-2.327062e-04,-2.123333e-04,-1.960806e-04,-1.912282e-04,-1.967942e-04,-2.110181e-04,-2.266172e-04,-2.441085e-04,-2.537782e-04,-2.682527e-04,-2.751091e-04,-2.664104e-04,-2.698769e-04,-2.726022e-04,-2.748184e-04,-2.641544e-04,-2.400617e-04,-2.176272e-04,-2.019267e-04,-1.978123e-04,-1.993154e-04,-2.008515e-04,-1.935242e-04,-1.889163e-04,-1.688607e-04,-1.527562e-04,-1.515086e-04,-1.471134e-04,-1.371594e-04,-1.136358e-05,-1.183311e-05,-1.229805e-05,-1.276024e-05,-1.327552e-05,-1.363706e-05,-1.319817e-05,-1.331199e-05,-1.323471e-05,-1.166924e-05,-7.879402e-06,-2.597517e-06,6.407468e-06,2.021427e-05,3.540668e-05,4.935112e-05,5.746811e-05,5.976546e-05,5.821949e-05,5.424676e-05,5.018261e-05,4.711984e-05,4.420447e-05,4.150948e-05,3.733970e-05,3.137190e-05,2.203832e-05,9.216792e-06,-9.972984e-06,-3.356961e-05,-6.240672e-05,-9.362642e-05,-1.244518e-04,-1.787987e-03,-1.799453e-03,-1.810530e-03,-1.816708e-03,-1.821169e-03,-1.824196e-03,-1.825561e-03,-1.826918e-03,-1.828271e-03,-1.829930e-03,-1.832206e-03,-1.833740e-03,-1.837040e-03,-1.838982e-03,-1.836649e-03,-1.829547e-03,-1.818159e-03,-1.807364e-03,-1.793216e-03,-1.780253e-03,-1.768869e-03,-1.759339e-03,-1.754515e-03,-1.754835e-03,-1.761399e-03,-1.774570e-03,-1.793450e-03,-1.819116e-03,-1.846834e-03,-1.874758e-03,-1.901655e-03,-1.925229e-03,-1.948370e-03,-1.139982e-04,-1.309232e-04,-1.480605e-04,-1.620028e-04,-1.652548e-04,-1.477959e-04,-1.062551e-04,-4.650611e-05,1.719911e-05,6.985406e-05,9.842828e-05,1.005941e-04,8.247689e-05,5.593086e-05,1.567259e-05,-2.289921e-05,-6.024508e-05,-9.552476e-05,-1.212351e-04,-1.293249e-04,-1.083159e-04,-5.892209e-05,8.707398e-06,8.070664e-05,1.457726e-04,1.861663e-04,1.893538e-04,1.520217e-04,7.866494e-05,-1.202025e-05,-1.165285e-04,-2.228837e-04,-3.283807e-04,1.894817e-03,2.025508e-03,2.156016e-03,2.266464e-03,2.371544e-03,2.456748e-03,2.500730e-03,2.501928e-03,2.443490e-03,2.336579e-03,2.202306e-03,2.052313e-03,1.931893e-03,1.849510e-03,1.802908e-03,1.799893e-03,1.837814e-03,1.935630e-03,2.054855e-03,2.187732e-03,2.306647e-03,2.392568e-03,2.442930e-03,2.432368e-03,2.371738e-03,2.276221e-03,2.150185e-03,2.023227e-03,1.894548e-03,1.770137e-03,1.654202e-03,1.522276e-03,1.390501e-03
5.995380e-06,2.261832e-05,1.816954e-04,-1.291841e-03,-1.308875e-03,-1.325568e-03,-1.313916e-03,-1.307870e-03,-1.304965e-03,-1.291482e-03,-1.289299e-03,-1.271737e-03,-1.244830e-03,-1.209153e-03,-1.141353e-03,-1.079304e-03,-1.035630e-03,-1.023482e-03,-1.047985e-03,-1.099697e-03,-1.169971e-03,-1.211984e-03,-1.248450e-03,-1.270573e-03,-1.269887e-03,-1.274993e-03,-1.257236e-03,-1.235373e-03,-1.202328e-03,-1.142293e-03,-1.091406e-03,-1.049178e-03,-1.015592e-03,-9.925416e-04,-9.688316e-04,-9.433232e-04,9.739274e-07,1.196725e-06,1.417582e-06,1.669033e-06,1.882616e-06,2.196887e-06,-5.736907e-07,-8.442273e-06,-1.855612e-05,-2.536741e-05,-2.801836e-05,-2.840435e-05,-2.846430e-05,-2.778727e-05,-2.652068e-05,-2.530963e-05,-2.469948e-05,-2.428376e-05,-2.399791e-05,-2.383595e-05,-2.345995e-05,-1.970125e-05,-1.167198e-05,-4.023102e-06,-3.288260e-06,-9.785830e-06,-2.046548e-05,-3.355652e-05,-4.905657e-05,-6.652677e-05,-8.579650e-05,-1.059430e-04,-1.259242e-04,-1.675468e-05,-4.261543e-05,-6.854116e-05,-8.937568e-05,-1.011874e-04,-1.052244e-04,-1.058031e-04,-1.055634e-04,-1.047534e-04,-1.040180e-04,-1.041526e-04,-1.033656e-04,-9.958233e-05,-9.412811e-05,-8.873874e-05,-8.405568e-05,-7.820717e-05,-6.989507e-05,-6.286067e-05,-6.192206e-05,-6.532684e-05,-6.808888e-05,-6.818978e-05,-6.632393e-05,-6.256386e-05,-5.722482e-05,-5.389359e-05,-5.534667e-05,-6.021199e-05,-6.645058e-05,-7.230333e-05,-7.727102e-05,-8.207738e-05,3.384692e-05,3.194527e-05,3.004346e-05,2.816555e-05,2.674501e-05,2.456118e-05,3.109667e-05,5.100348e-05,7.777163e-05,9.448148e-05,9.806465e-05,9.260016e-05,7.902998e-05,4.692294e-05,3.034772e-07,-3.602579e-05,-4.808035e-05,-4.256028e-05,-2.499925e-05,1.225905e-06,3.495445e-05,6.351250e-05,8.134890e-05,9.476556e-05,1.156558e-04,1.382824e-04,1.452863e-04,1.241685e-04,6.504201e-05,-2.815945e-05,-1.323658e-04,-2.331591e-04,-3.340676e-04,-1.190504e-04,-3.899133e-05,4.240934e-05,1.075487e-04,1.440716e-04,1.563018e-04,1.586717e-04,1.595550e-04,1.591478e-04,1.594824e-04,1.636684e-04,1.620854e-04,1.458694e-04,1.210924e-04,1.110912e-04,1.215665e-04,1.290091e-04,1.210509e-04,1.097737e-04,1.141823e-04,1.310705e-04,1.444211e-04,1.497353e-04,1.472500e-04,1.372104e-04,1.189341e-04,1.058510e-04,1.046556e-04,1.067789e-04,8.589688e-05,3.194804e-05,-3.600646e-05,-1.029065e-04
-1.281460e-05,-3.752257e-04,-1.291841e-03,3.203011e-01,1.896460e-01,8.388302e-02,1.752815e-02,-1.205182e-02,-1.925132e-02,-1.567590e-02,-7.357888e-03,8.943773e-04,6.484601e-03,9.776224e-03,1.087110e-02,1.029137e-02,8.751412e-03,7.683004e-03,7.610941e-03,7.989753e-03,8.463439e-03,8.708641e-03,8.902283e-03,8.963853e-03,8.913099e-03,8.975538e-03,8.908084e-03,8.804340e-03,8.624524e-03,8.226047e-03,7.848314e-03,7.489290e-03,7.180375e-03,6.946423e-03,6.705824e-03,6.450599e-03,2.093199e-02,1.926215e-02,1.759253e-02,1.591614e-02,1.420222e-02,1.243255e-02,1.045465e-02,8.318101e-03,6.272732e-03,4.588331e-03,3.219290e-03,2.137284e-03,1.310703e-03,7.001745e-04,2.435220e-04,-6.211118e-05,-2.432747e-04,-3.316712e-04,-3.497870e-04,-3.213573e-04,-2.719589e-04,-2.405677e-04,-2.432376e-04,-2.499764e-04,-2.148319e-04,-1.300150e-04,-1.427663e-05,1.204447e-04,2.743387e-04,4.427217e-04,6.252177e-04,8.147401e-04,1.002958e-03,-8.831397e-02,-7.111612e-02,-5.381792e-02,-3.790207e-02,-2.481407e-02,-1.423060e-02,-6.186974e-03,-4.639142e-04,3.310415e-03,5.472264e-03,6.364992e-03,6.322717e-03,5.691227e-03,4.774076e-03,3.806875e-03,2.949728e-03,2.222158e-03,1.643568e-03,1.217574e-03,9.547612e-04,8.145488e-04,7.396179e-04,7.010993e-04,6.934800e-04,7.060348e-04,7.296734e-04,7.810611e-04,8.731931e-04,9.912070e-04,1.119058e-03,1.243359e-03,1.360130e-03,1.475604e-03,-3.600479e-04,-3.105056e-04,-2.602571e-04,-2.199102e-04,-1.955483e-04,-1.750368e-04,-1.602425e-04,-1.803720e-04,-2.527723e-04,-3.392679e-04,-3.831892e-04,-3.882770e-04,-3.445173e-04,-1.693045e-04,1.301737e-04,3.671216e-04,4.440409e-04,4.052765e-04,2.823118e-04,9.504530e-05,-1.522451e-04,-3.700336e-04,-5.148194e-04,-6.281386e-04,-7.907867e-04,-9.588236e-04,-1.006266e-03,-8.427131e-04,-3.985899e-04,2.924622e-04,1.066038e-03,1.816607e-03,2.567621e-03,6.060239e-03,3.157934e-03,2.031894e-04,-2.145318e-03,-3.399324e-03,-3.929562e-03,-3.943277e-03,-3.638157e-03,-3.190325e-03,-2.705734e-03,-2.262737e-03,-1.840533e-03,-1.424619e-03,-1.067962e-03,-9.266892e-04,-1.029368e-03,-1.168928e-03,-1.246972e-03,-1.311191e-03,-1.479768e-03,-1.711093e-03,-1.882316e-03,-1.964196e-03,-1.955187e-03,-1.865408e-03,-1.699101e-03,-1.555847e-03,-1.494843e-03,-1.456693e-03,-1.257737e-03,-8.289656e-04,-2.958145e-04,2.299055e-04
-1.578155e-05,-3.433013e-04,-1.308875e-03,1.896460e-01,1.342142e-01,7.274655e-02,3.018016e-02,7.087432e-03,-2.331075e-03,-3.739716e-03,-7.022526e-04,3.389699e-03,6.578532e-03,8.788600e-03,9.639729e-03,9.327923e-03,8.330139e-03,7.653955e-03,7.672796e-03,8.043303e-03,8.539228e-03,8.819928e-03,9.038747e-03,9.125413e-03,9.081238e-03,9.127639e-03,9.032591e-03,8.909143e-03,8.712788e-03,8.303945e-03,7.929433e-03,7.585494e-03,7.294236e-03,7.076916e-03,6.851517e-03,6.611707e-03,1.523780e-02,1.384461e-02,1.245178e-02,1.105298e-02,9.627030e-03,8.146785e-03,6.617469e-03,5.118213e-03,3.777403e-03,2.723550e-03,1.894755e-03,1.251935e-03,7.659219e-04,4.127716e-04,1.499934e-04,-2.236862e-05,-1.191004e-04,-1.609554e-04,-1.625119e-04,-1.388649e-04,-1.071302e-04,-9.995092e-05,-1.283317e-04,-1.590143e-04,-1.441713e-04,-7.722757e-05,2.204249e-05,1.411377e-04,2.799867e-04,4.339569e-04,6.021940e-04,7.773775e-04,9.512684e-04,-5.657608e-02,-4.467511e-02,-3.269419e-02,-2.178737e-02,-1.307406e-02,-6.294644e-03,-1.331975e-03,2.047872e-03,4.112185e-03,5.119437e-03,5.329925e-03,4.987190e-03,4.331567e-03,3.559194e-03,2.813012e-03,2.184613e-03,1.667995e-03,1.260338e-03,9.663216e-04,8.002112e-04,7.288532e-04,7.002887e-04,6.895238e-04,6.940899e-04,7.064584e-04,7.207711e-04,7.567605e-04,8.301609e-04,9.277994e-04,1.034336e-03,1.136900e-03,1.231797e-03,1.325414e-03,-4.325250e-04,-3.698986e-04,-3.068923e-04,-2.495130e-04,-1.998911e-04,-1.365087e-04,-1.135008e-04,-1.724825e-04,-2.995752e-04,-4.168777e-04,-4.723661e-04,-4.732590e-04,-4.142529e-04,-2.182957e-04,9.956646e-05,3.519068e-04,4.384960e-04,4.043378e-04,2.831066e-04,9.593732e-05,-1.519748e-04,-3.696559e-04,-5.137277e-04,-6.267529e-04,-7.910457e-04,-9.622038e-04,-1.012765e-03,-8.512363e-04,-4.069211e-04,2.869825e-04,1.063896e-03,1.817397e-03,2.571401e-03,4.577192e-03,2.224143e-03,-1.733134e-04,-2.067815e-03,-3.049217e-03,-3.398884e-03,-3.346088e-03,-3.075342e-03,-2.707936e-03,-2.327105e-03,-1.998060e-03,-1.687171e-03,-1.365938e-03,-1.077623e-03,-9.756489e-04,-1.088468e-03,-1.217270e-03,-1.265514e-03,-1.292798e-03,-1.424937e-03,-1.626031e-03,-1.774852e-03,-1.841592e-03,-1.825060e-03,-1.733618e-03,-1.569503e-03,-1.432421e-03,-1.380035e-03,-1.351490e-03,-1.159727e-03,-7.342945e-04,-2.038997e-04,3.189591e-04
-1.839484e-05,-3.036763e-04,-1.325568e-03,8.388302e-02,7.274655e-02,6.369317e-02,4.257277e-02,2.645809e-02,1.458564e-02,8.195259e-03,5.925117e-03,5.854518e-03,6.645299e-03,7.785272e-03,8.403802e-03,8.365980e-03,7.910600e-03,7.622692e-03,7.727948e-03,8.088319e-03,8.607642e-03,8.925976e-03,9.171347e-03,9.283973e-03,9.246819e-03,9.277187e-03,9.154205e-03,9.010837e-03,8.797980e-03,8.378981e-03,8.007822e-03,7.679298e-03,7.405973e-03,7.205231e-03,6.994899e-03,6.770448e-03,9.348058e-03,8.253457e-03,7.159333e-03,6.060064e-03,4.944097e-03,3.775308e-03,2.716444e-03,1.874688e-03,1.255338e-03,8.455207e-04,5.667964e-04,3.695583e-04,2.276933e-04,1.336355e-04,6.522893e-05,2.590903e-05,1.304306e-05,1.688686e-05,3.084387e-05,4.852700e-05,6.136829e-05,4.313598e-05,-1.204791e-05,-6.758418e-05,-7.376782e-05,-2.524558e-05,5.713586e-05,1.602688e-04,2.837325e-04,4.229312e-04,5.764968e-04,7.368949e-04,8.960177e-04,-2.441990e-02,-1.785864e-02,-1.123871e-02,-5.389586e-03,-1.100488e-03,1.826796e-03,3.664033e-03,4.660890e-03,4.980350e-03,4.803510e-03,4.308000e-03,3.646792e-03,2.954386e-03,2.318704e-03,1.788975e-03,1.387344e-03,1.081397e-03,8.452644e-04,6.843145e-04,6.160881e-04,6.147908e-04,6.337602e-04,6.518004e-04,6.694569e-04,6.823548e-04,6.878363e-04,7.087114e-04,7.634506e-04,8.406572e-04,9.257499e-04,1.006424e-03,1.079318e-03,1.150958e-03,-5.037518e-04,-4.283940e-04,-3.529915e-04,-2.789940e-04,-2.045287e-04,-9.862892e-05,-6.771746e-05,-1.655716e-04,-3.469202e-04,-4.944055e-04,-5.608077e-04,-5.569374e-04,-4.822416e-04,-2.652635e-04,7.094316e-05,3.384947e-04,4.344044e-04,4.044039e-04,2.845019e-04,9.721983e-05,-1.511494e-04,-3.681811e-04,-5.107474e-04,-6.226313e-04,-7.878094e-04,-9.616576e-04,-1.015402e-03,-8.564893e-04,-4.130333e-04,2.824547e-04,1.061267e-03,1.816248e-03,2.571800e-03,3.069849e-03,1.275123e-03,-5.556317e-04,-1.985447e-03,-2.683858e-03,-2.844134e-03,-2.718542e-03,-2.478397e-03,-2.189957e-03,-1.913273e-03,-1.699919e-03,-1.502997e-03,-1.279186e-03,-1.061612e-03,-1.000760e-03,-1.124747e-03,-1.242991e-03,-1.260531e-03,-1.249432e-03,-1.343278e-03,-1.512346e-03,-1.637357e-03,-1.688016e-03,-1.663854e-03,-1.571346e-03,-1.410530e-03,-1.281171e-03,-1.239007e-03,-1.221724e-03,-1.038770e-03,-6.182041e-04,-9.230394e-05,4.259587e-04
-2.136901e-05,-2.616330e-04,-1.313916e-03,1.752815e-02,3.018016e-02,4.257277e-02,5.339785e-02,4.331987e-02,3.073035e-02,1.982195e-02,1.258431e-02,8.478987e-03,6.865586e-03,6.832817e-03,7.109381e-03,7.261783e-03,7.299288e-03,7.406951e-03,7.639514e-03,8.007467e-03,8.530934e-03,8.858874e-03,9.111187e-03,9.237881e-03,9.204865e-03,9.220959e-03,9.078239e-03,8.921944e-03,8.699427e-03,8.279913e-03,7.918834e-03,7.609567e-03,7.356286e-03,7.173725e-03,6.981198e-03,6.775058e-03,6.117931e-03,5.031745e-03,3.946152e-03,2.855950e-03,1.759205e-03,6.114766e-04,-2.655998e-04,-7.177445e-04,-8.401127e-04,-7.848784e-04,-6.472086e-04,-4.911596e-04,-3.462557e-04,-2.131161e-04,-1.022712e-04,-1.253065e-05,5.998686e-05,1.152025e-04,1.535291e-04,1.762225e-04,1.822082e-04,1.511123e-04,8.125090e-05,1.112095e-05,-8.936790e-06,2.540902e-05,9.306359e-05,1.809729e-04,2.887742e-04,4.122640e-04,5.498185e-04,6.939835e-04,8.369109e-04,-8.211744e-04,1.675289e-03,4.210240e-03,6.212604e-03,7.160424e-03,7.179254e-03,6.682321e-03,5.937776e-03,5.018857e-03,4.041578e-03,3.113585e-03,2.312524e-03,1.685372e-03,1.231973e-03,9.269262e-04,7.384823e-04,6.188236e-04,5.283771e-04,4.760745e-04,4.844688e-04,5.349751e-04,5.866736e-04,6.221834e-04,6.446770e-04,6.526423e-04,6.462864e-04,6.505470e-04,6.857617e-04,7.421175e-04,8.057727e-04,8.649448e-04,9.165056e-04,9.668571e-04,-6.073582e-04,-5.138122e-04,-4.205853e-04,-3.246680e-04,-2.192160e-04,-6.262756e-05,-1.084407e-05,-1.334101e-04,-3.596520e-04,-5.344287e-04,-6.148763e-04,-6.134809e-04,-5.330592e-04,-3.074890e-04,3.415764e-05,3.075347e-04,4.094357e-04,3.845182e-04,2.695257e-04,8.734033e-05,-1.551435e-04,-3.661660e-04,-5.036536e-04,-6.115201e-04,-7.735136e-04,-9.456881e-04,-1.000681e-03,-8.468755e-04,-4.127893e-04,2.703621e-04,1.035387e-03,1.776636e-03,2.518513e-03,1.893827e-03,5.560085e-04,-8.090545e-04,-1.860163e-03,-2.335825e-03,-2.344808e-03,-2.162478e-03,-1.950897e-03,-1.729947e-03,-1.540771e-03,-1.423176e-03,-1.320692e-03,-1.178314e-03,-1.020091e-03,-9.911530e-04,-1.118640e-03,-1.223107e-03,-1.212996e-03,-1.169388e-03,-1.229794e-03,-1.369804e-03,-1.473746e-03,-1.511289e-03,-1.482528e-03,-1.392163e-03,-1.238357e-03,-1.119019e-03,-1.087121e-03,-1.080392e-03,-9.090716e-04,-5.013337e-04,9.938079e-06,5.136319e-04
-2.454831e-05,-2.327062e-04,-1.307870e-03,-1.205182e-02,7.087432e-03,2.645809e-02,4.331987e-02,5.452938e-02,4.360651e-02,3.153315e-02,2.032460e-02,1.256813e-02,8.352839e-03,6.695009e-03,6.195724e-03,6.259125e-03,6.652201e-03,7.149808e-03,7.585075e-03,8.014941e-03,8.537288e-03,8.843457e-03,9.085730e-03,9.220209e-03,9.190764e-03,9.198178e-03,9.043935e-03,8.878368e-03,8.644955e-03,8.221091e-03,7.865795e-03,7.570570e-03,7.333148e-03,7.168090e-03,6.994768e-03,6.808053e-03,5.392034e-03,4.092914e-03,2.794475e-03,1.491969e-03,1.914228e-04,-1.156680e-03,-2.102809e-03,-2.429142e-03,-2.293675e-03,-1.990089e-03,-1.617328e-03,-1.244953e-03,-9.048702e-04,-6.026689e-04,-3.463655e-04,-1.446155e-04,5.302596e-06,1.110435e-04,1.789741e-04,2.167755e-04,2.295203e-04,2.009941e-04,1.316621e-04,6.038147e-05,3.758918e-05,6.660875e-05,1.263836e-04,2.043894e-04,3.010237e-04,4.128878e-04,5.384881e-04,6.705954e-04,8.014821e-04,9.640402e-03,9.723314e-03,9.827260e-03,9.613158e-03,8.779917e-03,7.348932e-03,5.808407e-03,4.420363e-03,3.179893e-03,2.142067e-03,1.350956e-03,8.164390e-04,5.135754e-04,3.852945e-04,3.649767e-04,3.959403e-04,4.376811e-04,4.565846e-04,4.736445e-04,5.228435e-04,5.934239e-04,6.504752e-04,6.804896e-04,6.891174e-04,6.776122e-04,6.489125e-04,6.296783e-04,6.415305e-04,6.753472e-04,7.172543e-04,7.552694e-04,7.860655e-04,8.156714e-04,-7.077372e-04,-5.979079e-04,-4.887159e-04,-3.730439e-04,-2.391332e-04,-3.635844e-05,4.040279e-05,-9.808199e-05,-3.645360e-04,-5.619712e-04,-6.537839e-04,-6.560051e-04,-5.749518e-04,-3.464371e-04,-3.682608e-06,2.724557e-04,3.792515e-04,3.596784e-04,2.502566e-04,7.352841e-05,-1.636721e-04,-3.700610e-04,-5.040261e-04,-6.092645e-04,-7.693064e-04,-9.404123e-04,-9.959755e-04,-8.449722e-04,-4.162329e-04,2.598199e-04,1.016799e-03,1.749940e-03,2.483756e-03,1.070526e-03,8.565519e-05,-9.186703e-04,-1.689656e-03,-2.027395e-03,-1.957522e-03,-1.763512e-03,-1.596931e-03,-1.442886e-03,-1.329113e-03,-1.287080e-03,-1.252039e-03,-1.159140e-03,-1.029084e-03,-1.006677e-03,-1.120529e-03,-1.202125e-03,-1.164053e-03,-1.093515e-03,-1.130621e-03,-1.252986e-03,-1.345938e-03,-1.378213e-03,-1.349543e-03,-1.263246e-03,-1.116273e-03,-1.005441e-03,-9.820307e-04,-9.837882e-04,-8.213252e-04,-4.228266e-04,7.809251e-05,5.714591e-04
-2.876260e-05,-2.123333e-04,-1.304965e-03,-1.925132e-02,-2.331075e-03,1.458564e-02,3.073035e-02,4.360651e-02,5.315380e-02,4.307190e-02,3.074407e-02,1.947856e-02,1.216197e-02,8.028466e-03,6.075380e-03,5.610075e-03,6.060849e-03,6.758367e-03,7.355719e-03,7.899491e-03,8.473049e-03,8.793034e-03,9.052736e-03,9.219526e-03,9.207902e-03,9.210440e-03,9.042110e-03,8.862480e-03,8.613474e-03,8.180379e-03,7.825919e-03,7.541836e-03,7.322551e-03,7.179701e-03,7.029775e-03,6.866599e-03,-2.869431e-03,-3.358164e-03,-3.846255e-03,-4.337561e-03,-4.822127e-03,-5.346070e-03,-5.441750e-03,-4.893120e-03,-3.932168e-03,-3.016381e-03,-2.212607e-03,-1.544322e-03,-9.988813e-04,-5.593877e-04,-2.085654e-04,4.717630e-05,2.175649e-04,3.183399e-04,3.639385e-04,3.701883e-04,3.500443e-04,2.919413e-04,1.985446e-04,1.085698e-04,7.191376e-05,9.003741e-05,1.407724e-04,2.109482e-04,3.004942e-04,4.057649e-04,5.249183e-04,6.505088e-04,7.748911e-04,1.212558e-02,1.089146e-02,9.665407e-03,8.286941e-03,6.626989e-03,4.660829e-03,2.877183e-03,1.500958e-03,4.706365e-04,-2.101254e-04,-5.447180e-04,-5.941851e-04,-4.539816e-04,-2.127561e-04,4.506613e-05,2.614297e-04,4.189773e-04,5.040733e-04,5.529496e-04,6.121164e-04,6.795591e-04,7.259552e-04,7.408024e-04,7.309785e-04,6.993389e-04,6.503555e-04,6.115363e-04,6.048976e-04,6.213643e-04,6.466888e-04,6.685785e-04,6.835355e-04,6.973093e-04,-6.418270e-04,-5.396816e-04,-4.381942e-04,-3.300563e-04,-2.057915e-04,-1.897356e-05,2.498530e-05,-1.678980e-04,-4.926912e-04,-7.019626e-04,-7.753681e-04,-7.459146e-04,-6.332016e-04,-3.783114e-04,-2.003856e-05,2.652363e-04,3.770042e-04,3.598493e-04,2.517381e-04,7.576048e-05,-1.611575e-04,-3.677252e-04,-5.025671e-04,-6.089541e-04,-7.702833e-04,-9.427705e-04,-1.000174e-03,-8.519243e-04,-4.271151e-04,2.442727e-04,9.961282e-04,1.724105e-03,2.452789e-03,4.802999e-04,-2.280636e-04,-9.500823e-04,-1.501259e-03,-1.733265e-03,-1.628054e-03,-1.454558e-03,-1.343664e-03,-1.256042e-03,-1.210100e-03,-1.235142e-03,-1.254840e-03,-1.192211e-03,-1.070158e-03,-1.036542e-03,-1.124582e-03,-1.176686e-03,-1.110815e-03,-1.017815e-03,-1.038621e-03,-1.151281e-03,-1.240569e-03,-1.273662e-03,-1.249142e-03,-1.169011e-03,-1.029236e-03,-9.259877e-04,-9.095056e-04,-9.176567e-04,-7.613298e-04,-3.687877e-04,1.255324e-04,6.123061e-04
-2.586622e-05,-1.960806e-04,-1.291482e-03,-1.567590e-02,-3.739716e-03,8.195259e-03,1.982195e-02,3.153315e-02,4.307190e-02,5.297012e-02,4.183223e-02,2.952892e-02,1.897742e-02,1.167691e-02,7.470402e-03,5.802510e-03,5.722457e-03,6.226262e-03,6.850929e-03,7.528903e-03,8.217515e-03,8.612874e-03,8.923508e-03,9.131263e-03,9.141069e-03,9.144682e-03,8.969322e-03,8.780174e-03,8.522151e-03,8.085072e-03,7.729739e-03,7.450286e-03,7.242232e-03,7.112853e-03,6.976396e-03,6.826971e-03,-1.063418e-02,-1.013306e-02,-9.631456e-03,-9.132043e-03,-8.625170e-03,-8.145657e-03,-7.295952e-03,-5.873071e-03,-4.148241e-03,-2.750650e-03,-1.708136e-03,-9.602789e-04,-4.138705e-04,-1.939786e-05,2.720857e-04,4.601275e-04,5.604672e-04,5.904987e-04,5.682055e-04,5.125638e-04,4.397103e-04,3.393950e-04,2.143348e-04,1.019539e-04,5.052322e-05,5.987442e-05,1.064367e-04,1.757380e-04,2.662437e-04,3.732745e-04,4.944006e-04,6.218272e-04,7.480719e-04,1.055398e-02,8.992970e-03,7.432665e-03,5.817717e-03,4.115772e-03,2.284590e-03,7.329841e-04,-3.607882e-04,-1.064917e-03,-1.391433e-03,-1.346433e-03,-1.051964e-03,-6.609878e-04,-2.565143e-04,8.718309e-05,3.315791e-04,4.851043e-04,5.553711e-04,5.850002e-04,6.233596e-04,6.719405e-04,7.029830e-04,7.062190e-04,6.878507e-04,6.502590e-04,5.973881e-04,5.560604e-04,5.474178e-04,5.620758e-04,5.856434e-04,6.058453e-04,6.192690e-04,6.315257e-04,-4.536307e-04,-3.775757e-04,-3.019981e-04,-2.219350e-04,-1.331301e-04,-1.412831e-06,-1.422151e-05,-2.673634e-04,-6.500579e-04,-8.607893e-04,-8.957283e-04,-8.134567e-04,-6.544677e-04,-3.657292e-04,9.761409e-06,3.020573e-04,4.150812e-04,3.964178e-04,2.857318e-04,1.072572e-04,-1.314862e-04,-3.396598e-04,-4.762161e-04,-5.839894e-04,-7.457129e-04,-9.184217e-04,-9.774502e-04,-8.332477e-04,-4.155453e-04,2.463006e-04,9.876774e-04,1.705512e-03,2.424053e-03,2.731856e-04,-2.886266e-04,-8.605756e-04,-1.301434e-03,-1.497653e-03,-1.418440e-03,-1.292913e-03,-1.227445e-03,-1.178783e-03,-1.166617e-03,-1.229993e-03,-1.278009e-03,-1.219651e-03,-1.085998e-03,-1.029587e-03,-1.089646e-03,-1.117518e-03,-1.036052e-03,-9.347035e-04,-9.508612e-04,-1.061831e-03,-1.152254e-03,-1.188545e-03,-1.168851e-03,-1.094556e-03,-9.612764e-04,-8.642046e-04,-8.524854e-04,-8.647386e-04,-7.136683e-04,-3.283942e-04,1.572824e-04,6.354970e-04
-1.944269e-05,-1.912282e-04,-1.289299e-03,-7.357888e-03,-7.022526e-04,5.925117e-03,1.258431e-02,2.032460e-02,3.074407e-02,4.183223e-02,5.055776e-02,4.027115e-02,2.911372e-02,1.851059e-02,1.139941e-02,7.627319e-03,6.142742e-03,5.843211e-03,6.251673e-03,7.037288e-03,7.894700e-03,8.430555e-03,8.832033e-03,9.087373e-03,9.121111e-03,9.140608e-03,8.975005e-03,8.784994e-03,8.523205e-03,8.080430e-03,7.714588e-03,7.423784e-03,7.209413e-03,7.075237e-03,6.933801e-03,6.779504e-03,-1.201210e-02,-1.090234e-02,-9.792297e-03,-8.683426e-03,-7.568918e-03,-6.468874e-03,-5.121334e-03,-3.370175e-03,-1.487107e-03,-1.857227e-04,5.474759e-04,8.937394e-04,1.051023e-03,1.086304e-03,1.071239e-03,1.010331e-03,9.175799e-04,7.999082e-04,6.689709e-04,5.364704e-04,4.116522e-04,2.782677e-04,1.339415e-04,1.260150e-05,-4.009192e-05,-2.527920e-05,3.192796e-05,1.155187e-04,2.222200e-04,3.460603e-04,4.842050e-04,6.285936e-04,7.718126e-04,7.009964e-03,5.785929e-03,4.559431e-03,3.325210e-03,2.094987e-03,8.391888e-04,-1.650090e-04,-7.983148e-04,-1.107785e-03,-1.104045e-03,-7.717423e-04,-3.007603e-04,1.029416e-04,4.079060e-04,5.947926e-04,6.736149e-04,6.791116e-04,6.394718e-04,5.920186e-04,5.766009e-04,5.900381e-04,6.004108e-04,5.944456e-04,5.761960e-04,5.457319e-04,5.046930e-04,4.781914e-04,4.855317e-04,5.163807e-04,5.561129e-04,5.924279e-04,6.220109e-04,6.504277e-04,-1.933296e-04,-1.573195e-04,-1.214863e-04,-8.479235e-05,-5.016065e-05,4.696332e-07,-8.317034e-05,-3.876390e-04,-8.041494e-04,-9.993057e-04,-9.796012e-04,-8.353524e-04,-6.313374e-04,-3.128490e-04,7.663556e-05,3.711113e-04,4.787340e-04,4.515223e-04,3.310596e-04,1.432971e-04,-1.031225e-04,-3.169599e-04,-4.569384e-04,-5.662693e-04,-7.280099e-04,-9.002950e-04,-9.592310e-04,-8.154581e-04,-3.986711e-04,2.620210e-04,1.002083e-03,1.718787e-03,2.436183e-03,2.929070e-04,-2.157659e-04,-7.329866e-04,-1.139333e-03,-1.342561e-03,-1.323785e-03,-1.260758e-03,-1.235550e-03,-1.214566e-03,-1.222767e-03,-1.313824e-03,-1.372314e-03,-1.288518e-03,-1.112600e-03,-1.013059e-03,-1.040426e-03,-1.049391e-03,-9.652766e-04,-8.712215e-04,-8.979626e-04,-1.019629e-03,-1.118972e-03,-1.161999e-03,-1.147260e-03,-1.076486e-03,-9.456912e-04,-8.504421e-04,-8.397652e-04,-8.526561e-04,-7.021734e-04,-3.178234e-04,1.665954e-04,6.435812e-04
-4.554506e-06,-1.967942e-04,-1.271737e-03,8.943773e-04,3.389699e-03,5.854518e-03,8.478987e-03,1.256813e-02,1.947856e-02,2.952892e-02,4.027115e-02,5.042111e-02,4.071117e-02,2.867380e-02,1.812326e-02,1.131661e-02,7.393155e-03,5.575035e-03,5.437070e-03,6.250357e-03,7.299959e-03,8.031918e-03,8.570492e-03,8.900287e-03,8.975543e-03,9.024410e-03,8.879487e-03,8.694577e-03,8.435406e-03,7.992620e-03,7.615791e-03,7.308502e-03,7.081956e-03,6.935775e-03,6.781500e-03,6.614565e-03,-8.797177e-03,-7.440189e-03,-6.083088e-03,-4.726379e-03,-3.366244e-03,-2.011034e-03,-5.334296e-04,1.136982e-03,2.722753e-03,3.551567e-03,3.659810e-03,3.366052e-03,2.971111e-03,2.516774e-03,2.081879e-03,1.683957e-03,1.334610e-03,1.024671e-03,7.556914e-04,5.278850e-04,3.396635e-04,1.667185e-04,1.235739e-07,-1.307357e-04,-1.838417e-04,-1.610321e-04,-8.898410e-05,1.438962e-05,1.434452e-04,2.903742e-04,4.518331e-04,6.194272e-04,7.858759e-04,3.214318e-03,2.475045e-03,1.732466e-03,1.003996e-03,3.252804e-04,-2.869345e-04,-6.600111e-04,-7.305180e-04,-5.413705e-04,-1.177915e-04,5.628760e-04,1.206799e-03,1.531614e-03,1.586337e-03,1.458661e-03,1.238845e-03,9.925000e-04,7.724150e-04,6.028531e-04,5.049646e-04,4.665876e-04,4.489797e-04,4.338627e-04,4.215202e-04,4.080249e-04,3.910025e-04,3.924592e-04,4.287144e-04,4.881052e-04,5.559247e-04,6.200671e-04,6.774559e-04,7.336859e-04,1.140945e-04,9.985020e-05,8.573828e-05,6.860815e-05,3.863192e-05,-4.546187e-07,-1.601894e-04,-5.018877e-04,-9.153639e-04,-1.078856e-03,-9.984294e-04,-7.983745e-04,-5.654229e-04,-2.308225e-04,1.657681e-04,4.591933e-04,5.612987e-04,5.274869e-04,3.997710e-04,2.054103e-04,-4.587089e-05,-2.635588e-04,-4.061780e-04,-5.167550e-04,-6.774306e-04,-8.480157e-04,-9.067600e-04,-7.652364e-04,-3.537333e-04,2.989786e-04,1.030267e-03,1.738888e-03,2.448140e-03,2.606588e-04,-1.966142e-04,-6.618893e-04,-1.026462e-03,-1.213054e-03,-1.229339e-03,-1.214107e-03,-1.231197e-03,-1.255333e-03,-1.309902e-03,-1.456318e-03,-1.539019e-03,-1.420453e-03,-1.178141e-03,-1.012174e-03,-9.925958e-04,-9.780937e-04,-8.975363e-04,-8.217890e-04,-8.692687e-04,-1.008965e-03,-1.122079e-03,-1.174757e-03,-1.165987e-03,-1.098507e-03,-9.695016e-04,-8.742205e-04,-8.617004e-04,-8.721387e-04,-7.212465e-04,-3.400417e-04,1.399476e-04,6.126405e-04
5.847012e-06,-2.110181e-04,-1.244830e-03,6.484601e-03,6.578532e-03,6.645299e-03,6.865586e-03,8.352839e-03,1.216197e-02,1.897742e-02,2.911372e-02,4.071117e-02,5.010317e-02,3.887138e-02,2.712702e-02,1.690518e-02,9.799599e-03,5.748252e-03,4.625179e-03,5.270263e-03,6.478509e-03,7.447327e-03,8.174441e-03,8.632081e-03,8.781488e-03,8.859677e-03,8.717881e-03,8.530672e-03,8.280554e-03,7.847064e-03,7.464673e-03,7.145368e-03,6.913186e-03,6.758404e-03,6.589799e-03,6.408965e-03,-6.682661e-03,-5.288324e-03,-3.893972e-03,-2.499625e-03,-1.103524e-03,2.926367e-04,1.734336e-03,3.239529e-03,4.577800e-03,5.225622e-03,5.144799e-03,4.705811e-03,4.233100e-03,3.669028e-03,3.074922e-03,2.514496e-03,2.017517e-03,1.569756e-03,1.173915e-03,8.299282e-04,5.366679e-04,2.721239e-04,3.036710e-05,-1.576847e-04,-2.506251e-04,-2.503779e-04,-1.859085e-04,-7.868601e-05,6.092712e-05,2.212941e-04,3.972738e-04,5.791969e-04,7.600156e-04,5.408399e-04,3.873421e-04,2.310501e-04,8.884334e-05,-5.381165e-06,-1.475653e-05,1.582292e-04,5.411967e-04,1.100191e-03,1.802331e-03,2.682131e-03,3.345658e-03,3.427624e-03,3.054206e-03,2.463849e-03,1.842063e-03,1.273962e-03,8.298965e-04,5.132275e-04,3.189776e-04,2.261443e-04,1.882985e-04,1.800231e-04,1.946343e-04,2.212223e-04,2.503835e-04,2.993965e-04,3.808293e-04,4.819891e-04,5.886700e-04,6.899050e-04,7.836509e-04,8.762609e-04,2.537281e-04,2.228890e-04,1.923245e-04,1.570252e-04,1.046106e-04,3.197280e-05,-1.462533e-04,-4.741310e-04,-8.555327e-04,-1.019216e-03,-9.406392e-04,-7.545550e-04,-5.517778e-04,-2.335930e-04,1.657192e-04,4.671442e-04,5.783130e-04,5.546468e-04,4.363160e-04,2.503758e-04,6.681782e-06,-2.060663e-04,-3.469467e-04,-4.579689e-04,-6.190785e-04,-7.907816e-04,-8.532215e-04,-7.190109e-04,-3.191099e-04,3.181710e-04,1.033248e-03,1.726687e-03,2.420666e-03,2.827149e-04,-1.618967e-04,-6.144651e-04,-9.692393e-04,-1.156486e-03,-1.201393e-03,-1.218070e-03,-1.263493e-03,-1.324824e-03,-1.424283e-03,-1.627919e-03,-1.737774e-03,-1.582173e-03,-1.260352e-03,-1.018680e-03,-9.512202e-04,-9.167638e-04,-8.464854e-04,-7.958436e-04,-8.683308e-04,-1.028875e-03,-1.158473e-03,-1.223739e-03,-1.223288e-03,-1.160507e-03,-1.033344e-03,-9.360348e-04,-9.178381e-04,-9.209922e-04,-7.657089e-04,-3.852400e-04,9.242937e-05,5.629859e-04
1.145511e-05,-2.266172e-04,-1.209153e-03,9.776224e-03,8.788600e-03,7.785272e-03,6.832817e-03,6.695009e-03,8.028466e-03,1.167691e-02,1.851059e-02,2.867380e-02,3.887138e-02,4.714526e-02,3.669042e-02,2.505044e-02,1.418205e-02,7.077135e-03,4.233432e-03,4.293088e-03,5.492156e-03,6.677639e-03,7.617554e-03,8.242273e-03,8.499162e-03,8.620297e-03,8.479712e-03,8.293840e-03,8.067665e-03,7.656736e-03,7.272452e-03,6.939774e-03,6.700454e-03,6.530496e-03,6.335617e-03,6.129257e-03,-7.170327e-03,-5.704318e-03,-4.238325e-03,-2.772262e-03,-1.305504e-03,1.629141e-04,1.639196e-03,3.106854e-03,4.394080e-03,5.166416e-03,5.334585e-03,5.234879e-03,5.112078e-03,4.750670e-03,4.175230e-03,3.554686e-03,2.971045e-03,2.411015e-03,1.885297e-03,1.400092e-03,9.615484e-04,5.576758e-04,1.933602e-04,-9.373270e-05,-2.604946e-04,-3.078958e-04,-2.678570e-04,-1.671080e-04,-2.329311e-05,1.460651e-04,3.328074e-04,5.251819e-04,7.165154e-04,-1.459844e-03,-7.160594e-04,2.610395e-05,7.703012e-04,1.530565e-03,2.326069e-03,3.188815e-03,4.100947e-03,5.004879e-03,5.836412e-03,6.600280e-03,6.870577e-03,6.286655e-03,5.083828e-03,3.717830e-03,2.491663e-03,1.474938e-03,7.312197e-04,2.270678e-04,-8.250265e-05,-2.313791e-04,-2.768505e-04,-2.550005e-04,-1.833169e-04,-8.347836e-05,2.430523e-05,1.505195e-04,3.028516e-04,4.679070e-04,6.327494e-04,7.886837e-04,9.356436e-04,1.081514e-03,2.820435e-04,2.528996e-04,2.240592e-04,1.902167e-04,1.391902e-04,6.606556e-05,-9.904522e-05,-3.870790e-04,-7.191292e-04,-8.893415e-04,-8.537432e-04,-7.369497e-04,-6.075078e-04,-3.236343e-04,8.867574e-05,4.161019e-04,5.519594e-04,5.515705e-04,4.534347e-04,2.847721e-04,5.608015e-05,-1.462448e-04,-2.826304e-04,-3.936344e-04,-5.561160e-04,-7.309777e-04,-8.003769e-04,-6.782065e-04,-2.961377e-04,3.183071e-04,1.009656e-03,1.680682e-03,2.352139e-03,4.595145e-04,-1.911563e-05,-5.057513e-04,-8.956096e-04,-1.125120e-03,-1.227649e-03,-1.303083e-03,-1.404003e-03,-1.521793e-03,-1.667491e-03,-1.890624e-03,-1.973089e-03,-1.732884e-03,-1.291101e-03,-9.569963e-04,-8.507584e-04,-8.149555e-04,-7.747045e-04,-7.655330e-04,-8.730374e-04,-1.059786e-03,-1.208934e-03,-1.288786e-03,-1.298012e-03,-1.240604e-03,-1.114897e-03,-1.013594e-03,-9.860376e-04,-9.773674e-04,-8.139603e-04,-4.318810e-04,4.536823e-05,5.157335e-04
1.759731e-05,-2.441085e-04,-1.141353e-03,1.087110e-02,9.639729e-03,8.403802e-03,7.109381e-03,6.195724e-03,6.075380e-03,7.470402e-03,1.139941e-02,1.812326e-02,2.712702e-02,3.669042e-02,4.532970e-02,3.399310e-02,2.113644e-02,1.037628e-02,4.939074e-03,3.636939e-03,4.380022e-03,5.583174e-03,6.683587e-03,7.491843e-03,7.898163e-03,8.110050e-03,8.014350e-03,7.849744e-03,7.646766e-03,7.258692e-03,6.878023e-03,6.542058e-03,6.305299e-03,6.130378e-03,5.922844e-03,5.704699e-03,-9.692444e-03,-7.955979e-03,-6.219528e-03,-4.483075e-03,-2.746431e-03,-1.008325e-03,7.274894e-04,2.428905e-03,3.969320e-03,5.152226e-03,5.848386e-03,6.278469e-03,6.549458e-03,6.313492e-03,5.594250e-03,4.746880e-03,3.956668e-03,3.204528e-03,2.501938e-03,1.853963e-03,1.266745e-03,7.348419e-04,2.686676e-04,-9.383676e-05,-3.133354e-04,-3.920835e-04,-3.650577e-04,-2.634882e-04,-1.110714e-04,7.005632e-05,2.695449e-04,4.742644e-04,6.780240e-04,-2.517444e-03,-1.008919e-03,4.990496e-04,1.996011e-03,3.473930e-03,4.918921e-03,6.316423e-03,7.608739e-03,8.704148e-03,9.504800e-03,9.967067e-03,9.703704e-03,8.405539e-03,6.387875e-03,4.342363e-03,2.677055e-03,1.386374e-03,4.872703e-04,-9.371127e-05,-4.418090e-04,-6.000972e-04,-6.292431e-04,-5.703261e-04,-4.473477e-04,-2.881519e-04,-1.192861e-04,6.518813e-05,2.695117e-04,4.803666e-04,6.864156e-04,8.812030e-04,1.066135e-03,1.250041e-03,2.818149e-04,2.669755e-04,2.524293e-04,2.330118e-04,1.971253e-04,1.391935e-04,-3.927990e-06,-2.574093e-04,-5.595088e-04,-7.589763e-04,-8.026858e-04,-7.816815e-04,-7.236628e-04,-4.529746e-04,5.610009e-06,3.866361e-04,5.596868e-04,5.852036e-04,5.044220e-04,3.480504e-04,1.298274e-04,-6.723112e-05,-2.049132e-04,-3.202470e-04,-4.844309e-04,-6.598481e-04,-7.341437e-04,-6.252942e-04,-2.681904e-04,3.104753e-04,9.632714e-04,1.597584e-03,2.232201e-03,6.115034e-04,9.807090e-05,-4.231143e-04,-8.507504e-04,-1.128120e-03,-1.288255e-03,-1.421097e-03,-1.574314e-03,-1.737177e-03,-1.907785e-03,-2.109660e-03,-2.136717e-03,-1.812491e-03,-1.261523e-03,-8.596108e-04,-7.498555e-04,-7.425025e-04,-7.487035e-04,-7.859776e-04,-9.226038e-04,-1.122865e-03,-1.278574e-03,-1.362127e-03,-1.372810e-03,-1.315716e-03,-1.190136e-03,-1.084604e-03,-1.047261e-03,-1.026946e-03,-8.604151e-04,-4.880362e-04,-2.497813e-05,4.316090e-04
2.200168e-05,-2.537782e-04,-1.079304e-03,1.029137e-02,9.327923e-03,8.365980e-03,7.261783e-03,6.259125e-03,5.610075e-03,5.802510e-03,7.627319e-03,1.131661e-02,1.690518e-02,2.505044e-02,3.399310e-02,4.114129e-02,2.888938e-02,1.685175e-02,8.367792e-03,4.785765e-03,4.182173e-03,4.811830e-03,5.769841e-03,6.631602e-03,7.163509e-03,7.523284e-03,7.559742e-03,7.458218e-03,7.259123e-03,6.869340e-03,6.495784e-03,6.174321e-03,5.948140e-03,5.785103e-03,5.598624e-03,5.401599e-03,-1.087685e-02,-9.000825e-03,-7.124806e-03,-5.248882e-03,-3.372923e-03,-1.496241e-03,3.829321e-04,2.239437e-03,3.985240e-03,5.497244e-03,6.612512e-03,7.382402e-03,7.760103e-03,7.342341e-03,6.200831e-03,4.925686e-03,3.841322e-03,2.907049e-03,2.112039e-03,1.438437e-03,8.698507e-04,3.905956e-04,-3.279875e-06,-2.901403e-04,-4.439840e-04,-4.717979e-04,-4.084021e-04,-2.826101e-04,-1.143154e-04,7.807296e-05,2.867067e-04,5.004590e-04,7.132737e-04,-2.132308e-03,-5.903873e-04,9.516387e-04,2.471278e-03,3.944803e-03,5.339592e-03,6.626795e-03,7.742401e-03,8.592219e-03,9.079936e-03,9.140489e-03,8.504449e-03,6.967043e-03,4.838233e-03,2.909906e-03,1.587715e-03,6.949279e-04,1.351873e-04,-1.792194e-04,-3.393233e-04,-3.826541e-04,-3.522598e-04,-2.755747e-04,-1.659122e-04,-3.974956e-05,8.741094e-05,2.273937e-04,3.882499e-04,5.583782e-04,7.270119e-04,8.873080e-04,1.039258e-03,1.190205e-03,2.608770e-04,2.642292e-04,2.678451e-04,2.669131e-04,2.505619e-04,2.134258e-04,9.325574e-05,-1.376178e-04,-4.335559e-04,-6.771281e-04,-8.099957e-04,-8.751598e-04,-8.548553e-04,-5.583950e-04,-1.871351e-05,4.366753e-04,6.452164e-04,6.799466e-04,5.928865e-04,4.234013e-04,1.922460e-04,-1.922102e-05,-1.720578e-04,-2.986840e-04,-4.648469e-04,-6.352191e-04,-7.044204e-04,-5.960613e-04,-2.502357e-04,3.060378e-04,9.328270e-04,1.542132e-03,2.151697e-03,6.523688e-04,1.175476e-04,-4.247587e-04,-8.751957e-04,-1.178841e-03,-1.364143e-03,-1.514003e-03,-1.672497e-03,-1.827370e-03,-1.970714e-03,-2.106469e-03,-2.070646e-03,-1.716869e-03,-1.151564e-03,-7.821460e-04,-7.534913e-04,-8.227856e-04,-8.742919e-04,-9.287732e-04,-1.056042e-03,-1.229238e-03,-1.355078e-03,-1.411975e-03,-1.401044e-03,-1.329065e-03,-1.197041e-03,-1.088462e-03,-1.049116e-03,-1.028955e-03,-8.725309e-04,-5.229325e-04,-8.739765e-05,3.420279e-04
1.518892e-05,-2.682527e-04,-1.035630e-03,8.751412e-03,8.330139e-03,7.910600e-03,7.299288e-03,6.652201e-03,6.060849e-03,5.722457e-03,6.142742e-03,7.393155e-03,9.799599e-03,1.418205e-02,2.113644e-02,2.888938e-02,3.612673e-02,2.573050e-02,1.642089e-02,9.753435e-03,6.556080e-03,5.407263e-03,5.436973e-03,5.852986e-03,6.285218e-03,6.798224e-03,7.088458e-03,7.148922e-03,6.988648e-03,6.609879e-03,6.266498e-03,5.966364e-03,5.714576e-03,5.532356e-03,5.361215e-03,5.178038e-03,-6.762855e-03,-5.564981e-03,-4.367103e-03,-3.169384e-03,-1.971663e-03,-7.738361e-04,4.318836e-04,1.637072e-03,2.793110e-03,3.827602e-03,4.610644e-03,5.091206e-03,5.140704e-03,4.388873e-03,2.919407e-03,1.464291e-03,4.372893e-04,-2.430697e-04,-6.442498e-04,-8.383214e-04,-8.971648e-04,-8.719961e-04,-8.059561e-04,-7.091905e-04,-5.736364e-04,-4.061667e-04,-2.284339e-04,-5.043863e-05,1.314442e-04,3.182442e-04,5.134501e-04,7.143028e-04,9.141073e-04,-6.067215e-04,2.570609e-04,1.121262e-03,1.954074e-03,2.724875e-03,3.408146e-03,3.986752e-03,4.422642e-03,4.656698e-03,4.630839e-03,4.297312e-03,3.537434e-03,2.287934e-03,8.353411e-04,-9.773449e-05,-2.502089e-04,-6.914613e-05,1.647338e-04,3.994150e-04,6.050066e-04,7.563824e-04,8.448823e-04,8.748848e-04,8.633836e-04,8.245690e-04,7.733239e-04,7.379917e-04,7.384121e-04,7.657252e-04,8.073519e-04,8.512884e-04,8.917722e-04,9.312036e-04,1.841100e-04,1.941197e-04,2.043425e-04,2.107631e-04,2.041376e-04,1.812637e-04,8.207332e-05,-1.227354e-04,-3.971521e-04,-6.410053e-04,-8.043603e-04,-8.970234e-04,-8.744401e-04,-5.551798e-04,3.238081e-05,5.237622e-04,7.312485e-04,7.393548e-04,6.139763e-04,4.040555e-04,1.383869e-04,-1.021199e-04,-2.757841e-04,-4.105811e-04,-5.683992e-04,-7.172161e-04,-7.597010e-04,-6.263767e-04,-2.645845e-04,2.967318e-04,9.239324e-04,1.532803e-03,2.142043e-03,5.233004e-04,-1.594376e-05,-5.625375e-04,-1.015891e-03,-1.317621e-03,-1.491475e-03,-1.613605e-03,-1.725520e-03,-1.815717e-03,-1.877798e-03,-1.908809e-03,-1.798812e-03,-1.456395e-03,-9.810287e-04,-7.628191e-04,-9.139561e-04,-1.115439e-03,-1.207075e-03,-1.241201e-03,-1.320458e-03,-1.429209e-03,-1.491461e-03,-1.492385e-03,-1.436040e-03,-1.331901e-03,-1.183958e-03,-1.070457e-03,-1.034907e-03,-1.025287e-03,-8.899926e-04,-5.720911e-04,-1.721448e-04,2.218959e-04
