1.170760e-03,4.876976e-06,2.138707e-05,-3.014449e-04,-2.810235e-04,-2.569438e-04,-2.267879e-04,-2.240335e-04,-2.153630e-04,-1.952988e-04,-1.713746e-04,-1.351482e-04,-9.194372e-05,-6.578933e-05,-7.215504e-05,-1.098545e-04,-1.760056e-04,-2.299091e-04,-2.607215e-04,-2.601755e-04,-2.508890e-04,-2.331795e-04,-2.087456e-04,-1.908512e-04,-1.569815e-04,-1.272204e-04,-8.796406e-05,-4.782252e-05,-3.313467e-05,-5.492762e-05,-1.160149e-04,-2.159471e-04,-3.196440e-04,-4.339010e-04,-5.301801e-04,-6.277118e-04,-3.599450e-03,-3.616708e-03,-3.633910e-03,-3.648872e-03,-3.662986e-03,-3.678809e-03,-3.696166e-03,-3.714193e-03,-3.728935e-03,-3.742000e-03,-3.752541e-03,-3.759141e-03,-3.762221e-03,-3.759468e-03,-3.752448e-03,-3.743464e-03,-3.732754e-03,-3.723458e-03,-3.717161e-03,-3.711189e-03,-3.708599e-03,-3.710819e-03,-3.716530e-03,-3.722919e-03,-3.732496e-03,-3.745166e-03,-3.760077e-03,-3.777248e-03,-3.794580e-03,-3.812428e-03,-3.833944e-03,-3.855096e-03,-3.876300e-03,-3.022768e-04,-2.660319e-04,-2.297295e-04,-1.911733e-04,-1.516787e-04,-1.138548e-04,-7.691122e-05,-4.201067e-05,-1.280427e-05,1.272465e-05,3.392919e-05,5.105536e-05,6.176002e-05,6.542694e-05,6.462027e-05,5.833541e-05,4.732094e-05,3.454530e-05,2.166969e-05,5.898174e-06,-9.783410e-06,-2.464990e-05,-3.825834e-05,-4.792237e-05,-5.644207e-05,-6.379342e-05,-6.999779e-05,-7.294129e-05,-7.241092e-05,-7.087286e-05,-6.755319e-05,-6.152584e-05,-5.567119e-05,5.355854e-03,5.249141e-03,5.143640e-03,5.015980e-03,4.873196e-03,4.726618e-03,4.575324e-03,4.417686e-03,4.236438e-03,4.059546e-03,3.902156e-03,3.789020e-03,3.745587e-03,3.753316e-03,3.817479e-03,3.941286e-03,4.087258e-03,4.236581e-03,4.367745e-03,4.445486e-03,4.479265e-03,4.468562e-03,4.404739e-03,4.277354e-03,4.122072e-03,3.958908e-03,3.812166e-03,3.695773e-03,3.586514e-03,3.492552e-03,3.437987e-03,3.396949e-03,3.354484e-03,-1.159064e-03,-9.164128e-04,-6.732644e-04,-4.412618e-04,-2.217079e-04,-2.582400e-05,1.254462e-04,2.148933e-04,2.520063e-04,2.480658e-04,2.381910e-04,2.502508e-04,2.746782e-04,3.080064e-04,3.628359e-04,4.134729e-04,4.400820e-04,4.324833e-04,3.769793e-04,2.851705e-04,1.661934e-04,5.113236e-05,-2.906045e-05,-7.102158e-05,-7.618084e-05,-7.294827e-05,-8.690323e-05,-1.126137e-04,-1.590363e-04,-2.503193e-04,-3.712033e-04,-4.937791e-04,-6.158479e-04
4.876976e-06,9.577535e-04,4.086042e-05,-5.001888e-04,-4.710667e-04,-4.380306e-04,-3.951008e-04,-3.737255e-04,-3.522677e-04,-3.405545e-04,-3.244394e-04,-3.132955e-04,-3.194332e-04,-3.256825e-04,-3.550437e-04,-3.820313e-04,-3.882210e-04,-3.756208e-04,-3.755279e-04,-3.790315e-04,-3.661138e-04,-3.522995e-04,-3.384833e-04,-3.213382e-04,-3.097211e-04,-3.088019e-04,-2.943674e-04,-2.601782e-04,-2.388438e-04,-2.090341e-04,-2.006209e-04,-2.099642e-04,-2.530201e-04,-3.208747e-04,-3.619859e-04,-4.004694e-04,-1.765223e-04,-1.629435e-04,-1.492237e-04,-1.328772e-04,-1.146383e-04,-9.602922e-05,-7.582995e-05,-5.450203e-05,-3.433653e-05,-1.286970e-05,1.131804e-05,3.923437e-05,6.778578e-05,9.287857e-05,1.138603e-04,1.260892e-04,1.292578e-04,1.261130e-04,1.181463e-04,1.042040e-04,8.807958e-05,7.077967e-05,5.283589e-05,3.553927e-05,1.558990e-05,-1.034760e-05,-4.400608e-05,-8.338243e-05,-1.288617e-04,-1.829277e-04,-2.441062e-04,-3.061080e-04,-3.679663e-04,-2.702266e-03,-2.739397e-03,-2.776389e-03,-2.810733e-03,-2.843174e-03,-2.875038e-03,-2.905552e-03,-2.933253e-03,-2.954867e-03,-2.971941e-03,-2.985467e-03,-2.991710e-03,-2.989132e-03,-2.978475e-03,-2.960903e-03,-2.938011e-03,-2.915703e-03,-2.898064e-03,-2.885396e-03,-2.875865e-03,-2.872195e-03,-2.874845e-03,-2.882034e-03,-2.891990e-03,-2.907144e-03,-2.930485e-03,-2.957299e-03,-2.985680e-03,-3.016515e-03,-3.046168e-03,-3.072211e-03,-3.093059e-03,-3.113583e-03,-8.774597e-04,-6.837604e-04,-4.896092e-04,-3.034551e-04,-1.294875e-04,2.354967e-05,1.420904e-04,2.142472e-04,2.484473e-04,2.530130e-04,2.471943e-04,2.456864e-04,2.419689e-04,2.398327e-04,2.563923e-04,2.813185e-04,3.007594e-04,3.059951e-04,2.867805e-04,2.444199e-04,1.782892e-04,1.073553e-04,5.108517e-05,1.442381e-05,-2.353428e-06,-2.072261e-05,-5.966257e-05,-1.140048e-04,-1.832662e-04,-2.750486e-04,-3.755799e-04,-4.720774e-04,-5.685252e-04,4.352430e-03,4.230335e-03,4.108769e-03,3.968155e-03,3.824237e-03,3.687295e-03,3.552268e-03,3.413879e-03,3.259318e-03,3.121128e-03,3.024793e-03,2.963370e-03,2.922486e-03,2.920265e-03,2.952185e-03,3.010116e-03,3.114455e-03,3.246199e-03,3.377046e-03,3.463587e-03,3.509555e-03,3.517145e-03,3.480516e-03,3.384264e-03,3.259357e-03,3.139004e-03,3.024123e-03,2.915812e-03,2.840381e-03,2.777243e-03,2.691838e-03,2.586281e-03,2.481516e-03
2.138707e-05,4.086042e-05,2.975487e-04,-2.309718e-03,-2.302932e-03,-2.297609e-03,-2.255149e-03,-2.203776e-03,-2.160397e-03,-2.115926e-03,-2.060439e-03,-1.960384e-03,-1.862630e-03,-1.777590e-03,-1.705862e-03,-1.659976e-03,-1.655853e-03,-1.693474e-03,-1.760452e-03,-1.850784e-03,-1.953832e-03,-2.049957e-03,-2.088510e-03,-2.101200e-03,-2.096056e-03,-2.065852e-03,-1.977090e-03,-1.880747e-03,-1.802363e-03,-1.738502e-03,-1.692358e-03,-1.672271e-03,-1.672268e-03,-1.683518e-03,-1.681785e-03,-1.679585e-03,-2.557326e-04,-2.583631e-04,-2.610401e-04,-2.601008e-04,-2.516135e-04,-2.346076e-04,-2.106217e-04,-1.813032e-04,-1.517118e-04,-1.264641e-04,-1.063104e-04,-9.166557e-05,-8.188402e-05,-7.716318e-05,-7.684848e-05,-8.090055e-05,-8.829580e-05,-9.910513e-05,-1.128021e-04,-1.253981e-04,-1.327730e-04,-1.342318e-04,-1.306819e-04,-1.261749e-04,-1.251476e-04,-1.286080e-04,-1.368571e-04,-1.493678e-04,-1.661091e-04,-1.862816e-04,-2.098022e-04,-2.334505e-04,-2.570735e-04,1.996214e-04,1.357529e-04,7.183569e-05,1.156041e-05,-4.116431e-05,-8.527691e-05,-1.225664e-04,-1.535442e-04,-1.757300e-04,-1.871171e-04,-1.893741e-04,-1.861255e-04,-1.794634e-04,-1.727193e-04,-1.656747e-04,-1.564685e-04,-1.429581e-04,-1.242675e-04,-1.008983e-04,-7.663202e-05,-5.550138e-05,-3.774721e-05,-2.348164e-05,-1.640784e-05,-2.035988e-05,-3.631412e-05,-6.036887e-05,-8.920090e-05,-1.186988e-04,-1.474267e-04,-1.747810e-04,-1.997810e-04,-2.247409e-04,-1.581187e-04,-5.235667e-05,5.410286e-05,1.520736e-04,2.270637e-04,2.771823e-04,3.033130e-04,3.053498e-04,2.946061e-04,2.779672e-04,2.462416e-04,1.893862e-04,1.071384e-04,2.009752e-05,-4.261185e-05,-6.460154e-05,-5.073738e-05,-7.955458e-06,5.840701e-05,1.303299e-04,1.894213e-04,2.319326e-04,2.534164e-04,2.602603e-04,2.551234e-04,2.234526e-04,1.497342e-04,3.081353e-05,-1.162602e-04,-2.682887e-04,-4.098223e-04,-5.441355e-04,-6.788300e-04,-6.698320e-05,2.185861e-05,1.114068e-04,1.903673e-04,2.449119e-04,2.799616e-04,3.041325e-04,3.255752e-04,3.328222e-04,3.163936e-04,2.785752e-04,2.305013e-04,1.997034e-04,2.082446e-04,2.500659e-04,2.955751e-04,3.222675e-04,3.279639e-04,3.101097e-04,2.808155e-04,2.548347e-04,2.287262e-04,1.986949e-04,1.773229e-04,1.781270e-04,2.012619e-04,2.320923e-04,2.361223e-04,1.858268e-04,7.794895e-05,-6.768894e-05,-2.250718e-04,-3.815696e-04
-3.014449e-04,-5.001888e-04,-2.309718e-03,4.042150e-01,2.577524e-01,1.328276e-01,4.291236e-02,-8.060773e-03,-2.790263e-02,-2.788399e-02,-1.863746e-02,-8.089485e-03,4.025581e-04,6.575173e-03,1.035209e-02,1.224677e-02,1.299980e-02,1.345979e-02,1.406871e-02,1.474569e-02,1.549833e-02,1.631590e-02,1.673946e-02,1.689345e-02,1.676730e-02,1.625320e-02,1.527598e-02,1.438201e-02,1.376690e-02,1.336420e-02,1.318919e-02,1.331624e-02,1.366631e-02,1.410493e-02,1.442238e-02,1.473643e-02,-1.044575e-01,-8.920976e-02,-7.392229e-02,-5.929395e-02,-4.641331e-02,-3.540358e-02,-2.599719e-02,-1.800409e-02,-1.149304e-02,-6.516081e-03,-2.805903e-03,-1.220723e-04,1.747535e-03,2.984952e-03,3.758250e-03,4.210474e-03,4.399880e-03,4.394300e-03,4.256405e-03,4.002350e-03,3.644774e-03,3.219196e-03,2.770249e-03,2.343409e-03,1.986950e-03,1.706150e-03,1.500759e-03,1.359948e-03,1.273767e-03,1.228123e-03,1.212180e-03,1.197100e-03,1.181856e-03,-6.310146e-02,-5.209440e-02,-4.104762e-02,-3.066217e-02,-2.202986e-02,-1.528942e-02,-1.018690e-02,-6.562304e-03,-3.947246e-03,-1.901049e-03,-2.902451e-04,9.797680e-04,1.935448e-03,2.630735e-03,3.110124e-03,3.383298e-03,3.469277e-03,3.378691e-03,3.124309e-03,2.766378e-03,2.368514e-03,1.970124e-03,1.607499e-03,1.321256e-03,1.152712e-03,1.105460e-03,1.139169e-03,1.218688e-03,1.303641e-03,1.379138e-03,1.440510e-03,1.480291e-03,1.519774e-03,5.081960e-03,2.771327e-03,4.396463e-04,-1.663936e-03,-3.119774e-03,-3.957311e-03,-4.333247e-03,-4.377320e-03,-4.177774e-03,-3.775992e-03,-3.190795e-03,-2.414413e-03,-1.485829e-03,-5.805908e-04,6.147415e-05,3.139850e-04,2.397450e-04,-9.241092e-05,-6.251712e-04,-1.204247e-03,-1.682958e-03,-2.035380e-03,-2.228472e-03,-2.306917e-03,-2.294430e-03,-2.073270e-03,-1.521072e-03,-6.158764e-04,5.131849e-04,1.686387e-03,2.778771e-03,3.814282e-03,4.852800e-03,3.055130e-03,7.647420e-04,-1.548824e-03,-3.536133e-03,-4.690395e-03,-5.094049e-03,-4.987983e-03,-4.575347e-03,-4.010228e-03,-3.407979e-03,-2.794810e-03,-2.242593e-03,-1.917508e-03,-1.962176e-03,-2.311478e-03,-2.709313e-03,-2.974923e-03,-3.077545e-03,-2.977961e-03,-2.763596e-03,-2.554825e-03,-2.337716e-03,-2.093399e-03,-1.916159e-03,-1.917118e-03,-2.096924e-03,-2.335224e-03,-2.363618e-03,-1.971438e-03,-1.127273e-03,1.858930e-05,1.260371e-03,2.495054e-03
-2.810235e-04,-4.710667e-04,-2.302932e-03,2.577524e-01,1.884687e-01,1.139871e-01,5.627480e-02,2.009392e-02,2.591268e-03,-2.581887e-03,-1.068157e-03,2.559326e-03,6.285612e-03,9.380321e-03,1.129948e-02,1.219785e-02,1.263799e-02,1.313676e-02,1.383726e-02,1.459922e-02,1.539292e-02,1.615423e-02,1.648529e-02,1.659054e-02,1.648963e-02,1.609646e-02,1.524511e-02,1.440739e-02,1.378622e-02,1.333860e-02,1.309003e-02,1.310910e-02,1.332902e-02,1.364236e-02,1.384391e-02,1.404181e-02,-6.132086e-02,-5.118301e-02,-4.101206e-02,-3.138132e-02,-2.318858e-02,-1.651592e-02,-1.112272e-02,-6.831798e-03,-3.566251e-03,-1.245238e-03,3.476397e-04,1.414402e-03,2.107197e-03,2.525237e-03,2.759251e-03,2.881426e-03,2.910020e-03,2.875026e-03,2.801156e-03,2.677963e-03,2.492709e-03,2.259842e-03,2.004520e-03,1.763447e-03,1.576749e-03,1.449899e-03,1.382713e-03,1.366487e-03,1.395507e-03,1.459302e-03,1.551576e-03,1.644814e-03,1.737866e-03,-4.914149e-02,-4.022398e-02,-3.127336e-02,-2.286473e-02,-1.589858e-02,-1.047014e-02,-6.350341e-03,-3.387833e-03,-1.290726e-03,2.190097e-04,1.293336e-03,2.051253e-03,2.541751e-03,2.838865e-03,2.992104e-03,3.014573e-03,2.924131e-03,2.727733e-03,2.436787e-03,2.098220e-03,1.761454e-03,1.446824e-03,1.172215e-03,9.706351e-04,8.764484e-04,8.942044e-04,9.873003e-04,1.124063e-03,1.267476e-03,1.403892e-03,1.528175e-03,1.632350e-03,1.736204e-03,4.112384e-03,2.092770e-03,5.453746e-05,-1.782151e-03,-3.044106e-03,-3.749699e-03,-4.024584e-03,-3.970039e-03,-3.707861e-03,-3.313079e-03,-2.779590e-03,-2.084029e-03,-1.250392e-03,-4.373491e-04,1.272962e-04,3.243027e-04,2.126215e-04,-1.419545e-04,-6.850742e-04,-1.266928e-03,-1.742732e-03,-2.086748e-03,-2.266698e-03,-2.329652e-03,-2.299502e-03,-2.061165e-03,-1.493837e-03,-5.755801e-04,5.640342e-04,1.745859e-03,2.846028e-03,3.889218e-03,4.935430e-03,2.507131e-03,5.051843e-04,-1.517099e-03,-3.257409e-03,-4.278456e-03,-4.663570e-03,-4.629410e-03,-4.363078e-03,-3.936807e-03,-3.400464e-03,-2.802256e-03,-2.234672e-03,-1.879842e-03,-1.891378e-03,-2.209210e-03,-2.582669e-03,-2.832480e-03,-2.928781e-03,-2.834663e-03,-2.634944e-03,-2.446051e-03,-2.248467e-03,-2.018217e-03,-1.849566e-03,-1.852189e-03,-2.028449e-03,-2.261344e-03,-2.284744e-03,-1.889218e-03,-1.044658e-03,9.883537e-05,1.336887e-03,2.567907e-03
-2.569438e-04,-4.380306e-04,-2.297609e-03,1.328276e-01,1.139871e-01,9.699062e-02,6.947870e-02,4.853173e-02,3.316919e-02,2.279325e-02,1.653187e-02,1.322426e-02,1.217899e-02,1.219637e-02,1.225862e-02,1.216103e-02,1.228821e-02,1.282505e-02,1.361577e-02,1.446195e-02,1.529635e-02,1.600092e-02,1.623884e-02,1.629508e-02,1.621980e-02,1.594861e-02,1.522396e-02,1.444279e-02,1.381529e-02,1.332216e-02,1.299904e-02,1.290874e-02,1.299680e-02,1.318311e-02,1.326715e-02,1.334727e-02,-1.794790e-02,-1.294629e-02,-7.918581e-03,-3.313351e-03,1.643914e-04,2.474569e-03,3.830924e-03,4.397975e-03,4.398744e-03,4.047367e-03,3.509408e-03,2.948540e-03,2.456686e-03,2.049781e-03,1.740789e-03,1.530648e-03,1.397386e-03,1.332901e-03,1.323697e-03,1.332503e-03,1.320993e-03,1.282370e-03,1.222164e-03,1.168273e-03,1.152611e-03,1.180840e-03,1.252843e-03,1.362065e-03,1.507066e-03,1.681014e-03,1.882187e-03,2.084424e-03,2.286454e-03,-3.503510e-02,-2.822466e-02,-2.138811e-02,-1.497541e-02,-9.693782e-03,-5.594170e-03,-2.472315e-03,-1.853604e-04,1.382018e-03,2.345129e-03,2.874754e-03,3.114343e-03,3.135137e-03,3.031013e-03,2.856188e-03,2.626910e-03,2.359565e-03,2.057325e-03,1.730193e-03,1.411674e-03,1.136900e-03,9.069877e-04,7.212950e-04,6.052048e-04,5.860926e-04,6.694824e-04,8.225403e-04,1.017108e-03,1.219538e-03,1.417445e-03,1.605231e-03,1.774421e-03,1.943264e-03,3.103670e-03,1.384412e-03,-3.509378e-04,-1.911732e-03,-2.971995e-03,-3.539242e-03,-3.708031e-03,-3.551194e-03,-3.224081e-03,-2.835170e-03,-2.353021e-03,-1.738285e-03,-9.996786e-04,-2.789204e-04,2.082962e-04,3.498365e-04,2.006682e-04,-1.765044e-04,-7.303641e-04,-1.315589e-03,-1.789167e-03,-2.125443e-03,-2.292824e-03,-2.340835e-03,-2.293454e-03,-2.038225e-03,-1.455839e-03,-5.242982e-04,6.262059e-04,1.816964e-03,2.925248e-03,3.976462e-03,5.030709e-03,1.948052e-03,2.385649e-04,-1.488265e-03,-2.977145e-03,-3.860942e-03,-4.224243e-03,-4.259540e-03,-4.138031e-03,-3.849898e-03,-3.379134e-03,-2.795761e-03,-2.212814e-03,-1.828444e-03,-1.807199e-03,-2.093896e-03,-2.443186e-03,-2.677066e-03,-2.766711e-03,-2.677708e-03,-2.492505e-03,-2.323613e-03,-2.145787e-03,-1.929832e-03,-1.770137e-03,-1.774882e-03,-1.948111e-03,-2.176194e-03,-2.195063e-03,-1.796288e-03,-9.512105e-04,1.900511e-04,1.424480e-03,2.651947e-03
-2.267879e-04,-3.951008e-04,-2.255149e-03,4.291236e-02,5.627480e-02,6.947870e-02,8.080407e-02,7.390173e-02,6.204151e-02,4.698994e-02,3.347603e-02,2.349812e-02,1.778023e-02,1.472866e-02,1.292127e-02,1.181173e-02,1.161811e-02,1.220816e-02,1.312097e-02,1.407076e-02,1.495660e-02,1.561608e-02,1.577594e-02,1.579075e-02,1.573626e-02,1.556806e-02,1.495756e-02,1.423292e-02,1.360693e-02,1.308144e-02,1.270105e-02,1.252333e-02,1.250449e-02,1.258731e-02,1.257821e-02,1.256506e-02,1.978980e-02,2.039342e-02,2.101641e-02,2.130510e-02,2.071759e-02,1.924471e-02,1.707840e-02,1.437201e-02,1.149236e-02,8.784802e-03,6.368121e-03,4.371730e-03,2.835011e-03,1.699816e-03,9.103632e-04,4.034632e-04,1.210146e-04,2.161320e-05,5.829787e-05,1.711899e-04,3.004724e-04,4.215181e-04,5.232207e-04,6.254937e-04,7.526432e-04,9.101968e-04,1.097908e-03,1.310963e-03,1.551439e-03,1.815572e-03,2.105400e-03,2.396356e-03,2.687091e-03,-2.533324e-02,-2.000618e-02,-1.465976e-02,-9.648771e-03,-5.516912e-03,-2.282065e-03,2.399775e-04,2.184884e-03,3.498333e-03,4.139381e-03,4.297351e-03,4.144043e-03,3.781004e-03,3.329813e-03,2.857456e-03,2.389668e-03,1.948131e-03,1.534323e-03,1.157897e-03,8.407985e-04,6.057369e-04,4.373140e-04,3.189361e-04,2.687237e-04,3.072261e-04,4.401646e-04,6.380223e-04,8.757132e-04,1.122599e-03,1.367388e-03,1.604120e-03,1.823945e-03,2.043407e-03,2.131349e-03,6.945770e-04,-7.557612e-04,-2.054175e-03,-2.919017e-03,-3.346565e-03,-3.404593e-03,-3.140868e-03,-2.743807e-03,-2.354242e-03,-1.917405e-03,-1.379613e-03,-7.353718e-04,-1.080819e-04,3.016005e-04,3.905278e-04,2.096452e-04,-1.821403e-04,-7.370011e-04,-1.316105e-03,-1.780374e-03,-2.104753e-03,-2.258892e-03,-2.293738e-03,-2.232869e-03,-1.967993e-03,-1.383060e-03,-4.562472e-04,6.837641e-04,1.861545e-03,2.957602e-03,3.997538e-03,5.040463e-03,1.571779e-03,1.050968e-04,-1.375708e-03,-2.655276e-03,-3.430644e-03,-3.785534e-03,-3.892657e-03,-3.910123e-03,-3.752337e-03,-3.341506e-03,-2.768159e-03,-2.165012e-03,-1.744463e-03,-1.680163e-03,-1.923302e-03,-2.237647e-03,-2.449740e-03,-2.531210e-03,-2.449325e-03,-2.282420e-03,-2.137192e-03,-1.983378e-03,-1.787301e-03,-1.641795e-03,-1.651715e-03,-1.822338e-03,-2.044915e-03,-2.061500e-03,-1.667836e-03,-8.373823e-04,2.818399e-04,1.491372e-03,2.694119e-03
-2.240335e-04,-3.737255e-04,-2.203776e-03,-8.060773e-03,2.009392e-02,4.853173e-02,7.390173e-02,9.225408e-02,8.491551e-02,6.819818e-02,4.896473e-02,3.324459e-02,2.309631e-02,1.696127e-02,1.325443e-02,1.114872e-02,1.067091e-02,1.138052e-02,1.250421e-02,1.361650e-02,1.459397e-02,1.525254e-02,1.537513e-02,1.536582e-02,1.531374e-02,1.518721e-02,1.463018e-02,1.393391e-02,1.330990e-02,1.277112e-02,1.236811e-02,1.215691e-02,1.209868e-02,1.214595e-02,1.210846e-02,1.206685e-02,4.505552e-02,4.259562e-02,4.014926e-02,3.744908e-02,3.409468e-02,3.008478e-02,2.557771e-02,2.070147e-02,1.593835e-02,1.173785e-02,8.164517e-03,5.305741e-03,3.157332e-03,1.609047e-03,5.564403e-04,-1.095201e-04,-4.708047e-04,-5.885464e-04,-5.297683e-04,-3.662648e-04,-1.690175e-04,2.915581e-05,2.094112e-04,3.875650e-04,5.840420e-04,8.042634e-04,1.047940e-03,1.311090e-03,1.597416e-03,1.904721e-03,2.236796e-03,2.570025e-03,2.903029e-03,-2.380633e-02,-1.903094e-02,-1.424200e-02,-9.707817e-03,-5.830078e-03,-2.616433e-03,8.559845e-05,2.390549e-03,4.075882e-03,4.944921e-03,5.184056e-03,4.988536e-03,4.502908e-03,3.887653e-03,3.236870e-03,2.599618e-03,2.017507e-03,1.495871e-03,1.047567e-03,6.897991e-04,4.397973e-04,2.736125e-04,1.662322e-04,1.310200e-04,1.840319e-04,3.299777e-04,5.404264e-04,7.913163e-04,1.053096e-03,1.314704e-03,1.569799e-03,1.809171e-03,2.048170e-03,1.370674e-03,1.595044e-04,-1.062927e-03,-2.154915e-03,-2.877170e-03,-3.212313e-03,-3.202098e-03,-2.869422e-03,-2.430520e-03,-2.054395e-03,-1.664969e-03,-1.195210e-03,-6.294563e-04,-7.782648e-05,2.706825e-04,3.204243e-04,1.194748e-04,-2.768433e-04,-8.237165e-04,-1.388215e-03,-1.835973e-03,-2.143481e-03,-2.282237e-03,-2.303503e-03,-2.230966e-03,-1.959968e-03,-1.377782e-03,-4.629877e-04,6.587336e-04,1.816067e-03,2.892535e-03,3.913884e-03,4.938179e-03,1.396676e-03,1.188326e-04,-1.170172e-03,-2.293461e-03,-3.009607e-03,-3.396468e-03,-3.606087e-03,-3.781507e-03,-3.766895e-03,-3.427420e-03,-2.867906e-03,-2.239251e-03,-1.771480e-03,-1.649746e-03,-1.835044e-03,-2.102614e-03,-2.286509e-03,-2.356790e-03,-2.279368e-03,-2.126980e-03,-2.000643e-03,-1.867125e-03,-1.689998e-03,-1.559265e-03,-1.576584e-03,-1.747507e-03,-1.966887e-03,-1.983613e-03,-1.598521e-03,-7.863486e-04,3.076377e-04,1.489434e-03,2.664614e-03
-2.153630e-04,-3.522677e-04,-2.160397e-03,-2.790263e-02,2.591268e-03,3.316919e-02,6.204151e-02,8.491551e-02,9.686273e-02,8.221388e-02,6.192995e-02,4.269154e-02,2.906192e-02,1.990740e-02,1.406393e-02,1.066551e-02,9.645372e-03,1.032481e-02,1.163508e-02,1.294609e-02,1.409817e-02,1.488175e-02,1.508581e-02,1.511837e-02,1.507958e-02,1.495145e-02,1.439514e-02,1.369957e-02,1.307043e-02,1.252343e-02,1.211431e-02,1.190267e-02,1.184850e-02,1.190073e-02,1.187094e-02,1.183710e-02,5.624784e-02,5.217864e-02,4.811810e-02,4.388035e-02,3.919593e-02,3.406051e-02,2.857984e-02,2.283928e-02,1.738610e-02,1.272579e-02,8.853958e-03,5.799862e-03,3.522972e-03,1.893017e-03,7.894556e-04,8.518616e-05,-3.090920e-04,-4.565520e-04,-4.268747e-04,-2.907418e-04,-1.178270e-04,5.939366e-05,2.221356e-04,3.858819e-04,5.705280e-04,7.808966e-04,1.016232e-03,1.271961e-03,1.551253e-03,1.851619e-03,2.176355e-03,2.502220e-03,2.827865e-03,-2.636619e-02,-2.165141e-02,-1.692797e-02,-1.238242e-02,-8.285085e-03,-4.644431e-03,-1.358718e-03,1.648174e-03,4.000424e-03,5.359592e-03,5.886945e-03,5.795475e-03,5.288568e-03,4.578799e-03,3.796364e-03,3.018318e-03,2.312482e-03,1.687121e-03,1.155647e-03,7.327836e-04,4.328775e-04,2.301767e-04,9.785422e-05,4.699027e-05,9.122657e-05,2.326195e-04,4.414369e-04,6.926217e-04,9.556896e-04,1.219234e-03,1.476829e-03,1.719186e-03,1.961175e-03,8.928505e-04,-1.361881e-04,-1.174432e-03,-2.103330e-03,-2.725086e-03,-3.011550e-03,-2.979252e-03,-2.627739e-03,-2.190932e-03,-1.855420e-03,-1.523343e-03,-1.111707e-03,-5.977778e-04,-8.806838e-05,2.321813e-04,2.702751e-04,7.133986e-05,-3.130753e-04,-8.413039e-04,-1.385488e-03,-1.815405e-03,-2.108504e-03,-2.237359e-03,-2.252621e-03,-2.177497e-03,-1.909389e-03,-1.337691e-03,-4.408673e-04,6.580617e-04,1.791227e-03,2.844940e-03,3.844687e-03,4.847322e-03,1.337207e-03,2.184882e-04,-9.088711e-04,-1.904529e-03,-2.585535e-03,-3.023824e-03,-3.347626e-03,-3.682081e-03,-3.810605e-03,-3.548129e-03,-3.003034e-03,-2.340544e-03,-1.814668e-03,-1.626453e-03,-1.748161e-03,-1.965743e-03,-2.121060e-03,-2.180740e-03,-2.106791e-03,-1.966330e-03,-1.855021e-03,-1.738190e-03,-1.578100e-03,-1.462351e-03,-1.489959e-03,-1.665889e-03,-1.887286e-03,-1.908259e-03,-1.533463e-03,-7.390571e-04,3.315584e-04,1.488050e-03,2.638061e-03
-1.952988e-04,-3.405545e-04,-2.115926e-03,-2.788399e-02,-2.581887e-03,2.279325e-02,4.698994e-02,6.819818e-02,8.221388e-02,8.686168e-02,7.039148e-02,5.235810e-02,3.687762e-02,2.497101e-02,1.643799e-02,1.096803e-02,8.678464e-03,8.832154e-03,1.011495e-02,1.161022e-02,1.306717e-02,1.420398e-02,1.471057e-02,1.491776e-02,1.495146e-02,1.482562e-02,1.425497e-02,1.354877e-02,1.290251e-02,1.233240e-02,1.190508e-02,1.168862e-02,1.163612e-02,1.168346e-02,1.164564e-02,1.160400e-02,5.339836e-02,4.928687e-02,4.518032e-02,4.096080e-02,3.646646e-02,3.167919e-02,2.664365e-02,2.139173e-02,1.647091e-02,1.238303e-02,9.042052e-03,6.403345e-03,4.399124e-03,2.921515e-03,1.881506e-03,1.171510e-03,7.136824e-04,4.623820e-04,3.644325e-04,3.638600e-04,4.051677e-04,4.600889e-04,5.129328e-04,5.802515e-04,6.825257e-04,8.225081e-04,9.975294e-04,1.200236e-03,1.431079e-03,1.685486e-03,1.964234e-03,2.244033e-03,2.523627e-03,-2.608752e-02,-2.152553e-02,-1.695860e-02,-1.250509e-02,-8.327408e-03,-4.445623e-03,-8.182349e-04,2.584332e-03,5.278903e-03,6.826756e-03,7.357493e-03,7.103472e-03,6.347616e-03,5.372051e-03,4.343430e-03,3.355616e-03,2.494438e-03,1.759030e-03,1.150022e-03,6.723479e-04,3.307033e-04,9.982271e-05,-4.633635e-05,-9.828220e-05,-4.428561e-05,1.129188e-04,3.404342e-04,6.109326e-04,8.918571e-04,1.171651e-03,1.444460e-03,1.701577e-03,1.958351e-03,7.589485e-04,-1.437685e-04,-1.053940e-03,-1.874056e-03,-2.444288e-03,-2.729480e-03,-2.725665e-03,-2.413421e-03,-2.029815e-03,-1.764697e-03,-1.499258e-03,-1.132215e-03,-6.362638e-04,-1.255127e-04,2.077686e-04,2.682424e-04,9.835329e-05,-2.542495e-04,-7.510366e-04,-1.268877e-03,-1.681695e-03,-1.966278e-03,-2.094541e-03,-2.115135e-03,-2.049743e-03,-1.796592e-03,-1.246289e-03,-3.768782e-04,6.911011e-04,1.793216e-03,2.818579e-03,3.791536e-03,4.767283e-03,1.331140e-03,3.308092e-04,-6.761622e-04,-1.580637e-03,-2.249667e-03,-2.747300e-03,-3.176199e-03,-3.641730e-03,-3.885155e-03,-3.685240e-03,-3.144220e-03,-2.436137e-03,-1.844063e-03,-1.590137e-03,-1.656803e-03,-1.836639e-03,-1.978111e-03,-2.041727e-03,-1.982366e-03,-1.860289e-03,-1.764898e-03,-1.662210e-03,-1.515300e-03,-1.410275e-03,-1.444540e-03,-1.622579e-03,-1.843717e-03,-1.867021e-03,-1.500950e-03,-7.231342e-04,3.253710e-04,1.458210e-03,2.584701e-03
-1.713746e-04,-3.244394e-04,-2.060439e-03,-1.863746e-02,-1.068157e-03,1.653187e-02,3.347603e-02,4.896473e-02,6.192995e-02,7.039148e-02,7.507389e-02,6.203683e-02,4.783133e-02,3.337670e-02,2.136455e-02,1.258616e-02,7.885506e-03,6.713586e-03,7.590280e-03,9.210448e-03,1.114246e-02,1.294733e-02,1.406435e-02,1.463608e-02,1.484292e-02,1.476364e-02,1.419631e-02,1.348302e-02,1.280412e-02,1.217997e-02,1.169887e-02,1.144218e-02,1.135005e-02,1.133949e-02,1.123407e-02,1.112532e-02,3.696868e-02,3.441883e-02,3.187150e-02,2.925730e-02,2.649128e-02,2.353346e-02,2.036393e-02,1.695873e-02,1.379486e-02,1.129797e-02,9.286334e-03,7.622930e-03,6.221231e-03,5.046387e-03,4.101314e-03,3.343465e-03,2.726909e-03,2.244655e-03,1.880584e-03,1.607435e-03,1.397205e-03,1.225776e-03,1.079531e-03,9.754671e-04,9.337913e-04,9.528122e-04,1.025591e-03,1.139207e-03,1.289170e-03,1.467044e-03,1.669325e-03,1.872503e-03,2.075505e-03,-1.738344e-02,-1.354238e-02,-9.698791e-03,-5.922369e-03,-2.298349e-03,1.132788e-03,4.349408e-03,7.327972e-03,9.541173e-03,1.051570e-02,1.035659e-02,9.325189e-03,7.811763e-03,6.191622e-03,4.661982e-03,3.309295e-03,2.217212e-03,1.354222e-03,6.857894e-04,1.916419e-04,-1.480577e-04,-3.596730e-04,-4.692980e-04,-4.699166e-04,-3.526590e-04,-1.277382e-04,1.674546e-04,5.026858e-04,8.429014e-04,1.177341e-03,1.501726e-03,1.808936e-03,2.115861e-03,9.157959e-04,9.003493e-05,-7.417876e-04,-1.500007e-03,-2.057978e-03,-2.379756e-03,-2.448665e-03,-2.235089e-03,-1.961795e-03,-1.802487e-03,-1.617429e-03,-1.283418e-03,-7.702098e-04,-2.115723e-04,1.802055e-04,3.003090e-04,1.889311e-04,-1.104609e-04,-5.625427e-04,-1.048820e-03,-1.448169e-03,-1.733851e-03,-1.874120e-03,-1.913611e-03,-1.871443e-03,-1.646495e-03,-1.130705e-03,-3.015980e-04,7.230785e-04,1.782746e-03,2.769676e-03,3.706372e-03,4.645720e-03,1.415361e-03,4.775657e-04,-4.654777e-04,-1.328137e-03,-2.014814e-03,-2.578277e-03,-3.093833e-03,-3.643283e-03,-3.950461e-03,-3.779179e-03,-3.217604e-03,-2.443451e-03,-1.774185e-03,-1.459025e-03,-1.487631e-03,-1.652065e-03,-1.804100e-03,-1.894808e-03,-1.868340e-03,-1.776664e-03,-1.700734e-03,-1.610106e-03,-1.471746e-03,-1.371888e-03,-1.406942e-03,-1.580774e-03,-1.795605e-03,-1.816566e-03,-1.456436e-03,-6.945493e-04,3.311359e-04,1.439350e-03,2.541385e-03
-1.351482e-04,-3.132955e-04,-1.960384e-03,-8.089485e-03,2.559326e-03,1.322426e-02,2.349812e-02,3.324459e-02,4.269154e-02,5.235810e-02,6.203683e-02,6.988157e-02,5.934217e-02,4.469067e-02,2.915941e-02,1.630361e-02,8.081724e-03,4.632815e-03,4.502973e-03,5.980822e-03,8.353425e-03,1.092382e-02,1.278645e-02,1.383455e-02,1.430745e-02,1.435437e-02,1.385014e-02,1.315662e-02,1.245023e-02,1.177199e-02,1.123719e-02,1.093165e-02,1.078031e-02,1.068572e-02,1.048724e-02,1.028604e-02,1.832320e-02,1.790637e-02,1.749092e-02,1.703470e-02,1.649692e-02,1.581029e-02,1.489209e-02,1.366653e-02,1.250062e-02,1.170920e-02,1.102353e-02,1.021849e-02,9.210868e-03,8.080715e-03,6.974617e-03,5.947951e-03,4.987603e-03,4.124267e-03,3.377772e-03,2.749178e-03,2.237676e-03,1.816584e-03,1.467403e-03,1.201691e-03,1.033626e-03,9.538540e-04,9.479407e-04,9.955017e-04,1.086950e-03,1.209825e-03,1.356453e-03,1.503803e-03,1.651009e-03,-6.976033e-03,-3.881991e-03,-7.865756e-04,2.267878e-03,5.240494e-03,8.064035e-03,1.065672e-02,1.293884e-02,1.438126e-02,1.451479e-02,1.341289e-02,1.137514e-02,8.925336e-03,6.554447e-03,4.487889e-03,2.780556e-03,1.494962e-03,5.610295e-04,-9.859669e-05,-5.377406e-04,-8.092086e-04,-9.425917e-04,-9.658199e-04,-8.752348e-04,-6.655136e-04,-3.526405e-04,2.408332e-05,4.334163e-04,8.400883e-04,1.235464e-03,1.617312e-03,1.980649e-03,2.343772e-03,1.311085e-03,5.173333e-04,-2.814268e-04,-1.019952e-03,-1.598817e-03,-1.984842e-03,-2.153877e-03,-2.073119e-03,-1.937418e-03,-1.891249e-03,-1.779285e-03,-1.458255e-03,-8.988084e-04,-2.608158e-04,2.153212e-04,4.120594e-04,3.701644e-04,1.309270e-04,-2.712664e-04,-7.237057e-04,-1.112155e-03,-1.405154e-03,-1.566318e-03,-1.634454e-03,-1.624826e-03,-1.438944e-03,-9.720909e-04,-2.020653e-04,7.578151e-04,1.754005e-03,2.683852e-03,3.566857e-03,4.452302e-03,1.514579e-03,6.069536e-04,-3.050168e-04,-1.152107e-03,-1.865176e-03,-2.485048e-03,-3.061901e-03,-3.652979e-03,-3.987023e-03,-3.827623e-03,-3.236846e-03,-2.390765e-03,-1.643000e-03,-1.273127e-03,-1.276507e-03,-1.439574e-03,-1.615887e-03,-1.747467e-03,-1.768226e-03,-1.719336e-03,-1.670192e-03,-1.595169e-03,-1.466458e-03,-1.369267e-03,-1.397775e-03,-1.556590e-03,-1.753937e-03,-1.766284e-03,-1.415351e-03,-6.825200e-04,3.012576e-04,1.364140e-03,2.421141e-03
-9.194372e-05,-3.194332e-04,-1.862630e-03,4.025581e-04,6.285612e-03,1.217899e-02,1.778023e-02,2.309631e-02,2.906192e-02,3.687762e-02,4.783133e-02,5.934217e-02,6.788457e-02,5.567092e-02,3.948479e-02,2.299201e-02,1.083888e-02,4.245723e-03,2.317082e-03,3.111889e-03,5.579686e-03,8.686130e-03,1.116187e-02,1.265970e-02,1.344663e-02,1.370544e-02,1.333354e-02,1.268916e-02,1.197552e-02,1.127566e-02,1.072552e-02,1.039443e-02,1.019426e-02,1.002760e-02,9.752765e-03,9.475687e-03,4.801038e-03,6.322634e-03,7.845409e-03,9.336263e-03,1.077050e-02,1.205444e-02,1.305527e-02,1.365359e-02,1.406573e-02,1.446600e-02,1.454033e-02,1.401572e-02,1.285025e-02,1.127144e-02,9.607779e-03,8.034697e-03,6.557985e-03,5.224835e-03,4.070525e-03,3.109199e-03,2.352821e-03,1.761598e-03,1.302530e-03,9.736596e-04,7.756001e-04,6.889627e-04,6.892619e-04,7.487730e-04,8.551463e-04,9.934648e-04,1.154183e-03,1.315505e-03,1.476702e-03,2.195516e-04,2.731522e-03,5.244680e-03,7.725745e-03,1.015004e-02,1.242422e-02,1.441778e-02,1.600567e-02,1.671777e-02,1.613914e-02,1.428893e-02,1.149091e-02,8.390870e-03,5.581687e-03,3.297443e-03,1.527634e-03,2.857266e-04,-5.290095e-04,-1.025725e-03,-1.286947e-03,-1.394106e-03,-1.379750e-03,-1.273580e-03,-1.073397e-03,-7.751297e-04,-3.928849e-04,3.827545e-05,4.901528e-04,9.315568e-04,1.357285e-03,1.766929e-03,2.157474e-03,2.547863e-03,1.868874e-03,1.054180e-03,2.351365e-04,-5.327801e-04,-1.168968e-03,-1.644909e-03,-1.934164e-03,-2.004951e-03,-2.010410e-03,-2.054030e-03,-1.976184e-03,-1.622875e-03,-9.726305e-04,-2.172205e-04,3.659125e-04,6.419276e-04,6.577549e-04,4.588235e-04,8.447209e-05,-3.551627e-04,-7.503986e-04,-1.064694e-03,-1.256996e-03,-1.360344e-03,-1.385648e-03,-1.237530e-03,-8.146979e-04,-9.616632e-05,8.078065e-04,1.750323e-03,2.633085e-03,3.472190e-03,4.313530e-03,1.515838e-03,6.241666e-04,-2.714464e-04,-1.109918e-03,-1.836170e-03,-2.480326e-03,-3.072538e-03,-3.649776e-03,-3.969760e-03,-3.815213e-03,-3.208530e-03,-2.315652e-03,-1.521951e-03,-1.134825e-03,-1.150653e-03,-1.339467e-03,-1.549414e-03,-1.719745e-03,-1.781252e-03,-1.767198e-03,-1.737436e-03,-1.670676e-03,-1.543667e-03,-1.440118e-03,-1.452042e-03,-1.586889e-03,-1.759769e-03,-1.758247e-03,-1.413759e-03,-7.090134e-04,2.334808e-04,1.251682e-03,2.264296e-03
-6.578933e-05,-3.256825e-04,-1.777590e-03,6.575173e-03,9.380321e-03,1.219637e-02,1.472866e-02,1.696127e-02,1.990740e-02,2.497101e-02,3.337670e-02,4.469067e-02,5.567092e-02,6.228241e-02,4.892909e-02,3.242705e-02,1.730768e-02,7.405522e-03,2.869181e-03,2.158255e-03,3.941293e-03,6.888379e-03,9.467040e-03,1.116522e-02,1.220590e-02,1.272585e-02,1.255816e-02,1.201995e-02,1.136417e-02,1.072013e-02,1.021987e-02,9.894418e-03,9.656017e-03,9.433979e-03,9.107878e-03,8.779785e-03,-3.578506e-03,-8.089906e-04,1.961801e-03,4.701552e-03,7.386968e-03,9.915256e-03,1.213820e-02,1.392181e-02,1.533609e-02,1.641740e-02,1.682639e-02,1.625242e-02,1.468617e-02,1.250751e-02,1.022867e-02,8.149860e-03,6.283287e-03,4.664809e-03,3.319549e-03,2.253878e-03,1.472866e-03,9.179669e-04,5.375153e-04,3.125535e-04,2.272649e-04,2.548982e-04,3.634842e-04,5.228712e-04,7.228723e-04,9.498813e-04,1.196973e-03,1.444645e-03,1.692189e-03,4.829530e-03,6.503880e-03,8.179514e-03,9.823944e-03,1.141389e-02,1.284700e-02,1.397751e-02,1.466649e-02,1.456183e-02,1.335911e-02,1.107738e-02,8.035511e-03,4.916290e-03,2.336343e-03,4.747846e-04,-7.978746e-04,-1.566223e-03,-1.942944e-03,-2.042889e-03,-1.958365e-03,-1.780929e-03,-1.541854e-03,-1.268949e-03,-9.565999e-04,-5.967524e-04,-1.904330e-04,2.398914e-04,6.748729e-04,1.093079e-03,1.493779e-03,1.877741e-03,2.243359e-03,2.608854e-03,2.242050e-03,1.413682e-03,5.813610e-04,-2.052819e-04,-8.767546e-04,-1.412030e-03,-1.790181e-03,-1.986567e-03,-2.110789e-03,-2.223711e-03,-2.164960e-03,-1.771111e-03,-1.024156e-03,-1.491554e-04,5.367801e-04,8.764014e-04,9.244645e-04,7.364801e-04,3.614298e-04,-8.874103e-05,-5.054129e-04,-8.479407e-04,-1.071809e-03,-1.205281e-03,-1.255733e-03,-1.132062e-03,-7.371523e-04,-5.242884e-05,8.138637e-04,1.720364e-03,2.571825e-03,3.381905e-03,4.194082e-03,1.335099e-03,4.757367e-04,-3.874897e-04,-1.195317e-03,-1.894507e-03,-2.505287e-03,-3.044534e-03,-3.534822e-03,-3.779411e-03,-3.598820e-03,-2.997273e-03,-2.123385e-03,-1.368918e-03,-1.050229e-03,-1.150959e-03,-1.411498e-03,-1.661320e-03,-1.849617e-03,-1.919124e-03,-1.905282e-03,-1.865683e-03,-1.783125e-03,-1.638584e-03,-1.513857e-03,-1.497964e-03,-1.601835e-03,-1.746688e-03,-1.729469e-03,-1.390306e-03,-7.116925e-04,1.923802e-04,1.168669e-03,2.139638e-03
-7.215504e-05,-3.550437e-04,-1.705862e-03,1.035209e-02,1.129948e-02,1.225862e-02,1.292127e-02,1.325443e-02,1.406393e-02,1.643799e-02,2.136455e-02,2.915941e-02,3.948479e-02,4.892909e-02,5.513361e-02,4.239729e-02,2.800244e-02,1.562138e-02,8.114249e-03,4.957061e-03,4.868509e-03,6.428724e-03,8.137304e-03,9.490779e-03,1.056251e-02,1.132816e-02,1.143265e-02,1.108653e-02,1.059125e-02,1.010222e-02,9.714816e-03,9.410861e-03,9.130962e-03,8.866046e-03,8.513411e-03,8.158510e-03,-6.672613e-03,-3.785132e-03,-8.964428e-04,1.960437e-03,4.758921e-03,7.410054e-03,9.790399e-03,1.178686e-02,1.336707e-02,1.447275e-02,1.478073e-02,1.398267e-02,1.205788e-02,9.485604e-03,6.912195e-03,4.729538e-03,2.939297e-03,1.530087e-03,4.844224e-04,-2.268766e-04,-6.323564e-04,-8.091476e-04,-8.253590e-04,-7.141077e-04,-5.039290e-04,-2.194950e-04,1.091289e-04,4.594395e-04,8.307578e-04,1.217006e-03,1.620270e-03,2.024262e-03,2.428091e-03,7.099432e-03,7.669684e-03,8.241153e-03,8.780647e-03,9.261568e-03,9.595330e-03,9.660304e-03,9.340248e-03,8.431435e-03,6.768461e-03,4.407861e-03,1.665346e-03,-8.211114e-04,-2.497712e-03,-3.313237e-03,-3.569688e-03,-3.501002e-03,-3.203998e-03,-2.761661e-03,-2.246590e-03,-1.731010e-03,-1.242512e-03,-8.056109e-04,-4.084712e-04,-3.571198e-05,3.342316e-04,6.982900e-04,1.051311e-03,1.386416e-03,1.706938e-03,2.013338e-03,2.304056e-03,2.594622e-03,2.230099e-03,1.420186e-03,6.065227e-04,-1.634318e-04,-8.240684e-04,-1.361930e-03,-1.766185e-03,-2.022409e-03,-2.204019e-03,-2.339053e-03,-2.276167e-03,-1.854632e-03,-1.046363e-03,-9.602074e-05,6.477640e-04,1.006840e-03,1.042607e-03,8.255162e-04,4.173709e-04,-6.374806e-05,-5.061294e-04,-8.689222e-04,-1.108250e-03,-1.250235e-03,-1.301014e-03,-1.175404e-03,-7.817300e-04,-1.053469e-04,7.475756e-04,1.640768e-03,2.480532e-03,3.279744e-03,4.081022e-03,8.243056e-04,4.219839e-05,-7.438437e-04,-1.472029e-03,-2.082829e-03,-2.589221e-03,-3.003263e-03,-3.340706e-03,-3.456605e-03,-3.220868e-03,-2.641126e-03,-1.855832e-03,-1.235955e-03,-1.083725e-03,-1.351734e-03,-1.736658e-03,-2.033874e-03,-2.216545e-03,-2.256327e-03,-2.202729e-03,-2.121980e-03,-1.999709e-03,-1.819532e-03,-1.659580e-03,-1.605069e-03,-1.671133e-03,-1.783870e-03,-1.748476e-03,-1.413484e-03,-7.587265e-04,1.109041e-04,1.049516e-03,1.983029e-03
-1.098545e-04,-3.820313e-04,-1.659976e-03,1.224677e-02,1.219785e-02,1.216103e-02,1.181173e-02,1.114872e-02,1.066551e-02,1.096803e-02,1.258616e-02,1.630361e-02,2.299201e-02,3.242705e-02,4.239729e-02,5.034172e-02,4.050927e-02,2.927184e-02,1.946684e-02,1.337649e-02,1.006475e-02,8.594357e-03,8.021374e-03,8.163615e-03,8.818731e-03,9.667913e-03,1.003427e-02,9.940349e-03,9.700668e-03,9.454944e-03,9.235276e-03,8.984221e-03,8.701045e-03,8.461054e-03,8.165611e-03,7.866934e-03,-4.346080e-03,-2.507820e-03,-6.685887e-04,1.138026e-03,2.881230e-03,4.498717e-03,5.913679e-03,7.054096e-03,7.839387e-03,8.172122e-03,7.805964e-03,6.500449e-03,4.259972e-03,1.588904e-03,-8.268911e-04,-2.575189e-03,-3.693403e-03,-4.280661e-03,-4.434394e-03,-4.254908e-03,-3.839457e-03,-3.277244e-03,-2.643943e-03,-1.978206e-03,-1.312006e-03,-6.544656e-04,-2.025104e-05,5.875182e-04,1.184653e-03,1.778834e-03,2.386828e-03,2.995898e-03,3.604736e-03,6.034822e-03,5.793421e-03,5.552999e-03,5.279785e-03,4.942959e-03,4.480388e-03,3.816295e-03,2.876756e-03,1.592919e-03,-7.704180e-05,-2.060011e-03,-4.069781e-03,-5.558001e-03,-6.055438e-03,-5.648424e-03,-4.824621e-03,-3.978500e-03,-3.155874e-03,-2.365943e-03,-1.624134e-03,-9.455557e-04,-3.578011e-04,1.126889e-04,4.794786e-04,7.611351e-04,1.002025e-03,1.218003e-03,1.418626e-03,1.610931e-03,1.799119e-03,1.980823e-03,2.151992e-03,2.322893e-03,1.866853e-03,1.091902e-03,3.132168e-04,-4.206539e-04,-1.041680e-03,-1.540527e-03,-1.915165e-03,-2.159318e-03,-2.320328e-03,-2.405716e-03,-2.285699e-03,-1.818532e-03,-9.785789e-04,-1.095227e-05,7.249004e-04,1.040820e-03,1.004847e-03,7.063951e-04,2.225619e-04,-3.162940e-04,-7.884959e-04,-1.158844e-03,-1.390052e-03,-1.510624e-03,-1.529056e-03,-1.368176e-03,-9.433373e-04,-2.447140e-04,6.236200e-04,1.529173e-03,2.378623e-03,3.186629e-03,3.996799e-03,2.758599e-04,-4.116757e-04,-1.103245e-03,-1.732947e-03,-2.232028e-03,-2.610962e-03,-2.885569e-03,-3.072918e-03,-3.074980e-03,-2.808357e-03,-2.283244e-03,-1.625975e-03,-1.175837e-03,-1.216828e-03,-1.669937e-03,-2.181310e-03,-2.502503e-03,-2.639787e-03,-2.604959e-03,-2.472815e-03,-2.330355e-03,-2.161134e-03,-1.946283e-03,-1.757274e-03,-1.673334e-03,-1.712440e-03,-1.803335e-03,-1.757433e-03,-1.429639e-03,-7.960104e-04,4.522217e-05,9.525204e-04,1.854867e-03
-1.760056e-04,-3.882210e-04,-1.655853e-03,1.299980e-02,1.263799e-02,1.228821e-02,1.161811e-02,1.067091e-02,9.645372e-03,8.678464e-03,7.885506e-03,8.081724e-03,1.083888e-02,1.730768e-02,2.800244e-02,4.050927e-02,5.178081e-02,4.515350e-02,3.631206e-02,2.766746e-02,2.029650e-02,1.430599e-02,1.005477e-02,8.028410e-03,7.641810e-03,8.166648e-03,8.561746e-03,8.637069e-03,8.671789e-03,8.742298e-03,8.804719e-03,8.781148e-03,8.729816e-03,8.785008e-03,8.827736e-03,8.865799e-03,2.131994e-03,2.346096e-03,2.560911e-03,2.743101e-03,2.858803e-03,2.873058e-03,2.755924e-03,2.476850e-03,1.945619e-03,1.063584e-03,-3.146493e-04,-2.340150e-03,-4.964875e-03,-7.666572e-03,-9.768125e-03,-1.087753e-02,-1.109381e-02,-1.062193e-02,-9.656693e-03,-8.398715e-03,-7.044486e-03,-5.679542e-03,-4.370093e-03,-3.150332e-03,-2.045745e-03,-1.042344e-03,-1.318001e-04,7.062337e-04,1.504187e-03,2.283689e-03,3.075110e-03,3.868032e-03,4.660648e-03,1.138897e-03,8.710530e-04,6.039288e-04,3.039989e-04,-6.263121e-05,-5.309341e-04,-1.130602e-03,-1.892904e-03,-2.789624e-03,-3.777835e-03,-4.788057e-03,-5.609330e-03,-5.848841e-03,-5.171719e-03,-3.756892e-03,-2.215712e-03,-1.048666e-03,-2.143501e-04,3.845017e-04,8.346010e-04,1.224036e-03,1.525918e-03,1.710276e-03,1.784730e-03,1.763058e-03,1.702126e-03,1.626504e-03,1.553004e-03,1.493989e-03,1.448734e-03,1.409296e-03,1.366159e-03,1.322574e-03,1.304133e-03,5.611420e-04,-1.857335e-04,-8.846127e-04,-1.461449e-03,-1.907875e-03,-2.227282e-03,-2.417747e-03,-2.510955e-03,-2.504802e-03,-2.294268e-03,-1.760389e-03,-8.874714e-04,7.753984e-05,7.744230e-04,1.010958e-03,8.651603e-04,4.473020e-04,-1.489090e-04,-7.716873e-04,-1.279567e-03,-1.649194e-03,-1.855719e-03,-1.934129e-03,-1.898881e-03,-1.680975e-03,-1.202801e-03,-4.589178e-04,4.480684e-04,1.386664e-03,2.262785e-03,3.095141e-03,3.929862e-03,-7.620986e-05,-6.774049e-04,-1.282760e-03,-1.822283e-03,-2.218432e-03,-2.484083e-03,-2.644557e-03,-2.724437e-03,-2.662367e-03,-2.412504e-03,-1.990313e-03,-1.503951e-03,-1.244749e-03,-1.462478e-03,-2.061702e-03,-2.651373e-03,-2.946061e-03,-2.986883e-03,-2.825917e-03,-2.573573e-03,-2.350880e-03,-2.134306e-03,-1.897150e-03,-1.700698e-03,-1.615572e-03,-1.658223e-03,-1.755243e-03,-1.719487e-03,-1.407346e-03,-7.914332e-04,3.087791e-05,9.174317e-04,1.799051e-03
