7.569320e-04,-1.856074e-05,-1.941844e-06,-6.646869e-05,-5.641837e-05,-4.525417e-05,-4.442660e-05,-3.859353e-05,-3.512997e-05,-8.544065e-06,3.015845e-05,7.307253e-05,1.057302e-04,1.033203e-04,9.821598e-05,7.604466e-05,4.164640e-05,6.287361e-06,-1.360982e-05,-2.023855e-05,-1.478507e-05,-5.032640e-06,9.515988e-06,2.827465e-05,3.790699e-05,3.468708e-05,2.824419e-05,2.367245e-05,3.284154e-05,5.134025e-05,6.640846e-05,5.621534e-05,9.569015e-06,-5.710219e-05,-1.300866e-04,-2.020390e-04,-2.337228e-03,-2.364030e-03,-2.390869e-03,-2.417564e-03,-2.444877e-03,-2.469163e-03,-2.488018e-03,-2.503146e-03,-2.510509e-03,-2.514341e-03,-2.510484e-03,-2.500515e-03,-2.488992e-03,-2.477903e-03,-2.468655e-03,-2.461267e-03,-2.457361e-03,-2.455213e-03,-2.454864e-03,-2.455925e-03,-2.457999e-03,-2.459156e-03,-2.461763e-03,-2.463837e-03,-2.471300e-03,-2.482316e-03,-2.493837e-03,-2.508206e-03,-2.522750e-03,-2.537049e-03,-2.550363e-03,-2.564372e-03,-2.578247e-03,-1.359286e-05,1.691538e-05,4.744353e-05,7.710587e-05,1.028096e-04,1.263606e-04,1.481758e-04,1.654105e-04,1.756074e-04,1.762379e-04,1.646784e-04,1.438055e-04,1.197934e-04,9.548912e-05,7.192206e-05,5.238703e-05,3.628676e-05,2.454706e-05,1.807212e-05,1.713165e-05,2.093354e-05,3.010956e-05,4.167138e-05,5.404808e-05,6.539627e-05,7.360562e-05,7.721876e-05,7.960172e-05,7.917445e-05,7.654418e-05,7.247516e-05,6.744488e-05,6.260367e-05,4.070898e-03,3.867272e-03,3.664461e-03,3.452381e-03,3.253820e-03,3.071221e-03,2.916022e-03,2.807613e-03,2.725550e-03,2.673509e-03,2.621133e-03,2.557515e-03,2.511361e-03,2.510850e-03,2.571863e-03,2.685729e-03,2.847164e-03,2.995415e-03,3.083903e-03,3.119191e-03,3.113134e-03,3.063915e-03,3.002421e-03,2.928990e-03,2.861699e-03,2.786203e-03,2.681409e-03,2.570220e-03,2.459862e-03,2.368095e-03,2.278566e-03,2.203731e-03,2.127908e-03,-2.177296e-04,-2.464127e-04,-2.754487e-04,-2.991931e-04,-3.009455e-04,-2.672392e-04,-1.975745e-04,-1.125621e-04,-2.977522e-05,3.473261e-05,6.216876e-05,5.282663e-05,2.469377e-05,3.658804e-06,-2.994610e-05,-6.299588e-05,-1.101526e-04,-1.709153e-04,-2.281282e-04,-2.644056e-04,-2.551717e-04,-1.948815e-04,-9.528928e-05,1.999227e-05,1.292036e-04,2.032879e-04,2.270478e-04,1.953399e-04,1.156914e-04,8.571965e-06,-1.150090e-04,-2.511615e-04,-3.847819e-04
-1.856074e-05,6.913968e-04,1.337627e-05,-1.756310e-04,-1.848055e-04,-1.940536e-04,-1.961941e-04,-2.050134e-04,-2.137946e-04,-2.290724e-04,-2.441514e-04,-2.631808e-04,-2.906592e-04,-3.000512e-04,-3.157564e-04,-3.048859e-04,-2.847189e-04,-2.547041e-04,-2.138593e-04,-1.928116e-04,-1.893634e-04,-1.984481e-04,-2.080696e-04,-2.061683e-04,-1.971377e-04,-1.905522e-04,-1.853823e-04,-1.822841e-04,-1.828194e-04,-1.775239e-04,-1.794070e-04,-1.835506e-04,-1.773868e-04,-1.819457e-04,-1.849215e-04,-1.816862e-04,3.199793e-04,2.897555e-04,2.595186e-04,2.293264e-04,1.989137e-04,1.694778e-04,1.415015e-04,1.183380e-04,1.013029e-04,8.952780e-05,7.905301e-05,6.955056e-05,6.392583e-05,6.458782e-05,6.824351e-05,7.321034e-05,7.471069e-05,7.275708e-05,6.945845e-05,6.635032e-05,6.545750e-05,6.845722e-05,7.320281e-05,7.848016e-05,8.270174e-05,8.490679e-05,8.296350e-05,7.815479e-05,6.703501e-05,4.955355e-05,2.712353e-05,1.751127e-06,-2.315316e-05,-2.778729e-03,-2.728333e-03,-2.678351e-03,-2.626507e-03,-2.573290e-03,-2.520661e-03,-2.470966e-03,-2.424115e-03,-2.379281e-03,-2.335797e-03,-2.293214e-03,-2.253718e-03,-2.224745e-03,-2.204421e-03,-2.189318e-03,-2.178034e-03,-2.168133e-03,-2.162002e-03,-2.154443e-03,-2.151321e-03,-2.150525e-03,-2.149627e-03,-2.150126e-03,-2.152611e-03,-2.157856e-03,-2.166637e-03,-2.178778e-03,-2.197226e-03,-2.220503e-03,-2.243678e-03,-2.265843e-03,-2.284554e-03,-2.302785e-03,-2.523291e-04,-2.739981e-04,-2.960740e-04,-3.122739e-04,-3.061391e-04,-2.660168e-04,-1.931450e-04,-1.036469e-04,-1.633583e-05,5.013058e-05,8.242177e-05,8.031775e-05,5.483043e-05,2.291034e-05,-2.559245e-05,-7.099954e-05,-1.191438e-04,-1.708708e-04,-2.137155e-04,-2.359445e-04,-2.199317e-04,-1.639128e-04,-7.934597e-05,1.645832e-05,1.088530e-04,1.742657e-04,1.977578e-04,1.719610e-04,1.020855e-04,8.686143e-07,-1.164754e-04,-2.410510e-04,-3.638013e-04,2.524416e-03,2.645901e-03,2.768242e-03,2.872580e-03,2.966760e-03,3.028653e-03,3.052070e-03,3.030992e-03,2.940767e-03,2.799705e-03,2.620246e-03,2.423030e-03,2.268860e-03,2.169923e-03,2.124748e-03,2.139248e-03,2.202101e-03,2.332346e-03,2.483971e-03,2.650825e-03,2.802018e-03,2.908255e-03,2.968482e-03,2.952393e-03,2.873658e-03,2.753354e-03,2.590173e-03,2.417117e-03,2.256903e-03,2.102183e-03,1.966602e-03,1.818867e-03,1.670104e-03
-1.941844e-06,1.337627e-05,1.891365e-04,-1.522029e-03,-1.500794e-03,-1.481747e-03,-1.442394e-03,-1.414417e-03,-1.385308e-03,-1.368688e-03,-1.377129e-03,-1.368316e-03,-1.357581e-03,-1.315477e-03,-1.228544e-03,-1.148727e-03,-1.092682e-03,-1.079655e-03,-1.113025e-03,-1.178379e-03,-1.263715e-03,-1.314053e-03,-1.355302e-03,-1.382628e-03,-1.379913e-03,-1.383702e-03,-1.365108e-03,-1.346276e-03,-1.322719e-03,-1.259867e-03,-1.194457e-03,-1.137659e-03,-1.088331e-03,-1.050097e-03,-1.013358e-03,-9.747003e-04,-3.051224e-05,-1.909574e-05,-7.655502e-06,3.687853e-06,1.540524e-05,2.538001e-05,2.805403e-05,2.202584e-05,1.286917e-05,7.655221e-06,5.018159e-06,3.169219e-06,9.859840e-07,-3.544018e-07,-5.959069e-07,-2.596141e-07,7.980328e-08,8.559443e-07,2.053635e-06,3.814796e-06,6.027967e-06,1.190384e-05,2.294448e-05,3.405395e-05,3.680025e-05,3.075480e-05,1.887428e-05,4.400892e-06,-1.292130e-05,-3.241779e-05,-5.362678e-05,-7.573347e-05,-9.769166e-05,-2.211297e-05,-4.036349e-05,-5.893816e-05,-7.492284e-05,-8.472758e-05,-8.974713e-05,-9.461767e-05,-9.888919e-05,-1.019554e-04,-1.030330e-04,-1.015906e-04,-9.594037e-05,-8.476201e-05,-7.053860e-05,-5.646110e-05,-4.379952e-05,-3.056503e-05,-1.554305e-05,-3.613048e-06,2.099791e-07,-2.126143e-06,-5.564406e-06,-7.166818e-06,-7.558387e-06,-6.650989e-06,-4.215089e-06,-3.482992e-06,-7.670345e-06,-1.675656e-05,-2.840118e-05,-4.022544e-05,-5.139851e-05,-6.240772e-05,5.655111e-05,4.293030e-05,2.926768e-05,1.653611e-05,2.435708e-06,-9.581771e-06,-3.728842e-06,2.228257e-05,5.477384e-05,7.366977e-05,7.860169e-05,7.678723e-05,6.351427e-05,2.363554e-05,-3.719057e-05,-8.646602e-05,-1.067055e-04,-1.065258e-04,-9.396610e-05,-7.329854e-05,-4.426342e-05,-1.927504e-05,-5.278421e-06,7.029999e-06,3.317283e-05,6.762502e-05,9.326560e-05,9.155679e-05,5.397766e-05,-2.748018e-05,-1.309116e-04,-2.322077e-04,-3.333643e-04,-1.535067e-04,-8.205712e-05,-8.788775e-06,4.986920e-05,8.197597e-05,9.409222e-05,1.042583e-04,1.124399e-04,1.189249e-04,1.247506e-04,1.321762e-04,1.271512e-04,1.031068e-04,6.741849e-05,5.316777e-05,6.691401e-05,7.860498e-05,7.236103e-05,6.233820e-05,6.876246e-05,8.909084e-05,1.071792e-04,1.149116e-04,1.131629e-04,1.022921e-04,8.018578e-05,5.966602e-05,5.217833e-05,5.836877e-05,5.809308e-05,2.397510e-05,-2.789291e-05,-7.826544e-05
-6.646869e-05,-1.756310e-04,-1.522029e-03,3.676425e-01,2.126296e-01,8.900752e-02,1.562642e-02,-1.447503e-02,-2.056315e-02,-1.500946e-02,-4.136134e-03,5.274868e-03,1.081670e-02,1.343117e-02,1.355010e-02,1.198685e-02,9.781578e-03,8.631581e-03,8.794210e-03,9.451293e-03,1.023946e-02,1.069576e-02,1.100881e-02,1.113114e-02,1.103254e-02,1.105298e-02,1.092146e-02,1.079703e-02,1.066157e-02,1.020552e-02,9.693684e-03,9.212901e-03,8.768477e-03,8.401873e-03,8.039515e-03,7.661497e-03,3.813332e-02,3.413653e-02,3.013991e-02,2.614210e-02,2.215338e-02,1.817649e-02,1.409186e-02,1.021843e-02,6.921935e-03,4.476636e-03,2.704447e-03,1.495723e-03,7.330790e-04,2.850949e-04,1.678659e-05,-1.112291e-04,-1.546589e-04,-1.432201e-04,-9.585335e-05,-3.412628e-05,2.230950e-05,3.462485e-05,-1.288459e-05,-7.593043e-05,-8.225572e-05,-1.998226e-05,9.135202e-05,2.269480e-04,3.877511e-04,5.669724e-04,7.600215e-04,9.605096e-04,1.159763e-03,-9.117817e-02,-7.278226e-02,-5.422532e-02,-3.725976e-02,-2.348603e-02,-1.253885e-02,-4.508080e-03,1.026916e-03,4.478606e-03,6.244417e-03,6.712281e-03,6.254573e-03,5.250365e-03,4.029466e-03,2.854766e-03,1.875887e-03,1.087051e-03,4.837528e-04,6.612326e-05,-1.614731e-04,-2.485906e-04,-2.627279e-04,-2.447511e-04,-2.001646e-04,-1.413736e-04,-8.219663e-05,-4.736020e-06,1.118936e-04,2.646456e-04,4.342841e-04,6.027664e-04,7.646940e-04,9.252653e-04,-5.231513e-03,-4.292725e-03,-3.354231e-03,-2.492642e-03,-1.686678e-03,-1.012881e-03,-5.305348e-04,-3.015250e-04,-2.850787e-04,-3.741516e-04,-4.658911e-04,-5.592794e-04,-5.819261e-04,-3.852494e-04,1.359306e-05,3.443539e-04,4.663764e-04,4.460013e-04,3.424916e-04,1.838617e-04,-3.693232e-05,-2.221147e-04,-3.195207e-04,-4.043789e-04,-6.029797e-04,-8.686453e-04,-1.060288e-03,-1.029954e-03,-7.092087e-04,-3.550248e-05,8.160983e-04,1.649645e-03,2.481991e-03,6.520607e-03,4.395197e-03,2.197450e-03,3.820808e-04,-7.634115e-04,-1.416465e-03,-1.691141e-03,-1.723272e-03,-1.622010e-03,-1.463340e-03,-1.301266e-03,-1.052851e-03,-7.074249e-04,-3.391709e-04,-2.150984e-04,-3.804301e-04,-5.556499e-04,-6.021422e-04,-6.125388e-04,-7.432534e-04,-9.702159e-04,-1.161564e-03,-1.254969e-03,-1.257544e-03,-1.174392e-03,-9.886453e-04,-8.032010e-04,-7.133409e-04,-7.280850e-04,-6.880599e-04,-3.759926e-04,8.150370e-05,5.268111e-04
-5.641837e-05,-1.848055e-04,-1.500794e-03,2.126296e-01,1.482245e-01,7.640477e-02,2.908101e-02,4.808373e-03,-4.137700e-03,-3.996399e-03,1.078018e-03,6.290754e-03,9.752761e-03,1.164247e-02,1.179118e-02,1.074851e-02,9.281278e-03,8.571682e-03,8.772975e-03,9.355605e-03,1.009389e-02,1.053148e-02,1.084383e-02,1.099003e-02,1.091155e-02,1.092827e-02,1.078606e-02,1.065328e-02,1.050473e-02,1.004188e-02,9.534957e-03,9.071589e-03,8.651439e-03,8.311180e-03,7.976456e-03,7.626091e-03,2.903411e-02,2.566486e-02,2.229514e-02,1.892691e-02,1.555711e-02,1.223870e-02,9.078127e-03,6.279321e-03,4.028306e-03,2.435233e-03,1.344246e-03,6.463498e-04,2.457307e-04,4.294739e-05,-5.916955e-05,-8.641965e-05,-7.295332e-05,-3.664468e-05,1.149444e-05,5.864396e-05,9.381399e-05,8.475694e-05,1.954990e-05,-5.725552e-05,-7.451389e-05,-2.283700e-05,7.737734e-05,2.012529e-04,3.499691e-04,5.171060e-04,6.981847e-04,8.866692e-04,1.073925e-03,-5.703266e-02,-4.465526e-02,-3.215357e-02,-2.085766e-02,-1.199852e-02,-5.236411e-03,-4.234827e-04,2.743703e-03,4.557362e-03,5.301568e-03,5.253461e-03,4.674795e-03,3.813532e-03,2.875184e-03,2.020030e-03,1.330482e-03,7.837874e-04,3.619038e-04,7.253955e-05,-7.082294e-05,-1.065133e-04,-9.294795e-05,-6.487063e-05,-2.427259e-05,2.040166e-05,5.942522e-05,1.132201e-04,2.043869e-04,3.313631e-04,4.754481e-04,6.188062e-04,7.558061e-04,8.914576e-04,-4.283463e-03,-3.517549e-03,-2.751874e-03,-2.042385e-03,-1.356098e-03,-7.630174e-04,-3.918871e-04,-2.811279e-04,-3.564702e-04,-4.808542e-04,-5.750516e-04,-6.462942e-04,-6.330863e-04,-4.007900e-04,2.356230e-05,3.737930e-04,5.102222e-04,4.995385e-04,4.020316e-04,2.464599e-04,2.641599e-05,-1.610198e-04,-2.634540e-04,-3.541113e-04,-5.566778e-04,-8.241520e-04,-1.017110e-03,-9.894176e-04,-6.738892e-04,-9.262252e-06,8.311630e-04,1.654115e-03,2.475840e-03,5.191965e-03,3.430820e-03,1.610383e-03,1.175678e-04,-7.978140e-04,-1.283980e-03,-1.508887e-03,-1.558653e-03,-1.505766e-03,-1.406606e-03,-1.306678e-03,-1.121486e-03,-8.309612e-04,-5.011078e-04,-3.905722e-04,-5.445483e-04,-6.984198e-04,-7.192554e-04,-7.045510e-04,-8.116227e-04,-1.018357e-03,-1.195058e-03,-1.279347e-03,-1.276324e-03,-1.190303e-03,-1.004713e-03,-8.204419e-04,-7.317469e-04,-7.475359e-04,-7.098843e-04,-4.045548e-04,4.420937e-05,4.810001e-04
-4.525417e-05,-1.940536e-04,-1.481747e-03,8.900752e-02,7.640477e-02,6.651344e-02,4.227919e-02,2.442195e-02,1.231147e-02,7.049266e-03,6.287791e-03,7.293171e-03,8.677140e-03,9.855692e-03,1.004724e-02,9.533457e-03,8.804594e-03,8.527619e-03,8.758879e-03,9.264649e-03,9.956214e-03,1.037923e-02,1.069352e-02,1.086509e-02,1.080716e-02,1.082013e-02,1.066660e-02,1.052494e-02,1.036288e-02,9.892468e-03,9.389720e-03,8.943193e-03,8.546925e-03,8.232683e-03,7.925163e-03,7.602005e-03,1.942913e-02,1.675005e-02,1.406990e-02,1.139384e-02,8.705701e-03,6.107789e-03,3.930473e-03,2.256647e-03,1.090345e-03,3.778850e-04,-1.340866e-05,-1.901858e-04,-2.246552e-04,-1.819823e-04,-1.197291e-04,-4.893343e-05,1.881342e-05,7.751832e-05,1.241164e-04,1.545532e-04,1.665214e-04,1.343507e-04,4.992995e-05,-4.182464e-05,-7.079873e-05,-3.012652e-05,5.885277e-05,1.710876e-04,3.079382e-04,4.632877e-04,6.327336e-04,8.095592e-04,9.851616e-04,-2.204838e-02,-1.579491e-02,-9.454688e-03,-3.937269e-03,-9.598017e-05,2.387531e-03,3.901823e-03,4.632973e-03,4.752447e-03,4.430466e-03,3.832890e-03,3.109676e-03,2.376115e-03,1.711655e-03,1.172025e-03,7.709168e-04,4.672992e-04,2.285146e-04,6.935654e-05,1.206151e-05,2.950444e-05,7.226818e-05,1.116945e-04,1.493234e-04,1.806781e-04,2.001289e-04,2.306805e-04,2.967199e-04,3.981968e-04,5.169565e-04,6.353806e-04,7.476204e-04,8.585185e-04,-3.350476e-03,-2.751432e-03,-2.152550e-03,-1.590354e-03,-1.021139e-03,-5.082406e-04,-2.495402e-04,-2.585023e-04,-4.265673e-04,-5.864460e-04,-6.826926e-04,-7.309920e-04,-6.808596e-04,-4.116874e-04,3.944017e-05,4.100423e-04,5.611766e-04,5.600680e-04,4.681843e-04,3.151477e-04,9.524196e-05,-9.498913e-05,-2.028170e-04,-2.995941e-04,-5.065735e-04,-7.763988e-04,-9.711493e-04,-9.462677e-04,-6.357082e-04,2.062547e-05,8.509213e-04,1.664324e-03,2.476471e-03,3.653325e-03,2.300577e-03,9.016234e-04,-2.281221e-04,-8.789898e-04,-1.172478e-03,-1.330833e-03,-1.388658e-03,-1.379841e-03,-1.339420e-03,-1.303096e-03,-1.183579e-03,-9.506021e-04,-6.614244e-04,-5.663664e-04,-7.106059e-04,-8.441379e-04,-8.395837e-04,-7.996142e-04,-8.827427e-04,-1.068943e-03,-1.230625e-03,-1.305338e-03,-1.296238e-03,-1.206881e-03,-1.020982e-03,-8.375722e-04,-7.499987e-04,-7.670340e-04,-7.319275e-04,-4.331377e-04,7.278939e-06,4.359242e-04
-4.442660e-05,-1.961941e-04,-1.442394e-03,1.562642e-02,2.908101e-02,4.227919e-02,5.425926e-02,4.155837e-02,2.824653e-02,1.787421e-02,1.157475e-02,8.478186e-03,7.760147e-03,8.119574e-03,8.247626e-03,8.173560e-03,8.135538e-03,8.321405e-03,8.648376e-03,9.104338e-03,9.730801e-03,1.011030e-02,1.040606e-02,1.058927e-02,1.054723e-02,1.055636e-02,1.039661e-02,1.025086e-02,1.008055e-02,9.611240e-03,9.119842e-03,8.694639e-03,8.324837e-03,8.038148e-03,7.759755e-03,7.465943e-03,1.389191e-02,1.141343e-02,8.933172e-03,6.459857e-03,3.962334e-03,1.598217e-03,-6.627252e-05,-1.016893e-03,-1.412434e-03,-1.473915e-03,-1.319945e-03,-1.067279e-03,-7.789775e-04,-5.020821e-04,-2.689932e-04,-8.483357e-05,5.309495e-05,1.498726e-04,2.100875e-04,2.380752e-04,2.398328e-04,1.962033e-04,1.026970e-04,3.884916e-06,-3.182691e-05,3.313213e-07,7.876506e-05,1.789851e-04,3.027248e-04,4.445000e-04,6.001778e-04,7.631081e-04,9.248371e-04,3.012472e-03,4.673141e-03,6.386523e-03,7.581868e-03,7.697513e-03,7.010906e-03,6.133103e-03,5.149006e-03,4.128433e-03,3.146897e-03,2.278146e-03,1.582300e-03,1.066904e-03,7.091171e-04,4.819493e-04,3.467674e-04,2.553192e-04,1.693681e-04,1.135365e-04,1.204024e-04,1.733640e-04,2.319131e-04,2.731637e-04,3.015728e-04,3.160824e-04,3.146115e-04,3.219013e-04,3.632738e-04,4.398428e-04,5.340092e-04,6.283983e-04,7.169433e-04,8.041710e-04,-2.811752e-03,-2.315123e-03,-1.818689e-03,-1.345222e-03,-8.364327e-04,-3.512773e-04,-1.558989e-04,-2.483558e-04,-4.890686e-04,-6.788747e-04,-7.814320e-04,-8.166051e-04,-7.428962e-04,-4.524868e-04,9.854066e-06,3.891057e-04,5.492377e-04,5.564205e-04,4.719710e-04,3.253068e-04,1.109847e-04,-7.652370e-05,-1.853669e-04,-2.841241e-04,-4.902510e-04,-7.566320e-04,-9.484954e-04,-9.251566e-04,-6.226191e-04,1.711063e-05,8.264286e-04,1.619390e-03,2.411108e-03,2.212480e-03,1.260710e-03,2.754440e-04,-5.049195e-04,-9.127442e-04,-1.034526e-03,-1.137202e-03,-1.205924e-03,-1.239061e-03,-1.252422e-03,-1.272571e-03,-1.211315e-03,-1.030299e-03,-7.786972e-04,-6.959329e-04,-8.266788e-04,-9.379448e-04,-9.095730e-04,-8.474159e-04,-9.089540e-04,-1.076009e-03,-1.224476e-03,-1.292434e-03,-1.280982e-03,-1.192650e-03,-1.011294e-03,-8.326990e-04,-7.478756e-04,-7.654272e-04,-7.323714e-04,-4.428579e-04,-1.535618e-05,4.006933e-04
-3.859353e-05,-2.050134e-04,-1.414417e-03,-1.447503e-02,4.808373e-03,2.442195e-02,4.155837e-02,5.397435e-02,4.226210e-02,3.013467e-02,1.876245e-02,1.148378e-02,8.152795e-03,7.106238e-03,6.756438e-03,6.892311e-03,7.423474e-03,8.061639e-03,8.567320e-03,9.043950e-03,9.614966e-03,9.931472e-03,1.019833e-02,1.039041e-02,1.036467e-02,1.037383e-02,1.021192e-02,1.006323e-02,9.884068e-03,9.412095e-03,8.926977e-03,8.516379e-03,8.166051e-03,7.902054e-03,7.648953e-03,7.380439e-03,7.865862e-03,5.758575e-03,3.649076e-03,1.548355e-03,-5.846268e-04,-2.558350e-03,-3.656802e-03,-3.876210e-03,-3.526520e-03,-3.007177e-03,-2.395694e-03,-1.795720e-03,-1.250143e-03,-7.860519e-04,-4.129474e-04,-1.348512e-04,5.935407e-05,1.841196e-04,2.517129e-04,2.744991e-04,2.665609e-04,2.142215e-04,1.153008e-04,1.322594e-05,-2.538010e-05,2.271891e-06,7.424835e-05,1.664677e-04,2.811969e-04,4.135771e-04,5.597609e-04,7.131673e-04,8.653789e-04,1.289041e-02,1.199556e-02,1.112482e-02,9.998553e-03,8.290938e-03,6.190069e-03,4.408984e-03,2.941674e-03,1.772327e-03,8.985674e-04,3.210201e-04,2.678297e-05,-5.285218e-05,-1.789973e-06,1.073718e-04,2.157360e-04,2.901656e-04,3.060728e-04,3.056061e-04,3.366922e-04,3.930454e-04,4.424937e-04,4.670433e-04,4.732406e-04,4.626171e-04,4.357658e-04,4.185094e-04,4.365050e-04,4.911200e-04,5.645723e-04,6.391316e-04,7.082481e-04,7.760549e-04,-2.229470e-03,-1.837344e-03,-1.445380e-03,-1.064757e-03,-6.289106e-04,-1.908013e-04,-6.120786e-05,-2.383177e-04,-5.516155e-04,-7.627692e-04,-8.604054e-04,-8.750132e-04,-7.752137e-04,-4.634090e-04,9.822747e-06,3.966786e-04,5.647682e-04,5.793957e-04,5.013371e-04,3.597174e-04,1.488324e-04,-3.840544e-05,-1.502687e-04,-2.528773e-04,-4.605595e-04,-7.261380e-04,-9.170726e-04,-8.952796e-04,-5.983404e-04,3.014027e-05,8.252574e-04,1.604553e-03,2.382592e-03,1.181735e-03,5.061814e-04,-1.920826e-04,-7.380822e-04,-9.959290e-04,-1.016510e-03,-1.092048e-03,-1.172921e-03,-1.233699e-03,-1.278558e-03,-1.330108e-03,-1.298989e-03,-1.141319e-03,-9.024832e-04,-8.148965e-04,-9.238292e-04,-1.010471e-03,-9.615047e-04,-8.840241e-04,-9.342632e-04,-1.093215e-03,-1.237554e-03,-1.305026e-03,-1.294454e-03,-1.207860e-03,-1.029813e-03,-8.540366e-04,-7.704322e-04,-7.877999e-04,-7.557685e-04,-4.726970e-04,-5.421290e-05,3.530724e-04
-3.512997e-05,-2.137946e-04,-1.385308e-03,-2.056315e-02,-4.137700e-03,1.231147e-02,2.824653e-02,4.226210e-02,5.505754e-02,4.371093e-02,2.966635e-02,1.772207e-02,1.088427e-02,7.441621e-03,6.005777e-03,5.989036e-03,6.781878e-03,7.639690e-03,8.265116e-03,8.816713e-03,9.399917e-03,9.702699e-03,9.966838e-03,1.017879e-02,1.017363e-02,1.018563e-02,1.002285e-02,9.870044e-03,9.682188e-03,9.208444e-03,8.728775e-03,8.329033e-03,7.995304e-03,7.751781e-03,7.520715e-03,7.274319e-03,-5.407166e-03,-6.032958e-03,-6.661032e-03,-7.279994e-03,-7.933186e-03,-8.424255e-03,-8.052859e-03,-6.818610e-03,-5.210719e-03,-3.836355e-03,-2.683364e-03,-1.771501e-03,-1.068006e-03,-5.374641e-04,-1.414683e-04,1.275486e-04,2.948145e-04,3.801475e-04,4.019628e-04,3.785191e-04,3.300183e-04,2.462360e-04,1.257618e-04,9.841640e-06,-3.764072e-05,-1.614803e-05,5.137890e-05,1.403859e-04,2.526927e-04,3.830053e-04,5.272550e-04,6.786847e-04,8.289275e-04,1.458250e-02,1.253503e-02,1.049313e-02,8.370717e-03,6.013602e-03,3.556624e-03,1.683785e-03,3.296318e-04,-5.766903e-04,-1.081569e-03,-1.219349e-03,-1.069335e-03,-7.497409e-04,-3.671559e-04,-1.583168e-05,2.469342e-04,4.109788e-04,4.721639e-04,4.872686e-04,5.154052e-04,5.585289e-04,5.904461e-04,5.962606e-04,5.832751e-04,5.542108e-04,5.108887e-04,4.791552e-04,4.841789e-04,5.268180e-04,5.890378e-04,6.528955e-04,7.115989e-04,7.690001e-04,-1.635536e-03,-1.343623e-03,-1.051661e-03,-7.650106e-04,-4.222116e-04,-7.753614e-05,-4.124791e-05,-3.213147e-04,-7.095497e-04,-9.187910e-04,-9.752183e-04,-9.344465e-04,-7.830994e-04,-4.367291e-04,4.965708e-05,4.392850e-04,6.061687e-04,6.183324e-04,5.377125e-04,3.938728e-04,1.810436e-04,-9.388915e-06,-1.262080e-04,-2.333789e-04,-4.424071e-04,-7.065080e-04,-8.957110e-04,-8.748111e-04,-5.830914e-04,3.422994e-05,8.151358e-04,1.580753e-03,2.345102e-03,6.055867e-04,9.938362e-05,-4.222356e-04,-8.276493e-04,-1.012664e-03,-1.013624e-03,-1.105055e-03,-1.214671e-03,-1.300617e-03,-1.362347e-03,-1.426751e-03,-1.403004e-03,-1.246084e-03,-1.003611e-03,-9.010052e-04,-9.851314e-04,-1.048810e-03,-9.852372e-04,-8.999603e-04,-9.459106e-04,-1.102714e-03,-1.247456e-03,-1.317706e-03,-1.310253e-03,-1.226817e-03,-1.052764e-03,-8.798382e-04,-7.968368e-04,-8.128140e-04,-7.803705e-04,-5.023762e-04,-9.159665e-05,3.082415e-04
-8.544065e-06,-2.290724e-04,-1.368688e-03,-1.500946e-02,-3.996399e-03,7.049266e-03,1.787421e-02,3.013467e-02,4.371093e-02,5.510948e-02,4.120460e-02,2.770117e-02,1.715202e-02,1.056811e-02,7.216156e-03,6.274540e-03,6.582972e-03,7.174739e-03,7.774882e-03,8.442685e-03,9.144517e-03,9.529244e-03,9.834330e-03,1.006238e-02,1.006322e-02,1.007699e-02,9.916031e-03,9.761187e-03,9.572588e-03,9.102830e-03,8.627024e-03,8.227449e-03,7.893837e-03,7.650410e-03,7.418161e-03,7.170718e-03,-1.371942e-02,-1.311003e-02,-1.250259e-02,-1.188733e-02,-1.130180e-02,-1.057822e-02,-9.158273e-03,-6.938603e-03,-4.535636e-03,-2.755210e-03,-1.509918e-03,-6.911156e-04,-1.683192e-04,1.597494e-04,3.721969e-04,4.836403e-04,5.240993e-04,5.077695e-04,4.505126e-04,3.672941e-04,2.752278e-04,1.610438e-04,2.056906e-05,-1.073346e-04,-1.613529e-04,-1.416634e-04,-7.187308e-05,2.243430e-05,1.420742e-04,2.805534e-04,4.332525e-04,5.930860e-04,7.517409e-04,1.208025e-02,1.025929e-02,8.435932e-03,6.609293e-03,4.700127e-03,2.756124e-03,1.283248e-03,2.245352e-04,-4.741118e-04,-8.316048e-04,-8.424146e-04,-6.336442e-04,-3.270709e-04,3.161195e-06,2.763161e-04,4.557404e-04,5.451992e-04,5.515269e-04,5.283163e-04,5.297444e-04,5.560966e-04,5.791900e-04,5.825649e-04,5.722568e-04,5.496983e-04,5.153820e-04,4.938434e-04,5.093232e-04,5.616784e-04,6.328803e-04,7.053209e-04,7.724649e-04,8.383150e-04,-1.046163e-03,-8.359292e-04,-6.253946e-04,-4.194306e-04,-1.690066e-04,7.508761e-05,4.308869e-05,-3.114984e-04,-7.547097e-04,-9.492386e-04,-9.529859e-04,-8.542897e-04,-6.584023e-04,-2.877139e-04,2.039456e-04,5.897793e-04,7.502519e-04,7.555924e-04,6.676219e-04,5.166996e-04,2.974837e-04,1.003795e-04,-2.293023e-05,-1.355932e-04,-3.472206e-04,-6.121022e-04,-8.026401e-04,-7.845052e-04,-4.977510e-04,1.120636e-04,8.839638e-04,1.641470e-03,2.397643e-03,4.621184e-04,-3.983618e-05,-5.538720e-04,-9.677323e-04,-1.190507e-03,-1.246821e-03,-1.359280e-03,-1.462134e-03,-1.520431e-03,-1.543252e-03,-1.573085e-03,-1.513336e-03,-1.321959e-03,-1.054338e-03,-9.325900e-04,-1.004119e-03,-1.064143e-03,-1.008012e-03,-9.348430e-04,-9.920271e-04,-1.156678e-03,-1.305418e-03,-1.376776e-03,-1.367729e-03,-1.281278e-03,-1.104668e-03,-9.292262e-04,-8.437679e-04,-8.575733e-04,-8.243786e-04,-5.495798e-04,-1.437387e-04,2.514099e-04
3.015845e-05,-2.441514e-04,-1.377129e-03,-4.136134e-03,1.078018e-03,6.287791e-03,1.157475e-02,1.876245e-02,2.966635e-02,4.120460e-02,5.137194e-02,3.986226e-02,2.824059e-02,1.775490e-02,1.138909e-02,8.312905e-03,7.107458e-03,6.796403e-03,7.185473e-03,8.004876e-03,8.920742e-03,9.470660e-03,9.865058e-03,1.011494e-02,1.011484e-02,1.013968e-02,9.993170e-03,9.840076e-03,9.652089e-03,9.181231e-03,8.699366e-03,8.283859e-03,7.929943e-03,7.664870e-03,7.409667e-03,7.139258e-03,-1.448460e-02,-1.300613e-02,-1.152893e-02,-1.004663e-02,-8.583829e-03,-7.032076e-03,-5.067861e-03,-2.575481e-03,-2.139055e-04,1.170593e-03,1.751013e-03,1.840621e-03,1.682933e-03,1.421604e-03,1.159935e-03,9.094546e-04,6.886809e-04,4.910754e-04,3.180878e-04,1.688464e-04,4.481573e-05,-7.996893e-05,-2.193935e-04,-3.397466e-04,-3.828772e-04,-3.486068e-04,-2.610277e-04,-1.468755e-04,-5.942882e-06,1.542397e-04,3.287490e-04,5.104138e-04,6.908986e-04,7.191491e-03,6.114546e-03,5.033449e-03,3.977785e-03,2.922834e-03,1.882417e-03,1.148329e-03,6.724906e-04,4.139854e-04,3.704479e-04,5.791965e-04,8.132259e-04,9.536558e-04,1.015715e-03,9.930147e-04,9.079565e-04,7.846213e-04,6.446470e-04,5.279145e-04,4.723764e-04,4.676379e-04,4.768989e-04,4.786400e-04,4.766971e-04,4.698609e-04,4.558664e-04,4.574000e-04,4.975325e-04,5.743459e-04,6.694714e-04,7.654213e-04,8.558617e-04,9.450027e-04,-4.004826e-04,-2.718537e-04,-1.426513e-04,-1.991708e-05,1.257954e-04,2.462447e-04,1.340834e-04,-2.706000e-04,-7.221583e-04,-8.686122e-04,-7.931727e-04,-6.337351e-04,-4.107286e-04,-3.564834e-05,4.462515e-04,8.156046e-04,9.584292e-04,9.474084e-04,8.435045e-04,6.780708e-04,4.462791e-04,2.386399e-04,1.083075e-04,-9.030483e-06,-2.234310e-04,-4.906923e-04,-6.842273e-04,-6.678205e-04,-3.809870e-04,2.319406e-04,1.008132e-03,1.770658e-03,2.531763e-03,4.717158e-04,-6.311264e-05,-6.091493e-04,-1.057529e-03,-1.325533e-03,-1.441459e-03,-1.577932e-03,-1.683740e-03,-1.732132e-03,-1.737795e-03,-1.754499e-03,-1.658738e-03,-1.410866e-03,-1.086684e-03,-9.239739e-04,-9.775670e-04,-1.037905e-03,-9.990302e-04,-9.501133e-04,-1.031562e-03,-1.215408e-03,-1.374931e-03,-1.449316e-03,-1.437479e-03,-1.344862e-03,-1.161100e-03,-9.794478e-04,-8.903399e-04,-9.031867e-04,-8.700465e-04,-5.950306e-04,-1.886320e-04,2.071618e-04
7.307253e-05,-2.631808e-04,-1.368316e-03,5.274868e-03,6.290754e-03,7.293171e-03,8.478186e-03,1.148378e-02,1.772207e-02,2.770117e-02,3.986226e-02,5.281207e-02,4.180367e-02,2.908934e-02,1.867721e-02,1.212608e-02,8.172095e-03,6.239661e-03,6.170844e-03,7.156593e-03,8.379110e-03,9.185031e-03,9.727000e-03,1.003370e-02,1.004979e-02,1.008579e-02,9.946842e-03,9.791803e-03,9.608852e-03,9.147318e-03,8.666639e-03,8.237552e-03,7.865433e-03,7.579812e-03,7.299910e-03,7.005050e-03,-1.133891e-02,-9.425554e-03,-7.512809e-03,-5.597590e-03,-3.691920e-03,-1.743787e-03,3.692506e-04,2.700978e-03,4.622696e-03,5.376901e-03,5.152690e-03,4.480552e-03,3.679744e-03,2.867957e-03,2.149588e-03,1.542257e-03,1.053623e-03,6.571964e-04,3.431610e-04,9.742553e-05,-9.142737e-05,-2.592737e-04,-4.267845e-04,-5.635386e-04,-6.142792e-04,-5.781490e-04,-4.799780e-04,-3.486032e-04,-1.860307e-04,-2.452373e-06,1.959956e-04,4.015368e-04,6.059083e-04,2.672306e-03,2.290552e-03,1.905444e-03,1.553456e-03,1.252851e-03,1.031052e-03,1.030022e-03,1.203029e-03,1.508526e-03,1.933228e-03,2.518227e-03,2.860755e-03,2.810576e-03,2.492487e-03,2.036558e-03,1.559728e-03,1.117832e-03,7.569283e-04,4.965312e-04,3.504114e-04,2.955301e-04,2.839713e-04,2.867758e-04,3.030136e-04,3.263157e-04,3.490792e-04,3.901725e-04,4.702554e-04,5.849732e-04,7.159117e-04,8.463305e-04,9.707065e-04,1.093793e-03,1.417039e-04,2.045405e-04,2.681061e-04,3.235716e-04,3.847936e-04,4.071740e-04,2.397729e-04,-1.637468e-04,-5.698933e-04,-6.577797e-04,-5.121182e-04,-3.229655e-04,-1.151898e-04,2.308999e-04,6.836129e-04,1.027161e-03,1.151678e-03,1.129013e-03,1.016050e-03,8.435893e-04,6.066209e-04,3.941652e-04,2.601876e-04,1.400283e-04,-7.515043e-05,-3.429211e-04,-5.390009e-04,-5.265556e-04,-2.450497e-04,3.620174e-04,1.131807e-03,1.889104e-03,2.644877e-03,4.399253e-04,-1.070383e-04,-6.651968e-04,-1.124229e-03,-1.408871e-03,-1.557351e-03,-1.709888e-03,-1.830420e-03,-1.900498e-03,-1.930946e-03,-1.977396e-03,-1.868938e-03,-1.560982e-03,-1.155727e-03,-9.259377e-04,-9.422963e-04,-9.932290e-04,-9.734658e-04,-9.560497e-04,-1.068634e-03,-1.277015e-03,-1.451426e-03,-1.532355e-03,-1.520433e-03,-1.423709e-03,-1.234652e-03,-1.047488e-03,-9.536157e-04,-9.628217e-04,-9.274737e-04,-6.531315e-04,-2.486151e-04,1.455477e-04
1.057302e-04,-2.906592e-04,-1.357581e-03,1.081670e-02,9.752761e-03,8.677140e-03,7.760147e-03,8.152795e-03,1.088427e-02,1.715202e-02,2.824059e-02,4.180367e-02,5.339077e-02,4.098545e-02,2.892453e-02,1.805985e-02,1.029185e-02,5.888331e-03,4.934632e-03,5.978370e-03,7.569505e-03,8.732880e-03,9.498314e-03,9.932077e-03,1.000373e-02,1.004077e-02,9.872856e-03,9.699270e-03,9.526779e-03,9.086876e-03,8.614769e-03,8.176990e-03,7.796950e-03,7.501883e-03,7.201243e-03,6.886084e-03,-8.894257e-03,-7.036705e-03,-5.179405e-03,-3.321064e-03,-1.466772e-03,4.051115e-04,2.320229e-03,4.291318e-03,5.850837e-03,6.439199e-03,6.102624e-03,5.449601e-03,4.750091e-03,3.980354e-03,3.213218e-03,2.518357e-03,1.922028e-03,1.397131e-03,9.423949e-04,5.501276e-04,2.159606e-04,-8.933493e-05,-3.780247e-04,-6.125418e-04,-7.355163e-04,-7.451259e-04,-6.684218e-04,-5.393220e-04,-3.661845e-04,-1.659995e-04,5.133785e-05,2.757099e-04,4.989147e-04,-1.046974e-04,2.006902e-04,5.044426e-04,8.330333e-04,1.211524e-03,1.667662e-03,2.258362e-03,2.942256e-03,3.681394e-03,4.449017e-03,5.280180e-03,5.600192e-03,5.204450e-03,4.312482e-03,3.252223e-03,2.255486e-03,1.401965e-03,7.587255e-04,3.156071e-04,5.378995e-05,-5.939927e-05,-8.415243e-05,-5.981972e-05,3.300079e-06,8.932099e-05,1.808432e-04,2.902920e-04,4.347729e-04,6.074302e-04,7.905183e-04,9.693017e-04,1.140490e-03,1.310400e-03,3.558732e-04,4.171685e-04,4.791756e-04,5.325022e-04,5.855992e-04,5.995476e-04,4.535988e-04,1.136690e-04,-2.312669e-04,-3.221270e-04,-1.993472e-04,-7.337552e-05,4.889297e-05,3.370162e-04,7.692930e-04,1.110294e-03,1.242927e-03,1.234431e-03,1.135459e-03,9.749400e-04,7.469612e-04,5.391532e-04,4.058687e-04,2.828763e-04,6.337523e-05,-2.102110e-04,-4.143147e-04,-4.112780e-04,-1.401069e-04,4.566041e-04,1.216115e-03,1.964606e-03,2.711436e-03,3.954501e-04,-1.613068e-04,-7.297094e-04,-1.195802e-03,-1.487037e-03,-1.647825e-03,-1.804831e-03,-1.939123e-03,-2.041504e-03,-2.118376e-03,-2.219561e-03,-2.121011e-03,-1.760253e-03,-1.258819e-03,-9.483391e-04,-9.222722e-04,-9.634577e-04,-9.665527e-04,-9.849848e-04,-1.131183e-03,-1.366867e-03,-1.559825e-03,-1.651931e-03,-1.644267e-03,-1.546590e-03,-1.353389e-03,-1.159270e-03,-1.056811e-03,-1.056843e-03,-1.012830e-03,-7.326735e-04,-3.232305e-04,7.611572e-05
1.033203e-04,-3.000512e-04,-1.315477e-03,1.343117e-02,1.164247e-02,9.855692e-03,8.119574e-03,7.106238e-03,7.441621e-03,1.056811e-02,1.775490e-02,2.908934e-02,4.098545e-02,5.215737e-02,4.085562e-02,2.742254e-02,1.453729e-02,6.336384e-03,3.548955e-03,4.271559e-03,6.201250e-03,7.830434e-03,8.913224e-03,9.547033e-03,9.718483e-03,9.763407e-03,9.551326e-03,9.353909e-03,9.205666e-03,8.811876e-03,8.364193e-03,7.925303e-03,7.547359e-03,7.249125e-03,6.925682e-03,6.588950e-03,-9.282395e-03,-7.445558e-03,-5.608817e-03,-3.771663e-03,-1.936068e-03,-9.332187e-05,1.751194e-03,3.562524e-03,5.048676e-03,5.877980e-03,6.003853e-03,5.970691e-03,5.887022e-03,5.505403e-03,4.852871e-03,4.138431e-03,3.456302e-03,2.785517e-03,2.142230e-03,1.533390e-03,9.700272e-04,4.390560e-04,-5.296241e-05,-4.544378e-04,-7.037272e-04,-7.973656e-04,-7.657665e-04,-6.504135e-04,-4.705286e-04,-2.541165e-04,-1.722079e-05,2.263876e-04,4.688669e-04,-2.322770e-03,-9.206916e-04,4.814468e-04,1.894956e-03,3.326209e-03,4.768710e-03,6.213724e-03,7.577754e-03,8.776166e-03,9.722669e-03,1.038859e-02,1.014966e-02,8.834770e-03,6.807264e-03,4.698296e-03,2.891015e-03,1.445882e-03,4.215062e-04,-2.502131e-04,-6.455659e-04,-8.115247e-04,-8.257825e-04,-7.425887e-04,-5.866246e-04,-3.882273e-04,-1.796531e-04,4.176903e-05,2.877203e-04,5.488344e-04,8.096800e-04,1.059653e-03,1.299582e-03,1.538289e-03,3.159488e-04,3.926791e-04,4.700630e-04,5.388484e-04,6.054945e-04,6.374418e-04,5.295093e-04,2.634956e-04,-1.792253e-05,-1.246430e-04,-6.751571e-05,-4.803189e-05,-3.510271e-05,1.989803e-04,6.397118e-04,1.007274e-03,1.167342e-03,1.186068e-03,1.111086e-03,9.709190e-04,7.609738e-04,5.670848e-04,4.412270e-04,3.208170e-04,1.027227e-04,-1.710371e-04,-3.791579e-04,-3.870297e-04,-1.343239e-04,4.359556e-04,1.165691e-03,1.885766e-03,2.604125e-03,4.831592e-04,-8.638146e-05,-6.677306e-04,-1.146893e-03,-1.454844e-03,-1.640499e-03,-1.826132e-03,-2.002512e-03,-2.161028e-03,-2.293748e-03,-2.424166e-03,-2.300220e-03,-1.852007e-03,-1.219864e-03,-8.158802e-04,-7.601781e-04,-8.135459e-04,-8.632973e-04,-9.359435e-04,-1.122116e-03,-1.385015e-03,-1.596080e-03,-1.701448e-03,-1.703467e-03,-1.612448e-03,-1.423066e-03,-1.227595e-03,-1.116859e-03,-1.102590e-03,-1.044047e-03,-7.563320e-04,-3.426654e-04,6.128413e-05
9.821598e-05,-3.157564e-04,-1.228544e-03,1.355010e-02,1.179118e-02,1.004724e-02,8.247626e-03,6.756438e-03,6.005777e-03,7.216156e-03,1.138909e-02,1.867721e-02,2.892453e-02,4.085562e-02,5.216461e-02,3.792955e-02,2.188979e-02,8.911979e-03,3.087611e-03,2.566830e-03,4.395651e-03,6.356728e-03,7.779677e-03,8.688726e-03,9.034665e-03,9.154156e-03,8.955746e-03,8.750598e-03,8.604384e-03,8.236700e-03,7.811939e-03,7.386516e-03,7.031389e-03,6.752606e-03,6.436370e-03,6.108143e-03,-1.210175e-02,-9.957180e-03,-7.812702e-03,-5.667830e-03,-3.524368e-03,-1.373524e-03,7.887026e-04,2.906155e-03,4.806826e-03,6.294745e-03,7.223555e-03,7.932333e-03,8.351289e-03,8.069867e-03,7.150459e-03,6.061925e-03,5.042771e-03,4.063257e-03,3.140522e-03,2.279804e-03,1.490534e-03,7.651379e-04,1.171915e-04,-4.006530e-04,-7.318768e-04,-8.757160e-04,-8.668327e-04,-7.525898e-04,-5.600973e-04,-3.251933e-04,-6.798109e-05,1.954994e-04,4.579171e-04,-3.235263e-03,-1.057862e-03,1.120598e-03,3.299143e-03,5.459766e-03,7.556834e-03,9.546328e-03,1.130496e-02,1.270472e-02,1.361124e-02,1.393134e-02,1.310940e-02,1.098393e-02,7.994173e-03,5.092252e-03,2.793662e-03,1.067143e-03,-8.357180e-05,-7.882380e-04,-1.182007e-03,-1.319943e-03,-1.285828e-03,-1.138210e-03,-9.081022e-04,-6.316972e-04,-3.473926e-04,-5.708462e-05,2.481727e-04,5.580305e-04,8.597900e-04,1.146621e-03,1.422156e-03,1.696540e-03,2.680161e-04,3.618152e-04,4.562565e-04,5.419994e-04,6.240674e-04,6.728698e-04,5.876007e-04,3.561405e-04,8.283778e-05,-8.972875e-05,-1.458490e-04,-2.351051e-04,-2.861273e-04,-3.911953e-05,4.796096e-04,9.238499e-04,1.132469e-03,1.180947e-03,1.122088e-03,9.896104e-04,7.853861e-04,5.933200e-04,4.629500e-04,3.370839e-04,1.203007e-04,-1.472671e-04,-3.512671e-04,-3.653752e-04,-1.332386e-04,3.984907e-04,1.081032e-03,1.755587e-03,2.428397e-03,4.762787e-04,-8.903932e-05,-6.657288e-04,-1.144834e-03,-1.462430e-03,-1.666021e-03,-1.872748e-03,-2.077387e-03,-2.268901e-03,-2.429590e-03,-2.555762e-03,-2.410295e-03,-1.900611e-03,-1.160972e-03,-6.908546e-04,-6.379371e-04,-7.287986e-04,-8.384322e-04,-9.680282e-04,-1.184684e-03,-1.457347e-03,-1.668841e-03,-1.773262e-03,-1.774357e-03,-1.683651e-03,-1.497205e-03,-1.301727e-03,-1.183676e-03,-1.155031e-03,-1.084592e-03,-8.008423e-04,-3.987283e-04,-5.595553e-06
7.604466e-05,-3.048859e-04,-1.148727e-03,1.198685e-02,1.074851e-02,9.533457e-03,8.173560e-03,6.892311e-03,5.989036e-03,6.274540e-03,8.312905e-03,1.212608e-02,1.805985e-02,2.742254e-02,3.792955e-02,4.593628e-02,3.018208e-02,1.550926e-02,6.047769e-03,3.056963e-03,3.621001e-03,5.188960e-03,6.637287e-03,7.716965e-03,8.238317e-03,8.517415e-03,8.450128e-03,8.289181e-03,8.109964e-03,7.708496e-03,7.280619e-03,6.881283e-03,6.560760e-03,6.316413e-03,6.048045e-03,5.767990e-03,-1.320522e-02,-1.095222e-02,-8.699370e-03,-6.445877e-03,-4.194762e-03,-1.931488e-03,3.727739e-04,2.679357e-03,4.890523e-03,6.871235e-03,8.402393e-03,9.551123e-03,1.009112e-02,9.529714e-03,8.016100e-03,6.337494e-03,4.920196e-03,3.705344e-03,2.675788e-03,1.803064e-03,1.061154e-03,4.239877e-04,-1.144874e-04,-5.240373e-04,-7.642995e-04,-8.413300e-04,-7.905710e-04,-6.552663e-04,-4.563064e-04,-2.226590e-04,2.999295e-05,2.885918e-04,5.461952e-04,-2.361354e-03,-3.324688e-04,1.698043e-03,3.718041e-03,5.689377e-03,7.547547e-03,9.247488e-03,1.066815e-02,1.168354e-02,1.216176e-02,1.199224e-02,1.080782e-02,8.505223e-03,5.498310e-03,2.860961e-03,1.096328e-03,-3.716502e-05,-6.728024e-04,-9.646060e-04,-1.061940e-03,-1.012576e-03,-8.790378e-04,-6.990908e-04,-4.879737e-04,-2.650436e-04,-5.169809e-05,1.609061e-04,3.877191e-04,6.225464e-04,8.541671e-04,1.075438e-03,1.287678e-03,1.498809e-03,1.204333e-04,2.277255e-04,3.356323e-04,4.347652e-04,5.297424e-04,5.914577e-04,5.167766e-04,2.890027e-04,-1.302947e-05,-2.685302e-04,-4.400561e-04,-6.063201e-04,-6.620208e-04,-3.412535e-04,3.067885e-04,8.581068e-04,1.115513e-03,1.174269e-03,1.104255e-03,9.507500e-04,7.270809e-04,5.174672e-04,3.703717e-04,2.349351e-04,2.230763e-05,-2.303384e-04,-4.168492e-04,-4.208834e-04,-1.919465e-04,3.174481e-04,9.676826e-04,1.609902e-03,2.250504e-03,4.644853e-04,-7.831925e-05,-6.320024e-04,-1.093638e-03,-1.401457e-03,-1.597545e-03,-1.792767e-03,-1.982939e-03,-2.156160e-03,-2.294155e-03,-2.377888e-03,-2.213960e-03,-1.707878e-03,-9.717485e-04,-5.450299e-04,-5.805977e-04,-7.519521e-04,-9.084655e-04,-1.054281e-03,-1.254597e-03,-1.490458e-03,-1.663330e-03,-1.736162e-03,-1.715112e-03,-1.612688e-03,-1.425944e-03,-1.235652e-03,-1.122343e-03,-1.096122e-03,-1.032746e-03,-7.711526e-04,-3.988772e-04,-3.504005e-05
4.164640e-05,-2.847189e-04,-1.092682e-03,9.781578e-03,9.281278e-03,8.804594e-03,8.135538e-03,7.423474e-03,6.781878e-03,6.582972e-03,7.107458e-03,8.172095e-03,1.029185e-02,1.453729e-02,2.188979e-02,3.018208e-02,3.853625e-02,2.576710e-02,1.518586e-02,8.362676e-03,5.857967e-03,5.491974e-03,6.092438e-03,6.840294e-03,7.331109e-03,7.810571e-03,8.032909e-03,8.029855e-03,7.843711e-03,7.388853e-03,6.948857e-03,6.586032e-03,6.272080e-03,6.022787e-03,5.796985e-03,5.558080e-03,-8.120524e-03,-6.734015e-03,-5.347673e-03,-3.960649e-03,-2.576209e-03,-1.179159e-03,2.679480e-04,1.755911e-03,3.234692e-03,4.615773e-03,5.724189e-03,6.465605e-03,6.569393e-03,5.575391e-03,3.649517e-03,1.760729e-03,4.505968e-04,-3.888843e-04,-8.569371e-04,-1.056837e-03,-1.094155e-03,-1.043853e-03,-9.615326e-04,-8.604559e-04,-7.207649e-04,-5.491479e-04,-3.673158e-04,-1.935718e-04,-1.829051e-05,1.616328e-04,3.487844e-04,5.418589e-04,7.339844e-04,-2.047323e-04,7.942609e-04,1.795371e-03,2.776598e-03,3.694203e-03,4.499206e-03,5.167681e-03,5.623729e-03,5.788746e-03,5.580230e-03,4.922377e-03,3.677044e-03,1.856525e-03,-1.598601e-04,-1.402075e-03,-1.565192e-03,-1.231188e-03,-7.644576e-04,-2.734517e-04,1.632364e-04,5.074838e-04,7.416814e-04,8.724790e-04,9.244662e-04,9.190047e-04,8.761739e-04,8.312352e-04,8.144379e-04,8.301125e-04,8.655535e-04,9.068480e-04,9.457377e-04,9.835241e-04,-8.478698e-05,2.081883e-05,1.269601e-04,2.244237e-04,3.177886e-04,3.789293e-04,3.071373e-04,8.315394e-05,-2.234391e-04,-4.984391e-04,-7.050459e-04,-8.738224e-04,-8.910811e-04,-5.131276e-04,2.118536e-04,8.171295e-04,1.078387e-03,1.107159e-03,9.934611e-04,7.941824e-04,5.339611e-04,2.968341e-04,1.314131e-04,-7.528030e-06,-2.046402e-04,-4.266179e-04,-5.757142e-04,-5.454032e-04,-2.919167e-04,2.244247e-04,8.714114e-04,1.508076e-03,2.143391e-03,3.787439e-04,-1.276304e-04,-6.446091e-04,-1.073450e-03,-1.351260e-03,-1.513085e-03,-1.661719e-03,-1.791932e-03,-1.891125e-03,-1.946718e-03,-1.939835e-03,-1.734256e-03,-1.269565e-03,-6.531178e-04,-4.027503e-04,-6.356924e-04,-9.459365e-04,-1.136199e-03,-1.251692e-03,-1.393336e-03,-1.553143e-03,-1.654020e-03,-1.666959e-03,-1.601433e-03,-1.471641e-03,-1.276095e-03,-1.090445e-03,-9.897231e-04,-9.812198e-04,-9.429424e-04,-7.188836e-04,-3.903034e-04,-6.992926e-05
