7.270983e-04,-7.997850e-06,3.317321e-06,9.877512e-06,2.071783e-05,3.203226e-05,3.776359e-05,3.607691e-05,2.022206e-05,7.871794e-06,6.374694e-06,2.472403e-05,4.394093e-05,6.523096e-05,9.113794e-05,9.733996e-05,7.819169e-05,3.569869e-05,2.145956e-06,-1.377787e-05,-1.544652e-05,-1.303639e-05,-4.924567e-06,1.089926e-05,2.064251e-05,2.689225e-05,2.987548e-05,4.726530e-05,7.630111e-05,9.882922e-05,9.544469e-05,5.546254e-05,-2.593225e-05,-1.245450e-04,-2.240317e-04,-3.212736e-04,-2.186286e-03,-2.198764e-03,-2.211263e-03,-2.223670e-03,-2.236379e-03,-2.247720e-03,-2.258726e-03,-2.269779e-03,-2.275026e-03,-2.281461e-03,-2.288805e-03,-2.294962e-03,-2.302435e-03,-2.309679e-03,-2.314882e-03,-2.316762e-03,-2.316997e-03,-2.314887e-03,-2.311610e-03,-2.307817e-03,-2.304371e-03,-2.299801e-03,-2.298507e-03,-2.297026e-03,-2.299552e-03,-2.306298e-03,-2.315949e-03,-2.329526e-03,-2.347474e-03,-2.367810e-03,-2.389238e-03,-2.412094e-03,-2.434590e-03,-1.068683e-04,-7.760308e-05,-4.837335e-05,-1.959344e-05,7.018012e-06,3.106771e-05,4.947150e-05,5.995793e-05,6.415171e-05,6.287944e-05,5.682871e-05,4.662809e-05,3.712961e-05,2.896645e-05,2.089898e-05,1.588954e-05,1.310668e-05,1.325901e-05,1.710210e-05,2.425597e-05,3.346258e-05,4.534550e-05,5.580957e-05,6.403845e-05,6.934766e-05,7.000146e-05,6.642427e-05,6.082022e-05,5.266945e-05,4.614762e-05,3.956413e-05,3.390032e-05,2.834620e-05,3.859627e-03,3.671802e-03,3.483628e-03,3.286357e-03,3.097945e-03,2.917347e-03,2.757115e-03,2.635032e-03,2.529995e-03,2.457268e-03,2.398744e-03,2.338817e-03,2.303310e-03,2.321937e-03,2.400420e-03,2.527172e-03,2.697310e-03,2.852755e-03,2.946358e-03,2.977767e-03,2.962792e-03,2.895568e-03,2.813132e-03,2.716426e-03,2.622917e-03,2.519482e-03,2.398661e-03,2.284896e-03,2.207366e-03,2.150411e-03,2.102092e-03,2.074801e-03,2.045120e-03,-1.719870e-04,-2.083103e-04,-2.448383e-04,-2.765207e-04,-2.852991e-04,-2.556333e-04,-1.848765e-04,-9.072098e-05,4.013384e-06,8.114787e-05,1.196351e-04,1.166402e-04,9.125493e-05,6.992553e-05,3.607021e-05,5.492377e-06,-3.904782e-05,-9.835941e-05,-1.555961e-04,-1.949252e-04,-1.927029e-04,-1.411357e-04,-4.667549e-05,6.184288e-05,1.575419e-04,2.107252e-04,2.097275e-04,1.545108e-04,6.346018e-05,-3.578755e-05,-1.611728e-04,-2.950587e-04,-4.271267e-04
-7.997850e-06,6.335657e-04,2.225349e-05,-4.363911e-04,-3.711588e-04,-2.968011e-04,-2.354830e-04,-1.872856e-04,-1.625915e-04,-1.502485e-04,-1.613922e-04,-1.765731e-04,-1.976215e-04,-2.146111e-04,-2.297800e-04,-2.358207e-04,-2.470844e-04,-2.390657e-04,-2.145088e-04,-2.121806e-04,-2.173511e-04,-2.342243e-04,-2.401250e-04,-2.293742e-04,-2.106922e-04,-1.967320e-04,-1.920844e-04,-1.905693e-04,-1.891837e-04,-1.773152e-04,-1.676950e-04,-1.512445e-04,-1.547722e-04,-1.832699e-04,-2.127173e-04,-2.362064e-04,1.149011e-04,1.022166e-04,8.952799e-05,7.673472e-05,6.332117e-05,5.056653e-05,3.675225e-05,2.131445e-05,7.409915e-06,-2.903023e-06,-8.228878e-06,-8.494063e-06,-5.489549e-07,1.406793e-05,2.999269e-05,4.484407e-05,5.323959e-05,5.578004e-05,5.515788e-05,5.371403e-05,5.422407e-05,5.839510e-05,6.351642e-05,6.928225e-05,7.320246e-05,7.338811e-05,6.723956e-05,5.412252e-05,3.362551e-05,9.029542e-06,-2.167102e-05,-5.480423e-05,-8.748346e-05,-1.940695e-03,-1.933103e-03,-1.924861e-03,-1.913533e-03,-1.905085e-03,-1.898585e-03,-1.897021e-03,-1.902191e-03,-1.912068e-03,-1.925604e-03,-1.941248e-03,-1.956369e-03,-1.971399e-03,-1.981199e-03,-1.983666e-03,-1.978483e-03,-1.965840e-03,-1.951651e-03,-1.932716e-03,-1.913984e-03,-1.896919e-03,-1.880938e-03,-1.870930e-03,-1.867668e-03,-1.872393e-03,-1.885177e-03,-1.905289e-03,-1.934047e-03,-1.965657e-03,-1.999500e-03,-2.033922e-03,-2.065522e-03,-2.096723e-03,-1.731656e-04,-1.955226e-04,-2.181367e-04,-2.364986e-04,-2.379885e-04,-2.109768e-04,-1.501483e-04,-6.744155e-05,1.729185e-05,8.457063e-05,1.190982e-04,1.196719e-04,9.731014e-05,6.552498e-05,1.673731e-05,-2.692223e-05,-6.979164e-05,-1.137014e-04,-1.492205e-04,-1.678488e-04,-1.530582e-04,-1.031984e-04,-2.726105e-05,5.651248e-05,1.344878e-04,1.839933e-04,1.889858e-04,1.445329e-04,5.916753e-05,-4.370469e-05,-1.650885e-04,-2.886670e-04,-4.111638e-04,1.927714e-03,2.074829e-03,2.219791e-03,2.353592e-03,2.491853e-03,2.602170e-03,2.669091e-03,2.685022e-03,2.623855e-03,2.509078e-03,2.363155e-03,2.202760e-03,2.078298e-03,1.987317e-03,1.935851e-03,1.932642e-03,1.971810e-03,2.082183e-03,2.221101e-03,2.372696e-03,2.510024e-03,2.598234e-03,2.645432e-03,2.620636e-03,2.535690e-03,2.412807e-03,2.261780e-03,2.125492e-03,1.994245e-03,1.885691e-03,1.796415e-03,1.689125e-03,1.582170e-03
3.317321e-06,2.225349e-05,1.859928e-04,-1.280118e-03,-1.294832e-03,-1.306757e-03,-1.297620e-03,-1.305953e-03,-1.306255e-03,-1.304672e-03,-1.315595e-03,-1.290159e-03,-1.260158e-03,-1.217449e-03,-1.143519e-03,-1.084266e-03,-1.045619e-03,-1.040305e-03,-1.070713e-03,-1.128802e-03,-1.210434e-03,-1.263124e-03,-1.302739e-03,-1.333207e-03,-1.324335e-03,-1.324269e-03,-1.299357e-03,-1.268404e-03,-1.225918e-03,-1.153031e-03,-1.097820e-03,-1.057475e-03,-1.032652e-03,-1.022323e-03,-1.011579e-03,-9.987491e-04,1.458103e-05,1.619612e-05,1.783063e-05,1.935736e-05,2.086859e-05,2.119349e-05,1.471839e-05,1.375690e-06,-1.229843e-05,-1.880588e-05,-1.905790e-05,-1.744446e-05,-1.691883e-05,-1.606006e-05,-1.510440e-05,-1.446048e-05,-1.473271e-05,-1.523419e-05,-1.562576e-05,-1.550530e-05,-1.474110e-05,-1.027684e-05,7.728946e-07,1.296805e-05,1.660542e-05,1.027264e-05,-2.192076e-06,-1.891017e-05,-3.852987e-05,-6.063008e-05,-8.493099e-05,-1.102620e-04,-1.353775e-04,-5.671026e-05,-6.807544e-05,-7.952935e-05,-8.526576e-05,-8.279531e-05,-7.585095e-05,-7.171502e-05,-7.181190e-05,-7.478090e-05,-7.984708e-05,-8.631120e-05,-9.027374e-05,-8.939735e-05,-8.587243e-05,-8.119603e-05,-7.593255e-05,-6.841351e-05,-5.733053e-05,-4.712252e-05,-4.446224e-05,-4.808719e-05,-5.260837e-05,-5.355414e-05,-5.195633e-05,-4.814416e-05,-4.288924e-05,-4.089113e-05,-4.566576e-05,-5.438753e-05,-6.472703e-05,-7.469077e-05,-8.372444e-05,-9.258294e-05,2.582834e-05,1.983011e-05,1.379196e-05,8.263477e-06,3.153904e-06,3.463388e-07,1.578039e-05,5.067392e-05,9.081883e-05,1.140978e-04,1.190387e-04,1.134479e-04,9.503785e-05,4.854725e-05,-1.695833e-05,-6.820019e-05,-8.704530e-05,-8.276471e-05,-6.389229e-05,-3.560396e-05,2.462420e-06,3.809709e-05,5.971264e-05,7.516401e-05,1.036532e-04,1.381128e-04,1.536851e-04,1.325125e-04,5.987269e-05,-5.407725e-05,-1.789286e-04,-2.984210e-04,-4.181026e-04,-2.746331e-05,3.459084e-05,9.822534e-05,1.412503e-04,1.555865e-04,1.485792e-04,1.428711e-04,1.407586e-04,1.403979e-04,1.425542e-04,1.493895e-04,1.465189e-04,1.254360e-04,9.822937e-05,9.514476e-05,1.200308e-04,1.408726e-04,1.397157e-04,1.277200e-04,1.305672e-04,1.473293e-04,1.625062e-04,1.643341e-04,1.561295e-04,1.393334e-04,1.154177e-04,1.036713e-04,1.145974e-04,1.277373e-04,1.077398e-04,4.524265e-05,-3.428773e-05,-1.124731e-04
9.877512e-06,-4.363911e-04,-1.280118e-03,3.433198e-01,1.933901e-01,7.664765e-02,1.016915e-02,-1.600943e-02,-2.010394e-02,-1.420315e-02,-4.361556e-03,3.933883e-03,8.706290e-03,1.120222e-02,1.168628e-02,1.045243e-02,8.336357e-03,6.962294e-03,6.839947e-03,7.383873e-03,8.182569e-03,8.753303e-03,9.091134e-03,9.235410e-03,9.088698e-03,9.068675e-03,8.911422e-03,8.733961e-03,8.507763e-03,8.046228e-03,7.650844e-03,7.320433e-03,7.086247e-03,6.941778e-03,6.785299e-03,6.612505e-03,1.490584e-02,1.407360e-02,1.324270e-02,1.240522e-02,1.151027e-02,1.048364e-02,9.058069e-03,7.365220e-03,5.695943e-03,4.360475e-03,3.239622e-03,2.318489e-03,1.596691e-03,1.050937e-03,6.274177e-04,3.342957e-04,1.497352e-04,4.134560e-05,-1.197110e-05,-3.344989e-05,-4.466361e-05,-8.009364e-05,-1.647809e-04,-2.571146e-04,-2.872632e-04,-2.389441e-04,-1.367981e-04,4.349857e-06,1.711525e-04,3.570332e-04,5.604067e-04,7.716254e-04,9.812138e-04,-7.719010e-02,-5.976146e-02,-4.218278e-02,-2.670090e-02,-1.441122e-02,-4.866932e-03,1.846028e-03,6.130595e-03,8.438601e-03,9.207795e-03,8.888707e-03,7.845549e-03,6.442224e-03,4.965779e-03,3.637659e-03,2.580595e-03,1.768120e-03,1.179696e-03,7.892340e-04,5.895678e-04,5.347506e-04,5.574811e-04,6.050829e-04,6.717970e-04,7.459227e-04,8.188472e-04,9.140074e-04,1.050067e-03,1.206380e-03,1.368950e-03,1.526041e-03,1.674173e-03,1.820987e-03,-6.620464e-04,-5.061069e-04,-3.502870e-04,-2.323341e-04,-1.613696e-04,-1.377403e-04,-1.605944e-04,-2.574508e-04,-4.095201e-04,-5.494977e-04,-6.003871e-04,-5.889983e-04,-4.926013e-04,-2.053519e-04,2.343339e-04,5.808883e-04,7.146536e-04,6.981289e-04,5.806220e-04,3.929693e-04,1.268048e-04,-1.357603e-04,-3.109347e-04,-4.473385e-04,-6.710961e-04,-9.265095e-04,-1.037090e-03,-8.768126e-04,-3.462027e-04,4.751585e-04,1.379773e-03,2.249715e-03,3.120354e-03,5.400956e-03,2.412963e-03,-6.480799e-04,-2.795502e-03,-3.794614e-03,-4.099240e-03,-3.931397e-03,-3.506761e-03,-2.990859e-03,-2.493080e-03,-2.092006e-03,-1.718562e-03,-1.350922e-03,-1.055047e-03,-1.027737e-03,-1.279216e-03,-1.544533e-03,-1.697854e-03,-1.776279e-03,-1.937284e-03,-2.161482e-03,-2.329442e-03,-2.369212e-03,-2.298343e-03,-2.137083e-03,-1.908103e-03,-1.749760e-03,-1.753444e-03,-1.776151e-03,-1.583678e-03,-1.111194e-03,-5.146366e-04,7.267204e-05
2.071783e-05,-3.711588e-04,-1.294832e-03,1.933901e-01,1.354926e-01,6.962573e-02,2.735823e-02,5.210642e-03,-3.182515e-03,-3.433940e-03,5.592286e-04,4.752189e-03,7.597966e-03,9.453330e-03,9.973420e-03,9.288092e-03,7.994955e-03,7.170668e-03,7.151830e-03,7.613592e-03,8.327140e-03,8.839897e-03,9.163553e-03,9.334956e-03,9.216476e-03,9.197663e-03,9.025522e-03,8.830443e-03,8.579472e-03,8.100745e-03,7.709383e-03,7.396169e-03,7.183013e-03,7.063043e-03,6.932864e-03,6.786745e-03,1.147997e-02,1.046890e-02,9.458502e-03,8.444303e-03,7.378910e-03,6.235120e-03,5.044938e-03,3.884967e-03,2.870489e-03,2.132208e-03,1.554952e-03,1.100054e-03,7.542777e-04,4.977002e-04,2.956258e-04,1.573218e-04,7.491616e-05,2.941487e-05,8.267607e-06,-2.302521e-06,-1.437593e-05,-5.566932e-05,-1.472759e-04,-2.467036e-04,-2.834366e-04,-2.431039e-04,-1.511938e-04,-2.224062e-05,1.314338e-04,3.041589e-04,4.941031e-04,6.917486e-04,8.877926e-04,-4.607860e-02,-3.458005e-02,-2.296535e-02,-1.295203e-02,-5.374025e-03,1.654904e-04,3.866310e-03,6.046252e-03,7.004813e-03,7.044392e-03,6.472289e-03,5.532363e-03,4.454240e-03,3.403338e-03,2.500831e-03,1.805157e-03,1.280040e-03,8.958152e-04,6.414960e-04,5.264024e-04,5.177576e-04,5.587659e-04,6.044072e-04,6.536586e-04,6.999104e-04,7.395899e-04,7.999234e-04,9.024174e-04,1.026759e-03,1.158564e-03,1.285477e-03,1.403943e-03,1.521108e-03,-6.428438e-04,-4.743523e-04,-3.059854e-04,-1.641085e-04,-4.442284e-05,5.093723e-05,2.585404e-05,-1.331183e-04,-3.607261e-04,-5.435028e-04,-6.195335e-04,-6.177875e-04,-5.162010e-04,-2.118020e-04,2.457421e-04,6.102621e-04,7.570596e-04,7.472086e-04,6.320952e-04,4.442789e-04,1.772698e-04,-8.533604e-05,-2.587182e-04,-3.930228e-04,-6.165848e-04,-8.746834e-04,-9.901088e-04,-8.354913e-04,-3.090977e-04,5.104613e-04,1.412491e-03,2.279482e-03,3.147263e-03,3.749618e-03,1.423311e-03,-9.629311e-04,-2.609016e-03,-3.299894e-03,-3.387328e-03,-3.170138e-03,-2.811298e-03,-2.412396e-03,-2.048680e-03,-1.777592e-03,-1.520868e-03,-1.241539e-03,-1.000869e-03,-9.956484e-04,-1.238080e-03,-1.476031e-03,-1.583966e-03,-1.612923e-03,-1.729389e-03,-1.918283e-03,-2.063041e-03,-2.088928e-03,-2.015071e-03,-1.859476e-03,-1.642287e-03,-1.501954e-03,-1.525960e-03,-1.569350e-03,-1.392070e-03,-9.290559e-04,-3.424232e-04,2.348971e-04
3.203226e-05,-2.968011e-04,-1.306757e-03,7.664765e-02,6.962573e-02,6.540971e-02,4.420670e-02,2.671716e-02,1.370017e-02,7.304339e-03,5.416142e-03,5.505522e-03,6.433641e-03,7.670055e-03,8.245909e-03,8.118992e-03,7.647736e-03,7.364496e-03,7.439834e-03,7.815403e-03,8.444960e-03,8.903071e-03,9.214550e-03,9.414097e-03,9.324629e-03,9.307018e-03,9.119789e-03,8.907158e-03,8.631944e-03,8.137206e-03,7.750799e-03,7.455727e-03,7.264068e-03,7.168325e-03,7.064016e-03,6.944261e-03,7.660807e-03,6.515251e-03,5.369685e-03,4.223423e-03,3.033155e-03,1.818497e-03,9.097845e-04,3.240075e-04,-1.835924e-06,-1.168522e-04,-1.323181e-04,-1.099084e-04,-7.418931e-05,-3.968404e-05,-2.062355e-05,-5.560343e-06,1.245385e-05,2.792931e-05,3.695785e-05,3.531348e-05,2.050786e-05,-2.827778e-05,-1.281031e-04,-2.355866e-04,-2.796744e-04,-2.479788e-04,-1.668820e-04,-5.068273e-05,8.925517e-05,2.481720e-04,4.239332e-04,6.071985e-04,7.889013e-04,-1.436528e-02,-8.851672e-03,-3.256782e-03,1.222037e-03,4.017121e-03,5.480968e-03,6.103544e-03,6.119121e-03,5.675553e-03,4.940781e-03,4.079777e-03,3.216172e-03,2.444707e-03,1.807786e-03,1.324633e-03,9.879979e-04,7.504621e-04,5.719842e-04,4.559949e-04,4.275604e-04,4.669823e-04,5.280018e-04,5.731994e-04,6.062510e-04,6.255982e-04,6.326822e-04,6.584813e-04,7.273069e-04,8.193424e-04,9.199041e-04,1.016114e-03,1.104418e-03,1.191447e-03,-6.335401e-04,-4.500152e-04,-2.666625e-04,-9.904012e-05,7.041310e-05,2.378044e-04,2.102980e-04,-1.044643e-05,-3.125356e-04,-5.369056e-04,-6.369183e-04,-6.437985e-04,-5.362886e-04,-2.146712e-04,2.600259e-04,6.417411e-04,8.008801e-04,7.970732e-04,6.839038e-04,4.957862e-04,2.283991e-04,-3.329663e-05,-2.037152e-04,-3.347031e-04,-5.567434e-04,-8.165194e-04,-9.366586e-04,-7.887353e-04,-2.688057e-04,5.459365e-04,1.441979e-03,2.302676e-03,3.164268e-03,2.075743e-03,4.200898e-04,-1.281970e-03,-2.414527e-03,-2.784381e-03,-2.643975e-03,-2.370068e-03,-2.072786e-03,-1.789526e-03,-1.560612e-03,-1.421811e-03,-1.285279e-03,-1.097994e-03,-9.159321e-04,-9.350906e-04,-1.169381e-03,-1.379939e-03,-1.441333e-03,-1.419080e-03,-1.488595e-03,-1.639631e-03,-1.759310e-03,-1.770218e-03,-1.693493e-03,-1.544729e-03,-1.341211e-03,-1.221078e-03,-1.267155e-03,-1.332915e-03,-1.172651e-03,-7.212486e-04,-1.471634e-04,4.175695e-04
3.776359e-05,-2.354830e-04,-1.297620e-03,1.016915e-02,2.735823e-02,4.420670e-02,5.871391e-02,4.517149e-02,3.007037e-02,1.808377e-02,1.067104e-02,6.739360e-03,5.648421e-03,6.052992e-03,6.494227e-03,6.792135e-03,7.083063e-03,7.380495e-03,7.636332e-03,7.968296e-03,8.496289e-03,8.860990e-03,9.132111e-03,9.340458e-03,9.273200e-03,9.257472e-03,9.063853e-03,8.842117e-03,8.551129e-03,8.050086e-03,7.673409e-03,7.396864e-03,7.225218e-03,7.152256e-03,7.073399e-03,6.979609e-03,8.392892e-03,6.592570e-03,4.791486e-03,2.993276e-03,1.159049e-03,-6.408935e-04,-1.778222e-03,-2.245681e-03,-2.254174e-03,-2.031471e-03,-1.689097e-03,-1.321126e-03,-9.771844e-04,-6.842596e-04,-4.515644e-04,-2.760794e-04,-1.462491e-04,-5.578948e-05,-8.349029e-07,2.294792e-05,2.161175e-05,-1.941876e-05,-1.136585e-04,-2.179776e-04,-2.618479e-04,-2.344668e-04,-1.620468e-04,-5.790154e-05,6.821226e-05,2.126908e-04,3.734235e-04,5.414465e-04,7.079516e-04,5.938950e-03,7.165495e-03,8.440880e-03,9.005633e-03,8.483993e-03,7.159342e-03,5.775775e-03,4.492912e-03,3.326961e-03,2.328749e-03,1.538906e-03,9.820735e-04,6.444865e-04,4.735189e-04,4.133791e-04,4.116459e-04,4.241142e-04,4.130144e-04,4.002488e-04,4.295654e-04,4.937868e-04,5.568600e-04,5.888500e-04,5.973923e-04,5.853196e-04,5.583544e-04,5.500117e-04,5.863904e-04,6.479447e-04,7.195356e-04,7.876509e-04,8.485652e-04,9.082349e-04,-7.243294e-04,-5.095876e-04,-2.951803e-04,-8.683267e-05,1.476171e-04,4.041568e-04,3.990889e-04,1.376039e-04,-2.284370e-04,-4.941886e-04,-6.259788e-04,-6.537783e-04,-5.554928e-04,-2.337412e-04,2.422099e-04,6.299324e-04,7.977412e-04,8.016624e-04,6.951823e-04,5.129090e-04,2.517511e-04,-3.626690e-06,-1.682333e-04,-2.941442e-04,-5.114783e-04,-7.684943e-04,-8.900890e-04,-7.489103e-04,-2.409406e-04,5.588463e-04,1.437816e-03,2.281598e-03,3.126353e-03,8.341558e-04,-2.931571e-04,-1.453235e-03,-2.195759e-03,-2.336550e-03,-2.030281e-03,-1.725546e-03,-1.489076e-03,-1.306146e-03,-1.189316e-03,-1.155741e-03,-1.112421e-03,-9.948924e-04,-8.549444e-04,-8.858062e-04,-1.102757e-03,-1.282448e-03,-1.302253e-03,-1.238104e-03,-1.270274e-03,-1.391492e-03,-1.492412e-03,-1.494126e-03,-1.418469e-03,-1.278774e-03,-1.089889e-03,-9.878016e-04,-1.050714e-03,-1.133037e-03,-9.883020e-04,-5.522219e-04,4.114601e-06,5.511923e-04
3.607691e-05,-1.872856e-04,-1.305953e-03,-1.600943e-02,5.210642e-03,2.671716e-02,4.517149e-02,5.775928e-02,4.430071e-02,3.076189e-02,1.842208e-02,1.031139e-02,6.547727e-03,5.404815e-03,5.209102e-03,5.652760e-03,6.530335e-03,7.350857e-03,7.851028e-03,8.221492e-03,8.680852e-03,8.948279e-03,9.173323e-03,9.386756e-03,9.338512e-03,9.327539e-03,9.131153e-03,8.900865e-03,8.591921e-03,8.077208e-03,7.700984e-03,7.433941e-03,7.276581e-03,7.224014e-03,7.168941e-03,7.099087e-03,7.023653e-03,4.997456e-03,2.970005e-03,9.477309e-04,-1.102642e-03,-3.077835e-03,-4.166648e-03,-4.343472e-03,-3.947505e-03,-3.399640e-03,-2.775358e-03,-2.161471e-03,-1.605246e-03,-1.134202e-03,-7.496103e-04,-4.589808e-04,-2.505094e-04,-1.093620e-04,-2.484211e-05,1.456823e-05,2.221867e-05,-1.207060e-05,-1.000391e-04,-1.994827e-04,-2.401450e-04,-2.126675e-04,-1.434887e-04,-4.520167e-05,7.373133e-05,2.106553e-04,3.635540e-04,5.236996e-04,6.823378e-04,1.276356e-02,1.156473e-02,1.038742e-02,8.852716e-03,6.740906e-03,4.234736e-03,2.197937e-03,7.135909e-04,-3.066207e-04,-9.091449e-04,-1.154412e-03,-1.102514e-03,-8.482124e-04,-4.974078e-04,-1.451828e-04,1.422407e-04,3.434458e-04,4.405721e-04,4.796732e-04,5.266168e-04,5.858598e-04,6.296443e-04,6.338893e-04,6.091368e-04,5.614847e-04,4.998427e-04,4.596331e-04,4.680085e-04,5.048471e-04,5.538789e-04,6.005103e-04,6.406124e-04,6.794698e-04,-7.619881e-04,-5.348854e-04,-3.081795e-04,-7.985868e-05,1.909818e-04,4.993486e-04,5.017201e-04,1.947390e-04,-2.341157e-04,-5.248908e-04,-6.649263e-04,-6.925135e-04,-5.893745e-04,-2.593261e-04,2.218625e-04,6.148618e-04,7.869904e-04,7.933571e-04,6.883977e-04,5.071678e-04,2.470658e-04,-6.508827e-06,-1.683219e-04,-2.911297e-04,-5.064733e-04,-7.632474e-04,-8.861290e-04,-7.474259e-04,-2.421210e-04,5.558762e-04,1.432144e-03,2.272701e-03,3.114334e-03,-4.261159e-05,-7.594174e-04,-1.497513e-03,-1.951019e-03,-1.949757e-03,-1.560942e-03,-1.266271e-03,-1.096707e-03,-1.000938e-03,-9.729427e-04,-1.017596e-03,-1.035533e-03,-9.533758e-04,-8.260033e-04,-8.486434e-04,-1.039778e-03,-1.186783e-03,-1.168983e-03,-1.070439e-03,-1.076617e-03,-1.180989e-03,-1.274209e-03,-1.274397e-03,-1.203602e-03,-1.073268e-03,-8.963851e-04,-8.089615e-04,-8.865241e-04,-9.828834e-04,-8.483247e-04,-4.183824e-04,1.313272e-04,6.717254e-04
2.022206e-05,-1.625915e-04,-1.306255e-03,-2.010394e-02,-3.182515e-03,1.370017e-02,3.007037e-02,4.430071e-02,5.725035e-02,4.514704e-02,3.042411e-02,1.748087e-02,9.999293e-03,6.184906e-03,4.672576e-03,4.877474e-03,6.003003e-03,7.078604e-03,7.746279e-03,8.218705e-03,8.694770e-03,8.932106e-03,9.145607e-03,9.376974e-03,9.351839e-03,9.346966e-03,9.148546e-03,8.909403e-03,8.584251e-03,8.057350e-03,7.678413e-03,7.418399e-03,7.276348e-03,7.245042e-03,7.213469e-03,7.167174e-03,-5.120566e-03,-5.789811e-03,-6.460483e-03,-7.125064e-03,-7.810140e-03,-8.403965e-03,-8.114002e-03,-6.931806e-03,-5.353897e-03,-4.035586e-03,-2.951742e-03,-2.089496e-03,-1.413429e-03,-8.930451e-04,-4.888716e-04,-2.035042e-04,-1.550856e-05,9.421973e-05,1.418693e-04,1.441674e-04,1.200041e-04,6.171798e-05,-4.196556e-05,-1.509723e-04,-1.966989e-04,-1.718976e-04,-1.042164e-04,-6.762635e-06,1.117752e-04,2.486359e-04,4.015484e-04,5.616945e-04,7.203370e-04,1.277524e-02,1.040240e-02,8.033284e-03,5.546582e-03,2.853389e-03,9.510395e-05,-1.890326e-03,-3.080881e-03,-3.628319e-03,-3.642444e-03,-3.244448e-03,-2.574954e-03,-1.792018e-03,-1.018729e-03,-3.669537e-04,1.064394e-04,4.103509e-04,5.540423e-04,6.038990e-04,6.416718e-04,6.809345e-04,6.996136e-04,6.773861e-04,6.259775e-04,5.529704e-04,4.686871e-04,4.090243e-04,4.009375e-04,4.236835e-04,4.600227e-04,4.947083e-04,5.232955e-04,5.506332e-04,-6.334428e-04,-4.262877e-04,-2.192833e-04,-9.447642e-06,2.364586e-04,5.026525e-04,4.422602e-04,4.423404e-05,-4.634811e-04,-7.521386e-04,-8.459784e-04,-8.138158e-04,-6.574403e-04,-2.907898e-04,2.056361e-04,6.011577e-04,7.672278e-04,7.642861e-04,6.505360e-04,4.624524e-04,1.974869e-04,-5.844361e-05,-2.210089e-04,-3.430797e-04,-5.569699e-04,-8.119399e-04,-9.331447e-04,-7.938369e-04,-2.895591e-04,5.067184e-04,1.380456e-03,2.217926e-03,3.056568e-03,-5.951862e-04,-1.019636e-03,-1.457721e-03,-1.703587e-03,-1.615291e-03,-1.221061e-03,-9.769080e-04,-8.824953e-04,-8.616794e-04,-8.997843e-04,-1.000777e-03,-1.055187e-03,-9.836748e-04,-8.506576e-04,-8.520869e-04,-1.012149e-03,-1.127345e-03,-1.080968e-03,-9.607819e-04,-9.533102e-04,-1.051660e-03,-1.145551e-03,-1.150880e-03,-1.088369e-03,-9.677031e-04,-8.003541e-04,-7.217881e-04,-8.060651e-04,-9.076678e-04,-7.767099e-04,-3.486153e-04,1.988173e-04,7.369034e-04
7.871794e-06,-1.502485e-04,-1.304672e-03,-1.420315e-02,-3.433940e-03,7.304339e-03,1.808377e-02,3.076189e-02,4.514704e-02,5.778094e-02,4.341136e-02,2.873482e-02,1.718560e-02,9.790461e-03,6.028234e-03,5.179649e-03,5.786821e-03,6.628082e-03,7.324650e-03,7.951384e-03,8.559042e-03,8.875295e-03,9.125511e-03,9.367289e-03,9.342521e-03,9.340181e-03,9.146238e-03,8.906731e-03,8.578933e-03,8.048413e-03,7.662860e-03,7.398158e-03,7.254642e-03,7.222465e-03,7.190257e-03,7.143422e-03,-1.298667e-02,-1.240569e-02,-1.182600e-02,-1.124070e-02,-1.066934e-02,-1.001311e-02,-8.645418e-03,-6.494695e-03,-4.154428e-03,-2.505438e-03,-1.428620e-03,-7.591039e-04,-3.386707e-04,-7.007479e-05,1.214477e-04,2.337197e-04,2.875300e-04,2.942127e-04,2.661642e-04,2.155365e-04,1.568987e-04,7.806908e-05,-3.645582e-05,-1.494945e-04,-1.945865e-04,-1.654820e-04,-9.090216e-05,1.509929e-05,1.427808e-04,2.889062e-04,4.510250e-04,6.203404e-04,7.881589e-04,9.781741e-03,7.541878e-03,5.297561e-03,3.048759e-03,7.641028e-04,-1.472669e-03,-3.009724e-03,-3.832468e-03,-4.069894e-03,-3.818896e-03,-3.174540e-03,-2.335891e-03,-1.487770e-03,-7.174218e-04,-1.187823e-04,2.796366e-04,5.073585e-04,5.906894e-04,5.966562e-04,6.034736e-04,6.224425e-04,6.289589e-04,6.005525e-04,5.478273e-04,4.771220e-04,3.975789e-04,3.440885e-04,3.424003e-04,3.716702e-04,4.144937e-04,4.557305e-04,4.909642e-04,5.249530e-04,-4.273425e-04,-2.639063e-04,-1.003458e-04,6.405144e-05,2.500087e-04,4.326007e-04,3.101922e-04,-1.621165e-04,-7.329568e-04,-1.001976e-03,-1.022524e-03,-9.062978e-04,-6.839900e-04,-2.788639e-04,2.290574e-04,6.197489e-04,7.717724e-04,7.525009e-04,6.238029e-04,4.238893e-04,1.507760e-04,-1.092295e-04,-2.727054e-04,-3.932684e-04,-6.041816e-04,-8.556624e-04,-9.736816e-04,-8.323866e-04,-3.277966e-04,4.678608e-04,1.340380e-03,2.176262e-03,3.013374e-03,-5.733406e-04,-9.152027e-04,-1.266850e-03,-1.474780e-03,-1.423398e-03,-1.124607e-03,-9.530945e-04,-8.999746e-04,-8.954445e-04,-9.367736e-04,-1.046350e-03,-1.096591e-03,-1.002244e-03,-8.435462e-04,-8.185993e-04,-9.570698e-04,-1.057613e-03,-1.005111e-03,-8.850729e-04,-8.807670e-04,-9.840752e-04,-1.083764e-03,-1.094798e-03,-1.038074e-03,-9.228466e-04,-7.599420e-04,-6.846091e-04,-7.701404e-04,-8.719654e-04,-7.407398e-04,-3.118513e-04,2.360414e-04,7.745736e-04
6.374694e-06,-1.613922e-04,-1.315595e-03,-4.361556e-03,5.592286e-04,5.416142e-03,1.067104e-02,1.842208e-02,3.042411e-02,4.341136e-02,5.452885e-02,4.188184e-02,2.915768e-02,1.746091e-02,1.032366e-02,7.175577e-03,6.196360e-03,6.154404e-03,6.693055e-03,7.516552e-03,8.363396e-03,8.857789e-03,9.195411e-03,9.447167e-03,9.404406e-03,9.407494e-03,9.230534e-03,8.999380e-03,8.676576e-03,8.142284e-03,7.740208e-03,7.453941e-03,7.288369e-03,7.232927e-03,7.177548e-03,7.107347e-03,-1.315743e-02,-1.172596e-02,-1.029537e-02,-8.860860e-03,-7.433257e-03,-5.947924e-03,-4.042940e-03,-1.649770e-03,6.128467e-04,1.799081e-03,2.124408e-03,1.974511e-03,1.655429e-03,1.300942e-03,1.002327e-03,7.479211e-04,5.409798e-04,3.701903e-04,2.327026e-04,1.240740e-04,4.240861e-05,-3.811495e-05,-1.440757e-04,-2.432281e-04,-2.718246e-04,-2.235216e-04,-1.278030e-04,4.024291e-07,1.502072e-04,3.180320e-04,5.017261e-04,6.927055e-04,8.821695e-04,5.465731e-03,3.928264e-03,2.384715e-03,8.756812e-04,-5.856269e-04,-1.931259e-03,-2.754538e-03,-3.048657e-03,-2.904164e-03,-2.395421e-03,-1.571990e-03,-7.291242e-04,-7.851647e-05,3.897929e-04,6.581124e-04,7.610350e-04,7.506348e-04,6.707300e-04,5.748814e-04,5.225230e-04,5.121012e-04,5.088591e-04,4.830457e-04,4.426631e-04,3.909190e-04,3.339795e-04,3.048932e-04,3.275426e-04,3.808100e-04,4.473739e-04,5.122954e-04,5.711373e-04,6.287210e-04,-6.820135e-05,1.842253e-05,1.055155e-04,1.887192e-04,2.710182e-04,3.195911e-04,1.056674e-04,-4.248840e-04,-1.012551e-03,-1.226208e-03,-1.138668e-03,-9.206939e-04,-6.345013e-04,-1.985164e-04,3.145860e-04,6.936028e-04,8.254116e-04,7.848122e-04,6.361457e-04,4.192618e-04,1.328143e-04,-1.360689e-04,-3.034089e-04,-4.243007e-04,-6.341159e-04,-8.838751e-04,-9.987343e-04,-8.520850e-04,-3.391519e-04,4.671121e-04,1.350920e-03,2.197680e-03,3.045677e-03,-4.374180e-04,-7.655826e-04,-1.102569e-03,-1.314170e-03,-1.316990e-03,-1.134326e-03,-1.043593e-03,-1.033560e-03,-1.048480e-03,-1.098034e-03,-1.226026e-03,-1.263521e-03,-1.114913e-03,-8.937074e-04,-8.171752e-04,-9.270392e-04,-1.018145e-03,-9.751728e-04,-8.747070e-04,-8.928597e-04,-1.017028e-03,-1.131886e-03,-1.151370e-03,-1.097707e-03,-9.815876e-04,-8.149753e-04,-7.350462e-04,-8.165690e-04,-9.143232e-04,-7.775690e-04,-3.411722e-04,2.154240e-04,7.625779e-04
2.472403e-05,-1.765731e-04,-1.290159e-03,3.933883e-03,4.752189e-03,5.505522e-03,6.739360e-03,1.031139e-02,1.748087e-02,2.873482e-02,4.188184e-02,5.530019e-02,4.337930e-02,2.923731e-02,1.766452e-02,1.087431e-02,7.062766e-03,5.397885e-03,5.510143e-03,6.536776e-03,7.714590e-03,8.485274e-03,8.971083e-03,9.264813e-03,9.221633e-03,9.230830e-03,9.067189e-03,8.846254e-03,8.540665e-03,8.019843e-03,7.608904e-03,7.304490e-03,7.117990e-03,7.035057e-03,6.949692e-03,6.849852e-03,-9.434629e-03,-7.563609e-03,-5.693031e-03,-3.820374e-03,-1.948873e-03,-4.967555e-05,2.012197e-03,4.231877e-03,6.007797e-03,6.478613e-03,5.892552e-03,4.867330e-03,3.826721e-03,2.865734e-03,2.074438e-03,1.442641e-03,9.572881e-04,5.841318e-04,3.074889e-04,1.082702e-04,-2.975476e-05,-1.434985e-04,-2.678793e-04,-3.744045e-04,-4.030264e-04,-3.474030e-04,-2.380451e-04,-9.188162e-05,7.743221e-05,2.648674e-04,4.680120e-04,6.782484e-04,8.870094e-04,1.624053e-03,7.549922e-04,-1.188955e-04,-9.502748e-04,-1.681368e-03,-2.217595e-03,-2.330344e-03,-2.029107e-03,-1.393176e-03,-4.993817e-04,6.296229e-04,1.533137e-03,1.930698e-03,1.962937e-03,1.749835e-03,1.422816e-03,1.066417e-03,7.508753e-04,5.088855e-04,3.698898e-04,3.164168e-04,3.013035e-04,2.851577e-04,2.705609e-04,2.548334e-04,2.383626e-04,2.499600e-04,3.099335e-04,3.975909e-04,4.966120e-04,5.932076e-04,6.834529e-04,7.724698e-04,3.544605e-04,3.578752e-04,3.620317e-04,3.577845e-04,3.333289e-04,2.519015e-04,-4.869503e-05,-6.023537e-04,-1.157502e-03,-1.307231e-03,-1.118396e-03,-8.238376e-04,-5.095956e-04,-7.028286e-05,4.323289e-04,7.942205e-04,9.110346e-04,8.602851e-04,7.041510e-04,4.822414e-04,1.938194e-04,-7.586423e-05,-2.435821e-04,-3.642300e-04,-5.708029e-04,-8.163861e-04,-9.297986e-04,-7.861205e-04,-2.816216e-04,5.114088e-04,1.381204e-03,2.215294e-03,3.050499e-03,-4.295223e-04,-7.162763e-04,-1.012012e-03,-1.189281e-03,-1.195401e-03,-1.076911e-03,-1.039398e-03,-1.073537e-03,-1.135017e-03,-1.235226e-03,-1.431402e-03,-1.487189e-03,-1.283532e-03,-9.772795e-04,-8.220811e-04,-8.800628e-04,-9.492479e-04,-9.188359e-04,-8.491272e-04,-8.988605e-04,-1.048956e-03,-1.181414e-03,-1.211425e-03,-1.162342e-03,-1.046885e-03,-8.788829e-04,-7.943486e-04,-8.681736e-04,-9.583416e-04,-8.193651e-04,-3.880080e-04,1.614543e-04,7.017023e-04
4.394093e-05,-1.976215e-04,-1.260158e-03,8.706290e-03,7.597966e-03,6.433641e-03,5.648421e-03,6.547727e-03,9.999293e-03,1.718560e-02,2.915768e-02,4.337930e-02,5.543769e-02,4.140624e-02,2.790659e-02,1.664090e-02,8.983793e-03,4.841827e-03,4.057951e-03,5.154873e-03,6.728125e-03,7.899979e-03,8.629713e-03,9.051802e-03,9.063438e-03,9.071260e-03,8.876160e-03,8.641429e-03,8.354831e-03,7.855262e-03,7.441429e-03,7.131111e-03,6.943010e-03,6.846537e-03,6.736602e-03,6.613006e-03,-7.297633e-03,-5.445427e-03,-3.593422e-03,-1.740383e-03,1.139194e-04,1.979494e-03,3.880467e-03,5.781997e-03,7.224211e-03,7.571246e-03,6.911356e-03,5.927363e-03,5.013889e-03,4.100161e-03,3.257973e-03,2.533469e-03,1.934531e-03,1.425854e-03,1.000799e-03,6.474258e-04,3.576012e-04,1.018066e-04,-1.462636e-04,-3.510157e-04,-4.508874e-04,-4.396991e-04,-3.520416e-04,-2.108784e-04,-3.758013e-05,1.578088e-04,3.701911e-04,5.892384e-04,8.068911e-04,-6.263591e-04,-7.758613e-04,-9.283886e-04,-1.053242e-03,-1.091284e-03,-9.529094e-04,-5.199946e-04,1.951717e-04,1.134436e-03,2.229115e-03,3.494160e-03,4.308319e-03,4.296656e-03,3.718737e-03,2.884353e-03,2.031623e-03,1.266881e-03,6.806675e-04,2.763523e-04,4.278538e-05,-4.988424e-05,-6.083012e-05,-4.110314e-05,1.795904e-06,5.487148e-05,1.083855e-04,1.847948e-04,2.998418e-04,4.342366e-04,5.737949e-04,7.076397e-04,8.336798e-04,9.585541e-04,5.350478e-04,5.097147e-04,4.851364e-04,4.509240e-04,3.916756e-04,2.733595e-04,-2.748305e-05,-5.303975e-04,-1.027453e-03,-1.183235e-03,-1.004103e-03,-7.449059e-04,-4.863515e-04,-7.586979e-05,4.272145e-04,8.002980e-04,9.340840e-04,9.038004e-04,7.668192e-04,5.612533e-04,2.862094e-04,2.506297e-05,-1.400207e-04,-2.626925e-04,-4.718491e-04,-7.209146e-04,-8.412032e-04,-7.088140e-04,-2.206603e-04,5.516327e-04,1.400707e-03,2.216057e-03,3.032344e-03,-3.661311e-04,-6.578019e-04,-9.587739e-04,-1.140263e-03,-1.163257e-03,-1.084204e-03,-1.069980e-03,-1.122877e-03,-1.216763e-03,-1.366166e-03,-1.639394e-03,-1.729549e-03,-1.478685e-03,-1.077497e-03,-8.363856e-04,-8.412794e-04,-8.903750e-04,-8.769668e-04,-8.426630e-04,-9.253393e-04,-1.101748e-03,-1.252753e-03,-1.295631e-03,-1.253618e-03,-1.140572e-03,-9.714811e-04,-8.807617e-04,-9.436611e-04,-1.022286e-03,-8.776437e-04,-4.489215e-04,9.576496e-05,6.315012e-04
6.523096e-05,-2.146111e-04,-1.217449e-03,1.120222e-02,9.453330e-03,7.670055e-03,6.052992e-03,5.404815e-03,6.184906e-03,9.790461e-03,1.746091e-02,2.923731e-02,4.140624e-02,5.227014e-02,3.960438e-02,2.591255e-02,1.322365e-02,5.299698e-03,2.616756e-03,3.356035e-03,5.278502e-03,6.977239e-03,8.065330e-03,8.704985e-03,8.825666e-03,8.841784e-03,8.594200e-03,8.336246e-03,8.079953e-03,7.614919e-03,7.201629e-03,6.889666e-03,6.705885e-03,6.592127e-03,6.445333e-03,6.286345e-03,-8.806428e-03,-6.919754e-03,-5.033158e-03,-3.146076e-03,-1.257306e-03,6.358440e-04,2.526219e-03,4.353312e-03,5.817063e-03,6.546156e-03,6.502963e-03,6.281154e-03,6.099112e-03,5.629926e-03,4.925150e-03,4.186253e-03,3.499023e-03,2.836226e-03,2.210391e-03,1.626442e-03,1.094393e-03,6.023325e-04,1.433605e-04,-2.322265e-04,-4.585830e-04,-5.296423e-04,-4.868339e-04,-3.630068e-04,-1.920590e-04,7.808369e-06,2.267970e-04,4.517072e-04,6.753599e-04,-2.424716e-03,-1.403033e-03,-3.828761e-04,6.426895e-04,1.700217e-03,2.831196e-03,4.072825e-03,5.371057e-03,6.634667e-03,7.758639e-03,8.726031e-03,8.874606e-03,7.853239e-03,6.095527e-03,4.205191e-03,2.554833e-03,1.224691e-03,2.908418e-04,-3.003093e-04,-6.282532e-04,-7.409350e-04,-7.138432e-04,-6.143474e-04,-4.649571e-04,-2.939145e-04,-1.258675e-04,5.291885e-05,2.523769e-04,4.562731e-04,6.543347e-04,8.408250e-04,1.016940e-03,1.192005e-03,5.947324e-04,5.710224e-04,5.479416e-04,5.157912e-04,4.615947e-04,3.566985e-04,9.638673e-05,-3.236456e-04,-7.450808e-04,-9.217785e-04,-8.228744e-04,-6.842169e-04,-5.425793e-04,-1.781855e-04,3.485462e-04,7.643745e-04,9.399975e-04,9.487841e-04,8.442245e-04,6.643453e-04,4.097348e-04,1.620782e-04,1.527728e-06,-1.240470e-04,-3.378416e-04,-5.936305e-04,-7.260234e-04,-6.125684e-04,-1.509558e-04,5.886163e-04,1.404914e-03,2.190251e-03,2.976295e-03,-1.217387e-04,-4.658093e-04,-8.191042e-04,-1.053076e-03,-1.135652e-03,-1.123573e-03,-1.168358e-03,-1.279626e-03,-1.437074e-03,-1.641951e-03,-1.940071e-03,-1.994262e-03,-1.634364e-03,-1.085250e-03,-7.390601e-04,-7.054417e-04,-7.611334e-04,-7.930355e-04,-8.175918e-04,-9.451823e-04,-1.151740e-03,-1.321329e-03,-1.376220e-03,-1.340727e-03,-1.229938e-03,-1.059450e-03,-9.609685e-04,-1.009183e-03,-1.072192e-03,-9.198291e-04,-4.945424e-04,4.347689e-05,5.729123e-04
9.113794e-05,-2.297800e-04,-1.143519e-03,1.168628e-02,9.973420e-03,8.245909e-03,6.494227e-03,5.209102e-03,4.672576e-03,6.028234e-03,1.032366e-02,1.766452e-02,2.790659e-02,3.960438e-02,5.112958e-02,3.690689e-02,2.116362e-02,8.306464e-03,2.347824e-03,1.672057e-03,3.450958e-03,5.540650e-03,7.021629e-03,7.965266e-03,8.276453e-03,8.368980e-03,8.127117e-03,7.859705e-03,7.608833e-03,7.161383e-03,6.751956e-03,6.452127e-03,6.286816e-03,6.175165e-03,6.018849e-03,5.851759e-03,-1.287174e-02,-1.061768e-02,-8.363675e-03,-6.109305e-03,-3.853875e-03,-1.594069e-03,6.758304e-04,2.887726e-03,4.854668e-03,6.377889e-03,7.305576e-03,8.002136e-03,8.459867e-03,8.154924e-03,7.200523e-03,6.084936e-03,5.054694e-03,4.076449e-03,3.163615e-03,2.320134e-03,1.555487e-03,8.632193e-04,2.443442e-04,-2.490796e-04,-5.564202e-04,-6.760425e-04,-6.557425e-04,-5.361358e-04,-3.600708e-04,-1.511847e-04,7.768743e-05,3.117374e-04,5.446770e-04,-3.293247e-03,-1.346377e-03,5.997107e-04,2.533460e-03,4.442103e-03,6.310317e-03,8.128003e-03,9.796535e-03,1.118016e-02,1.213400e-02,1.258225e-02,1.194232e-02,9.920100e-03,7.083051e-03,4.353614e-03,2.216419e-03,6.413523e-04,-3.699723e-04,-9.363371e-04,-1.210873e-03,-1.254623e-03,-1.147752e-03,-9.614508e-04,-7.239815e-04,-4.690127e-04,-2.267057e-04,1.335764e-05,2.589045e-04,4.973103e-04,7.222894e-04,9.323273e-04,1.130682e-03,1.328101e-03,6.408216e-04,6.383829e-04,6.364349e-04,6.262160e-04,5.979223e-04,5.261163e-04,3.106566e-04,-4.841966e-05,-4.360268e-04,-6.757594e-04,-7.149533e-04,-7.256071e-04,-6.829996e-04,-3.178825e-04,2.920478e-04,7.955946e-04,1.029348e-03,1.074709e-03,9.900904e-04,8.198748e-04,5.715819e-04,3.255682e-04,1.593196e-04,2.455657e-05,-1.929557e-04,-4.493309e-04,-5.879973e-04,-4.921549e-04,-6.396223e-05,6.287384e-04,1.395903e-03,2.135598e-03,2.875749e-03,1.005686e-04,-2.953664e-04,-6.998619e-04,-9.899233e-04,-1.136142e-03,-1.187484e-03,-1.288270e-03,-1.450245e-03,-1.651643e-03,-1.879379e-03,-2.145313e-03,-2.137782e-03,-1.679837e-03,-1.003478e-03,-5.889222e-04,-5.653577e-04,-6.671236e-04,-7.643985e-04,-8.529762e-04,-1.015589e-03,-1.232568e-03,-1.399535e-03,-1.449157e-03,-1.407472e-03,-1.291584e-03,-1.118232e-03,-1.012690e-03,-1.046773e-03,-1.096296e-03,-9.449724e-04,-5.396496e-04,-2.789141e-05,4.758819e-04
9.733996e-05,-2.358207e-04,-1.084266e-03,1.045243e-02,9.288092e-03,8.118992e-03,6.792135e-03,5.652760e-03,4.877474e-03,5.179649e-03,7.175577e-03,1.087431e-02,1.664090e-02,2.591255e-02,3.690689e-02,4.642050e-02,3.094224e-02,1.609879e-02,5.973442e-03,2.403550e-03,2.724991e-03,4.395995e-03,5.934285e-03,7.091611e-03,7.608095e-03,7.872192e-03,7.769426e-03,7.540110e-03,7.240534e-03,6.758311e-03,6.359514e-03,6.089837e-03,5.950685e-03,5.874854e-03,5.771175e-03,5.656439e-03,-1.431294e-02,-1.195286e-02,-9.592875e-03,-7.232354e-03,-4.871641e-03,-2.503295e-03,-9.606044e-05,2.307423e-03,4.598361e-03,6.662774e-03,8.273204e-03,9.502178e-03,1.012912e-02,9.531102e-03,7.931071e-03,6.170983e-03,4.708324e-03,3.482722e-03,2.467282e-03,1.627324e-03,9.313416e-04,3.494161e-04,-1.384120e-04,-5.052224e-04,-7.085081e-04,-7.544502e-04,-6.886489e-04,-5.459725e-04,-3.602184e-04,-1.484032e-04,8.059162e-05,3.148584e-04,5.480156e-04,-2.354156e-03,-5.140267e-04,1.325702e-03,3.138027e-03,4.882141e-03,6.511624e-03,8.006283e-03,9.266824e-03,1.016066e-02,1.055284e-02,1.034710e-02,9.165472e-03,6.848120e-03,3.972266e-03,1.574907e-03,9.520277e-05,-7.417470e-04,-1.110098e-03,-1.160996e-03,-1.067260e-03,-8.816524e-04,-6.579546e-04,-4.382889e-04,-2.295597e-04,-4.273749e-05,1.137748e-04,2.636774e-04,4.242037e-04,5.843011e-04,7.381395e-04,8.822642e-04,1.017269e-03,1.151332e-03,5.725104e-04,6.010473e-04,6.299558e-04,6.516075e-04,6.592971e-04,6.297973e-04,4.604209e-04,1.425163e-04,-2.411714e-04,-5.555535e-04,-7.396325e-04,-8.800318e-04,-8.909108e-04,-4.774826e-04,2.590226e-04,8.747553e-04,1.159015e-03,1.211462e-03,1.109269e-03,9.109041e-04,6.363915e-04,3.674032e-04,1.803090e-04,3.203651e-05,-1.849230e-04,-4.298714e-04,-5.565186e-04,-4.562482e-04,-3.884176e-05,6.291927e-04,1.367603e-03,2.079801e-03,2.792413e-03,2.169196e-04,-2.223836e-04,-6.697218e-04,-1.004863e-03,-1.194760e-03,-1.278722e-03,-1.394960e-03,-1.554826e-03,-1.735204e-03,-1.916024e-03,-2.082734e-03,-1.994736e-03,-1.504834e-03,-8.242508e-04,-4.716224e-04,-5.682994e-04,-7.786673e-04,-9.361603e-04,-1.045026e-03,-1.189355e-03,-1.362609e-03,-1.480271e-03,-1.488153e-03,-1.414049e-03,-1.277156e-03,-1.095553e-03,-9.872846e-04,-1.020160e-03,-1.072467e-03,-9.374913e-04,-5.637678e-04,-8.920936e-05,3.777952e-04
7.819169e-05,-2.470844e-04,-1.045619e-03,8.336357e-03,7.994955e-03,7.647736e-03,7.083063e-03,6.530335e-03,6.003003e-03,5.786821e-03,6.196360e-03,7.062766e-03,8.983793e-03,1.322365e-02,2.116362e-02,3.094224e-02,4.088273e-02,2.786888e-02,1.636029e-02,8.490759e-03,5.381384e-03,4.846888e-03,5.418310e-03,6.218220e-03,6.698399e-03,7.177630e-03,7.410027e-03,7.355274e-03,7.040314e-03,6.530164e-03,6.171468e-03,5.917078e-03,5.738478e-03,5.657285e-03,5.602782e-03,5.534329e-03,-8.439448e-03,-7.058556e-03,-5.677771e-03,-4.296357e-03,-2.914923e-03,-1.525327e-03,-9.041766e-05,1.377431e-03,2.824558e-03,4.185994e-03,5.285762e-03,6.033935e-03,6.140613e-03,5.036845e-03,2.963845e-03,9.598093e-04,-3.957796e-04,-1.210512e-03,-1.603505e-03,-1.694077e-03,-1.605419e-03,-1.426037e-03,-1.229474e-03,-1.037305e-03,-8.304007e-04,-6.131865e-04,-4.063735e-04,-2.130113e-04,-2.731303e-05,1.597062e-04,3.548964e-04,5.567789e-04,7.573089e-04,-1.713300e-04,6.681607e-04,1.507775e-03,2.308001e-03,3.023566e-03,3.617545e-03,4.081811e-03,4.356738e-03,4.359614e-03,4.010122e-03,3.238552e-03,1.906080e-03,2.448022e-05,-1.869162e-03,-2.823787e-03,-2.614370e-03,-1.887588e-03,-1.089768e-03,-3.403354e-04,2.778919e-04,7.300880e-04,1.010688e-03,1.133764e-03,1.139437e-03,1.065555e-03,9.508481e-04,8.461181e-04,7.884909e-04,7.637440e-04,7.603437e-04,7.635518e-04,7.651319e-04,7.655904e-04,4.175081e-04,4.580544e-04,4.989021e-04,5.334485e-04,5.571036e-04,5.498931e-04,4.120679e-04,1.295158e-04,-2.301850e-04,-5.492796e-04,-7.825529e-04,-9.574050e-04,-9.616898e-04,-5.160016e-04,2.871024e-04,9.522422e-04,1.234044e-03,1.244994e-03,1.085104e-03,8.272086e-04,5.049070e-04,2.008217e-04,-8.729176e-06,-1.611843e-04,-3.603905e-04,-5.700859e-04,-6.556024e-04,-5.187272e-04,-8.029008e-05,5.936770e-04,1.331464e-03,2.041098e-03,2.751383e-03,1.444057e-04,-3.140462e-04,-7.804201e-04,-1.132794e-03,-1.333093e-03,-1.414581e-03,-1.504524e-03,-1.611720e-03,-1.712493e-03,-1.787484e-03,-1.811679e-03,-1.629361e-03,-1.155767e-03,-5.882036e-04,-4.300730e-04,-7.589989e-04,-1.140369e-03,-1.345246e-03,-1.419141e-03,-1.494702e-03,-1.579538e-03,-1.610784e-03,-1.547276e-03,-1.418053e-03,-1.244972e-03,-1.048390e-03,-9.390786e-04,-9.815842e-04,-1.051037e-03,-9.457224e-04,-6.121915e-04,-1.819295e-04,2.409730e-04
