function [ColorList] = PlotFig_ColorLib()

ColorList = ...
    [0.57, 0.69, 0.30;...
    0.89, 0.88, 0.57;...
    0.76, 0.49, 0.58;...
    0.47, 0.76, 0.81;...
    0.21, 0.21, 0.35;...
    0.28, 0.57, 0.54;...
    0.07, 0.35, 0.40;...
    0.41, 0.20, 0.42;...
    0.60, 0.24, 0.18;...
    0.76, 0.84, 0.65;...
    0.77, 0.18, 0.78;...
    0.21, 0.33, 0.64;...
    0.88, 0.17, 0.56;...
    0.20, 0.69, 0.28;...
    0.26, 0.15, 0.47;...
    0.83, 0.27, 0.44;...
    0.87, 0.85, 0.42;...
    0.85, 0.51, 0.87;...
    0.99, 0.62, 0.76;...
    0.52, 0.43, 0.87;...
    0.00, 0.68, 0.92;...
    0.26, 0.45, 0.77;...
    0.98, 0.75, 0.00;...
    0.72, 0.81, 0.76;...
    0.77, 0.18, 0.78;...
    0.28, 0.39, 0.44;...
    0.22, 0.26, 0.24;...
    0.64, 0.52, 0.64;...
    0.87, 0.73, 0.78;...
    0.94, 0.89, 0.85;...
    0.85, 0.84, 0.86;...% DarkColor
    0.00, 0.36, 0.67;...
    0.68, 0.42, 0.89;...
    0.44, 0.62, 0.98;...
    0.10, 0.67, 0.59;...
    0.99, 0.57, 0.59;...
    0.28, 0.55, 0.86;...
    0.96, 0.62, 0.24;...
    0.30, 0.90, 0.56;...
    0.12, 0.46, 0.71;...
    0.46, 0.63, 0.90;...
    0.96, 0.37, 0.40;...
    0.14, 0.76, 0.71;...
    0.99, 0.50, 0.02;...
    0.00, 0.57, 0.76;...
    0.35, 0.90, 0.89;...
    0.17, 0.62, 0.47;...
    0.21, 0.21, 0.67;...
    0.99, 0.49, 0.00;...
    0.98, 0.74, 0.44;...
    0.97, 0.60, 0.58;...
    0.18, 0.62, 0.17;...
    0.68, 0.87, 0.53;...
    0.12, 0.46, 0.70;...
    0.65, 0.79, 0.89;...
    0.95, 0.99, 0.69;...
    0.74, 0.92, 0.68;...
    0.37, 0.81, 0.72;...
    0.01, 0.72, 0.77];% TintColor


end

