4.586185e-04,-2.569623e-07,-7.356665e-05,2.420379e-04,-7.452458e-05,-1.209264e-04,2.053891e-04,9.915917e-06,-9.598765e-05,2.530344e-04,9.200992e-05,-6.789181e-05,1.122023e-03,1.225096e-03,1.343336e-03,1.350436e-03,1.282410e-03,1.267117e-03,1.281153e-03,1.284555e-03,1.179851e-03,1.152615e-03,1.114996e-03,1.020106e-03,9.627260e-04,9.219428e-04,9.504614e-04,9.883970e-04,1.035282e-03,1.112063e-03,1.249012e-03,1.244376e-03,1.218954e-03,1.243882e-03,1.269515e-03,1.178137e-03,1.150040e-03,1.126589e-03,1.068307e-03,1.006083e-03,9.220098e-04,8.466207e-04,7.767202e-04,6.987045e-04,6.173036e-04,-7.544815e-04,-7.354408e-04,-7.160245e-04,-7.029403e-04,-7.128243e-04,-7.522267e-04,-8.140897e-04,-8.910805e-04,-9.572568e-04,-1.000113e-03,-1.024565e-03,-1.037900e-03,-1.056135e-03,-1.065634e-03,-1.069803e-03,-1.068838e-03,-1.061222e-03,-1.042010e-03,-1.006392e-03,-9.664058e-04,-9.454687e-04,-9.485257e-04,-9.722542e-04,-9.943563e-04,-1.003302e-03,-1.002592e-03,-9.994645e-04,-1.002942e-03,-1.001842e-03,-1.000160e-03,-9.956503e-04,-9.900363e-04,-9.846694e-04,-8.037926e-04,-6.440418e-04,-4.839072e-04,-3.301532e-04,-1.992124e-04,-9.788237e-05,-1.761638e-05,4.334702e-05,7.074086e-05,6.366015e-05,3.930816e-05,1.766603e-05,-3.283628e-06,-1.442021e-05,-1.122341e-05,-1.753265e-06,6.003402e-06,8.686281e-07,-2.625765e-05,-6.833893e-05,-1.066809e-04,-1.429807e-04,-1.793552e-04,-1.969213e-04,-1.878490e-04,-1.593927e-04,-1.251676e-04,-8.158219e-05,-3.764365e-05,3.261269e-06,4.312323e-05,8.024909e-05,1.171237e-04,1.307943e-03,1.353565e-03,1.400710e-03,1.428092e-03,1.434047e-03,1.424627e-03,1.398528e-03,1.354235e-03,1.284190e-03,1.208027e-03,1.124693e-03,1.039933e-03,9.662552e-04,9.023242e-04,8.821294e-04,9.275761e-04,1.008417e-03,1.109292e-03,1.214239e-03,1.289805e-03,1.336008e-03,1.353798e-03,1.339003e-03,1.288211e-03,1.225193e-03,1.148861e-03,1.061387e-03,9.659171e-04,8.554069e-04,7.580285e-04,7.072700e-04,6.743998e-04,6.397178e-04,-5.499386e-04,-4.790011e-04,-4.080014e-04,-3.398054e-04,-2.684198e-04,-2.016597e-04,-1.535322e-04,-1.364058e-04,-1.413273e-04,-1.613584e-04,-1.763002e-04,-1.701058e-04,-1.547885e-04,-1.331777e-04,-9.494988e-05,-6.189766e-05,-4.665599e-05,-5.179375e-05,-8.214566e-05,-1.286166e-04,-1.885932e-04,-2.415935e-04,-2.661102e-04,-2.631389e-04,-2.392128e-04,-2.124680e-04,-1.985147e-04,-1.889731e-04,-1.900769e-04,-2.261041e-04,-2.886238e-04,-3.534351e-04,-4.178029e-04
-2.569623e-07,3.905394e-04,6.376773e-06,6.050411e-06,2.413662e-04,-1.970883e-04,-3.755713e-06,2.969865e-04,-1.272697e-05,5.327483e-06,1.922189e-04,2.630444e-04,-2.666972e-04,-2.496253e-04,-2.234827e-04,-1.616456e-04,-1.693343e-04,-1.782033e-04,-2.019677e-04,-1.856555e-04,-1.454711e-04,-1.456374e-04,-1.287052e-04,-1.556930e-04,-1.679707e-04,-1.775351e-04,-1.605393e-04,-1.561789e-04,-1.729709e-04,-1.690837e-04,-1.863912e-04,-1.886599e-04,-1.660571e-04,-1.605543e-04,-2.066267e-04,-2.191024e-04,-1.717022e-04,-1.538392e-04,-9.103533e-05,-6.021308e-05,-5.104381e-05,-1.056367e-04,-2.115246e-04,-2.513683e-04,-2.883731e-04,-1.300380e-04,-1.273193e-04,-1.244567e-04,-1.137134e-04,-9.679454e-05,-7.910274e-05,-5.959934e-05,-4.147226e-05,-3.408619e-05,-3.187600e-05,-2.926080e-05,-2.158575e-05,-1.369437e-05,-8.100965e-06,2.016433e-06,8.611185e-06,6.715502e-06,-3.901149e-07,-1.238834e-05,-3.243304e-05,-4.932503e-05,-5.839170e-05,-5.581691e-05,-3.880910e-05,-1.810217e-05,-4.241762e-06,-5.433167e-06,-1.661503e-05,-3.875087e-05,-7.922395e-05,-1.353681e-04,-1.926173e-04,-2.495869e-04,-1.320683e-03,-1.342501e-03,-1.364181e-03,-1.377889e-03,-1.385314e-03,-1.391276e-03,-1.395802e-03,-1.397070e-03,-1.387270e-03,-1.373791e-03,-1.365514e-03,-1.357851e-03,-1.350277e-03,-1.351232e-03,-1.357583e-03,-1.361711e-03,-1.368592e-03,-1.380013e-03,-1.390529e-03,-1.392242e-03,-1.390665e-03,-1.386008e-03,-1.373484e-03,-1.351074e-03,-1.329061e-03,-1.319841e-03,-1.313497e-03,-1.306288e-03,-1.304011e-03,-1.298784e-03,-1.284891e-03,-1.259145e-03,-1.233126e-03,-8.011502e-04,-6.598238e-04,-5.176305e-04,-3.848950e-04,-2.686808e-04,-1.725236e-04,-1.035782e-04,-6.695985e-05,-6.179874e-05,-9.111859e-05,-1.350389e-04,-1.705420e-04,-1.880025e-04,-1.718062e-04,-1.100544e-04,-4.378248e-05,-6.631744e-06,-2.947100e-06,-4.035614e-05,-1.017936e-04,-1.757282e-04,-2.439913e-04,-2.879992e-04,-2.950572e-04,-2.604992e-04,-2.082911e-04,-1.651498e-04,-1.474798e-04,-1.817821e-04,-2.863165e-04,-4.297078e-04,-5.762826e-04,-7.223194e-04,-1.275541e-03,-1.277317e-03,-1.279075e-03,-1.281849e-03,-1.283639e-03,-1.283996e-03,-1.283850e-03,-1.284118e-03,-1.283012e-03,-1.276722e-03,-1.258677e-03,-1.245063e-03,-1.256319e-03,-1.261499e-03,-1.268066e-03,-1.290224e-03,-1.298747e-03,-1.297471e-03,-1.291656e-03,-1.286453e-03,-1.283065e-03,-1.280028e-03,-1.276443e-03,-1.272609e-03,-1.266935e-03,-1.253016e-03,-1.248397e-03,-1.264212e-03,-1.265438e-03,-1.267860e-03,-1.306287e-03,-1.362597e-03,-1.417377e-03
-7.356665e-05,6.376773e-06,5.116340e-04,1.980562e-04,9.413782e-05,1.842504e-04,1.134168e-04,-3.050381e-05,-1.883678e-04,2.042166e-04,-1.279674e-04,1.079095e-04,-1.767929e-03,-1.870312e-03,-1.976494e-03,-1.890908e-03,-1.822586e-03,-1.825936e-03,-1.851583e-03,-1.883317e-03,-1.721172e-03,-1.594332e-03,-1.490724e-03,-1.380412e-03,-1.343157e-03,-1.411153e-03,-1.512194e-03,-1.589908e-03,-1.619776e-03,-1.699383e-03,-1.830806e-03,-1.764073e-03,-1.757687e-03,-1.795743e-03,-1.853978e-03,-1.684851e-03,-1.532009e-03,-1.436656e-03,-1.370771e-03,-1.374949e-03,-1.483600e-03,-1.576295e-03,-1.696236e-03,-1.720812e-03,-1.747918e-03,-1.429020e-03,-1.447770e-03,-1.466715e-03,-1.465405e-03,-1.426246e-03,-1.349728e-03,-1.245817e-03,-1.122418e-03,-1.002018e-03,-9.142913e-04,-8.576981e-04,-8.281314e-04,-8.146212e-04,-8.159253e-04,-8.305743e-04,-8.630732e-04,-9.038123e-04,-9.608660e-04,-1.036101e-03,-1.095532e-03,-1.115064e-03,-1.094150e-03,-1.035449e-03,-9.608619e-04,-8.993025e-04,-8.528462e-04,-8.193331e-04,-7.920972e-04,-7.718105e-04,-7.539068e-04,-7.544518e-04,-7.543708e-04,-7.542908e-04,1.071600e-03,8.602603e-04,6.487188e-04,4.575819e-04,3.044840e-04,1.891614e-04,1.019079e-04,3.527098e-05,-4.724218e-06,-4.453033e-06,1.805818e-05,4.172310e-05,5.831099e-05,5.429487e-05,3.828857e-05,1.384567e-05,-5.753906e-06,-1.770501e-06,3.478544e-05,7.787177e-05,1.107725e-04,1.410475e-04,1.760019e-04,2.030671e-04,2.029861e-04,1.829468e-04,1.615386e-04,1.479646e-04,1.576134e-04,1.801871e-04,2.148596e-04,2.654755e-04,3.155169e-04,-3.855376e-03,-3.820262e-03,-3.786004e-03,-3.736555e-03,-3.685738e-03,-3.638936e-03,-3.589783e-03,-3.533358e-03,-3.446468e-03,-3.348760e-03,-3.268879e-03,-3.215170e-03,-3.187766e-03,-3.202549e-03,-3.251445e-03,-3.315620e-03,-3.398955e-03,-3.485310e-03,-3.553016e-03,-3.579503e-03,-3.582716e-03,-3.565031e-03,-3.524600e-03,-3.447010e-03,-3.359306e-03,-3.289293e-03,-3.240769e-03,-3.208988e-03,-3.201654e-03,-3.195787e-03,-3.169791e-03,-3.128309e-03,-3.087742e-03,1.607125e-05,1.069101e-04,1.985198e-04,2.796920e-04,3.491065e-04,4.054017e-04,4.406583e-04,4.493155e-04,4.301892e-04,3.875891e-04,3.474935e-04,3.299983e-04,3.305175e-04,3.448312e-04,3.826253e-04,4.267623e-04,4.601220e-04,4.754368e-04,4.618159e-04,4.264040e-04,3.792113e-04,3.332342e-04,3.011060e-04,2.858717e-04,2.932179e-04,3.059005e-04,3.111266e-04,3.147443e-04,3.060905e-04,2.680980e-04,2.135235e-04,1.585410e-04,1.036766e-04
2.420379e-04,6.050411e-06,1.980562e-04,3.916109e-04,-7.315821e-06,-2.887430e-06,2.368984e-04,-4.714849e-06,-1.978522e-04,3.056713e-04,-4.837575e-06,1.311539e-05,-7.995946e-05,-6.081487e-05,-3.184124e-05,1.911290e-05,2.145548e-07,-1.568161e-05,-1.902998e-05,-3.182072e-05,-2.010521e-05,3.433337e-05,6.619201e-05,4.774281e-05,1.790273e-05,-5.489549e-05,-9.397970e-05,-1.117200e-04,-9.138012e-05,-7.195383e-05,-3.270388e-05,3.299747e-06,-1.254343e-05,-1.347406e-05,-2.752783e-05,-6.228470e-06,5.720415e-05,9.477321e-05,8.985512e-05,3.783500e-05,-9.214241e-05,-2.009284e-04,-3.230468e-04,-3.991012e-04,-4.791135e-04,-1.423771e-03,-1.420917e-03,-1.417893e-03,-1.408232e-03,-1.395107e-03,-1.384083e-03,-1.375058e-03,-1.366608e-03,-1.350485e-03,-1.333247e-03,-1.317941e-03,-1.307964e-03,-1.311223e-03,-1.317144e-03,-1.327844e-03,-1.345713e-03,-1.363819e-03,-1.382518e-03,-1.398769e-03,-1.402877e-03,-1.399827e-03,-1.393054e-03,-1.380991e-03,-1.357706e-03,-1.330399e-03,-1.302660e-03,-1.278515e-03,-1.260755e-03,-1.241101e-03,-1.220624e-03,-1.208217e-03,-1.194674e-03,-1.181303e-03,-4.145525e-05,-3.615449e-05,-3.068113e-05,-1.852257e-05,-2.661914e-06,1.127422e-05,2.471514e-05,3.495042e-05,3.388858e-05,2.844067e-05,2.219962e-05,2.003125e-05,1.561679e-05,7.933541e-06,4.156951e-06,-5.851122e-07,-5.638262e-06,-9.192883e-06,-1.300069e-05,-2.564238e-05,-4.107755e-05,-5.601696e-05,-6.756570e-05,-6.716206e-05,-5.945670e-05,-4.558296e-05,-2.586624e-05,7.206277e-06,5.425704e-05,1.056822e-04,1.625954e-04,2.262209e-04,2.893216e-04,-1.099895e-03,-1.101640e-03,-1.103215e-03,-1.105605e-03,-1.107555e-03,-1.108584e-03,-1.109614e-03,-1.111571e-03,-1.117370e-03,-1.125526e-03,-1.140087e-03,-1.147222e-03,-1.133530e-03,-1.128252e-03,-1.125649e-03,-1.110574e-03,-1.103020e-03,-1.100609e-03,-1.099548e-03,-1.100088e-03,-1.100564e-03,-1.101443e-03,-1.103755e-03,-1.110979e-03,-1.122908e-03,-1.143377e-03,-1.157194e-03,-1.151754e-03,-1.153002e-03,-1.147141e-03,-1.107328e-03,-1.051718e-03,-9.974689e-04,-4.033956e-04,-3.463373e-04,-2.893198e-04,-2.342342e-04,-1.674669e-04,-9.764478e-05,-4.393180e-05,-2.193329e-05,-3.520663e-05,-7.889348e-05,-1.092096e-04,-8.872159e-05,-2.667656e-05,5.507263e-05,1.463629e-04,2.086417e-04,2.296034e-04,2.078466e-04,1.369342e-04,4.075397e-05,-6.277472e-05,-1.508658e-04,-1.989152e-04,-2.148418e-04,-2.038367e-04,-1.778863e-04,-1.421908e-04,-7.949952e-05,-1.389542e-05,6.727292e-06,-1.378395e-05,-4.168332e-05,-6.873561e-05
-7.452458e-05,2.413662e-04,9.413782e-05,-7.315821e-06,4.162198e-04,5.613247e-05,7.855262e-05,2.276740e-04,1.214240e-04,-9.693781e-07,1.859182e-04,1.366079e-04,-1.323853e-03,-1.386805e-03,-1.451907e-03,-1.380261e-03,-1.337531e-03,-1.337573e-03,-1.365767e-03,-1.360790e-03,-1.220969e-03,-1.155703e-03,-1.090067e-03,-1.036487e-03,-1.012602e-03,-1.035623e-03,-1.071066e-03,-1.105786e-03,-1.147161e-03,-1.205131e-03,-1.325033e-03,-1.305989e-03,-1.283269e-03,-1.305658e-03,-1.368707e-03,-1.273245e-03,-1.161763e-03,-1.095828e-03,-9.923099e-04,-9.408198e-04,-9.440836e-04,-9.906954e-04,-1.089025e-03,-1.095181e-03,-1.098318e-03,-3.391295e-04,-3.525033e-04,-3.661146e-04,-3.647978e-04,-3.371194e-04,-2.850840e-04,-2.136226e-04,-1.303360e-04,-6.041817e-05,-1.536443e-05,1.161191e-05,2.825530e-05,4.152386e-05,4.633349e-05,5.087357e-05,4.738838e-05,3.350498e-05,6.042964e-06,-3.812626e-05,-8.467444e-05,-1.075153e-04,-1.020336e-04,-6.851459e-05,-2.130551e-05,1.580586e-05,3.570793e-05,3.592243e-05,2.710252e-05,4.947882e-06,-3.236122e-05,-9.021318e-05,-1.492760e-04,-2.079881e-04,-2.840617e-04,-4.433663e-04,-6.029186e-04,-7.474145e-04,-8.654897e-04,-9.585543e-04,-1.032825e-03,-1.089923e-03,-1.115309e-03,-1.108257e-03,-1.087613e-03,-1.065977e-03,-1.046237e-03,-1.044110e-03,-1.055044e-03,-1.068179e-03,-1.079185e-03,-1.079233e-03,-1.057920e-03,-1.022576e-03,-9.918367e-04,-9.629481e-04,-9.288552e-04,-8.989968e-04,-8.910336e-04,-9.078953e-04,-9.290112e-04,-9.486393e-04,-9.614827e-04,-9.651844e-04,-9.568278e-04,-9.317030e-04,-9.064550e-04,-1.743438e-04,-9.065197e-05,-6.298286e-06,7.197005e-05,1.412800e-04,1.973322e-04,2.317303e-04,2.369305e-04,2.208419e-04,1.924503e-04,1.680792e-04,1.602248e-04,1.608506e-04,1.701279e-04,1.997353e-04,2.341446e-04,2.607203e-04,2.749513e-04,2.705542e-04,2.486604e-04,2.089907e-04,1.665438e-04,1.359851e-04,1.226840e-04,1.286057e-04,1.374330e-04,1.356966e-04,1.282226e-04,1.104923e-04,6.805329e-05,1.199850e-05,-4.280590e-05,-9.754523e-05,1.059838e-03,1.031047e-03,1.002963e-03,9.630878e-04,9.233960e-04,8.874566e-04,8.478001e-04,7.972132e-04,7.282283e-04,6.685380e-04,6.395646e-04,6.318573e-04,6.171817e-04,6.050090e-04,5.945241e-04,5.943323e-04,6.355743e-04,7.042632e-04,7.831168e-04,8.380016e-04,8.697681e-04,8.809454e-04,8.698202e-04,8.218740e-04,7.537597e-04,6.838832e-04,6.125327e-04,5.526200e-04,5.463353e-04,5.797045e-04,6.119999e-04,6.340804e-04,6.566926e-04
-1.209264e-04,-1.970883e-04,1.842504e-04,-2.887430e-06,5.613247e-05,5.021814e-04,1.240094e-04,-1.980344e-04,1.681018e-04,1.765254e-05,-7.532466e-05,-2.320286e-04,-1.668969e-03,-1.795146e-03,-1.939710e-03,-1.928040e-03,-1.841986e-03,-1.825860e-03,-1.829498e-03,-1.857160e-03,-1.710814e-03,-1.608453e-03,-1.532204e-03,-1.390831e-03,-1.331814e-03,-1.354542e-03,-1.445804e-03,-1.515348e-03,-1.549129e-03,-1.646346e-03,-1.800604e-03,-1.759523e-03,-1.763392e-03,-1.808967e-03,-1.828093e-03,-1.652839e-03,-1.559004e-03,-1.487203e-03,-1.444120e-03,-1.429084e-03,-1.463325e-03,-1.453237e-03,-1.434089e-03,-1.383581e-03,-1.334342e-03,-4.428415e-04,-4.664765e-04,-4.906698e-04,-5.045161e-04,-4.868279e-04,-4.312522e-04,-3.479978e-04,-2.436215e-04,-1.411349e-04,-7.034947e-05,-3.043007e-05,-1.699094e-05,-9.117578e-06,-1.083126e-05,-2.329479e-05,-4.467943e-05,-6.798992e-05,-1.040389e-04,-1.577413e-04,-1.989780e-04,-2.066928e-04,-1.818686e-04,-1.314434e-04,-8.325178e-05,-5.597512e-05,-4.222882e-05,-3.104885e-05,-1.571464e-05,-1.840114e-06,2.064957e-05,3.805291e-05,5.585428e-05,7.363830e-05,1.987644e-03,1.773383e-03,1.558560e-03,1.354127e-03,1.181153e-03,1.045874e-03,9.380809e-04,8.513307e-04,7.937343e-04,7.806028e-04,7.970366e-04,8.146235e-04,8.287013e-04,8.314365e-04,8.248968e-04,8.107654e-04,8.047251e-04,8.248269e-04,8.777216e-04,9.364986e-04,9.822514e-04,1.020256e-03,1.053105e-03,1.061997e-03,1.036910e-03,9.951174e-04,9.510765e-04,9.070650e-04,8.823920e-04,8.668737e-04,8.553049e-04,8.493432e-04,8.429970e-04,3.659152e-04,3.090812e-04,2.522709e-04,1.972132e-04,1.367751e-04,7.655559e-05,2.777699e-05,-3.675058e-07,-6.630553e-06,9.166804e-06,2.805717e-05,3.493187e-05,3.442333e-05,2.644263e-05,1.769753e-06,-2.493320e-05,-4.064338e-05,-4.020081e-05,-1.561021e-05,2.442272e-05,7.142157e-05,1.106655e-04,1.266361e-04,1.218732e-04,1.015075e-04,8.057336e-05,7.163872e-05,6.919475e-05,7.786268e-05,1.102852e-04,1.560368e-04,2.014814e-04,2.468227e-04,3.469161e-03,3.498055e-03,3.528679e-03,3.535323e-03,3.518447e-03,3.488953e-03,3.447226e-03,3.394587e-03,3.307298e-03,3.204074e-03,3.100401e-03,3.017896e-03,2.980648e-03,2.975661e-03,3.012747e-03,3.095215e-03,3.190968e-03,3.287464e-03,3.368494e-03,3.409121e-03,3.425381e-03,3.415138e-03,3.370815e-03,3.286915e-03,3.198275e-03,3.118282e-03,3.062773e-03,3.032104e-03,2.994609e-03,2.955547e-03,2.941223e-03,2.934021e-03,2.925793e-03
2.053891e-04,-3.755713e-06,1.134168e-04,2.368984e-04,7.855262e-05,1.240094e-04,4.460902e-04,5.484246e-06,8.001476e-05,2.452341e-04,-8.093114e-05,9.262575e-05,-1.326560e-03,-1.396699e-03,-1.469376e-03,-1.403470e-03,-1.368292e-03,-1.376663e-03,-1.391342e-03,-1.407657e-03,-1.273571e-03,-1.156404e-03,-1.064966e-03,-9.892879e-04,-9.813172e-04,-1.065443e-03,-1.154572e-03,-1.217737e-03,-1.233498e-03,-1.282969e-03,-1.371714e-03,-1.322464e-03,-1.328358e-03,-1.354951e-03,-1.394588e-03,-1.255026e-03,-1.114019e-03,-1.022307e-03,-9.693278e-04,-9.907668e-04,-1.114521e-03,-1.221710e-03,-1.357884e-03,-1.415067e-03,-1.475068e-03,-1.386053e-03,-1.402625e-03,-1.419486e-03,-1.421280e-03,-1.396494e-03,-1.347498e-03,-1.280799e-03,-1.201030e-03,-1.121497e-03,-1.064597e-03,-1.028757e-03,-1.010442e-03,-1.002646e-03,-1.001878e-03,-1.008077e-03,-1.027328e-03,-1.052571e-03,-1.090719e-03,-1.143666e-03,-1.184975e-03,-1.198606e-03,-1.185262e-03,-1.145752e-03,-1.092960e-03,-1.049222e-03,-1.015990e-03,-9.917766e-04,-9.717745e-04,-9.546623e-04,-9.379785e-04,-9.368830e-04,-9.350697e-04,-9.332837e-04,6.594642e-04,5.179355e-04,3.761139e-04,2.494607e-04,1.495572e-04,7.413022e-05,1.729639e-05,-2.681695e-05,-5.570571e-05,-5.742317e-05,-4.442337e-05,-3.056171e-05,-2.313123e-05,-3.164949e-05,-4.669395e-05,-6.698121e-05,-8.371909e-05,-8.311413e-05,-5.818214e-05,-2.983956e-05,-8.879277e-06,1.053698e-05,3.426054e-05,5.609405e-05,6.056702e-05,5.287337e-05,4.609840e-05,4.857242e-05,7.091261e-05,1.025293e-04,1.435016e-04,1.974510e-04,2.508371e-04,1.512944e-03,1.455890e-03,1.399648e-03,1.333453e-03,1.269118e-03,1.211498e-03,1.155466e-03,1.096601e-03,1.014299e-03,9.286556e-04,8.602967e-04,8.386249e-04,8.807533e-04,9.466949e-04,1.017930e-03,1.093005e-03,1.157544e-03,1.208474e-03,1.240463e-03,1.241217e-03,1.227244e-03,1.197774e-03,1.148548e-03,1.064028e-03,9.667266e-04,8.819252e-04,8.437381e-04,8.684965e-04,9.193382e-04,9.818790e-04,1.063694e-03,1.149479e-03,1.234589e-03,-2.384837e-04,-1.400241e-04,-4.085785e-05,4.889070e-05,1.275707e-04,1.919310e-04,2.325817e-04,2.424144e-04,2.244324e-04,1.837615e-04,1.476697e-04,1.361984e-04,1.400991e-04,1.565148e-04,1.971097e-04,2.410965e-04,2.718244e-04,2.826094e-04,2.632347e-04,2.223640e-04,1.679031e-04,1.158950e-04,8.244713e-05,7.165925e-05,8.652270e-05,1.063339e-04,1.143881e-04,1.179354e-04,1.084907e-04,6.439974e-05,-2.396074e-06,-7.043589e-05,-1.382075e-04
9.915917e-06,2.969865e-04,-3.050381e-05,-4.714849e-06,2.276740e-04,-1.980344e-04,5.484246e-06,3.688858e-04,1.039494e-05,-5.912801e-06,1.912142e-04,2.477451e-04,-1.683663e-04,-1.508171e-04,-1.242690e-04,-6.992045e-05,-8.191398e-05,-9.143476e-05,-1.139669e-04,-9.668191e-05,-6.402920e-05,-6.782111e-05,-5.525173e-05,-8.778145e-05,-1.014574e-04,-1.075669e-04,-8.812138e-05,-8.161478e-05,-9.854563e-05,-9.162642e-05,-1.016784e-04,-1.065333e-04,-8.294698e-05,-7.385448e-05,-1.136607e-04,-1.298959e-04,-9.089034e-05,-7.774493e-05,-1.776295e-05,1.152766e-05,2.161965e-05,-2.477833e-05,-1.188051e-04,-1.595354e-04,-1.968377e-04,-5.639965e-05,-5.423994e-05,-5.191118e-05,-4.267414e-05,-2.874559e-05,-1.540476e-05,-1.108388e-06,1.139728e-05,1.410453e-05,1.368689e-05,1.524368e-05,2.303796e-05,3.124528e-05,3.749872e-05,4.845697e-05,5.698342e-05,5.773086e-05,5.435305e-05,4.725201e-05,3.136511e-05,1.641431e-05,6.847170e-06,6.323803e-06,1.826361e-05,3.327515e-05,4.178196e-05,3.633625e-05,2.269401e-05,3.574957e-07,-3.767672e-05,-8.899853e-05,-1.416021e-04,-1.939038e-04,-1.291168e-03,-1.307901e-03,-1.324471e-03,-1.334047e-03,-1.338832e-03,-1.343540e-03,-1.347704e-03,-1.349096e-03,-1.340356e-03,-1.329071e-03,-1.322703e-03,-1.315829e-03,-1.307776e-03,-1.306513e-03,-1.309860e-03,-1.310737e-03,-1.314619e-03,-1.324536e-03,-1.335733e-03,-1.339029e-03,-1.339071e-03,-1.336485e-03,-1.326815e-03,-1.307593e-03,-1.287988e-03,-1.279490e-03,-1.272768e-03,-1.264651e-03,-1.261599e-03,-1.256870e-03,-1.245301e-03,-1.223834e-03,-1.202018e-03,-1.390141e-04,-7.669977e-05,-1.428317e-05,4.608380e-05,1.144503e-04,1.806669e-04,2.258326e-04,2.324996e-04,2.125807e-04,1.832780e-04,1.719190e-04,1.929735e-04,2.176533e-04,2.283749e-04,2.424565e-04,2.601036e-04,2.794498e-04,2.926330e-04,2.896130e-04,2.663286e-04,2.193655e-04,1.720426e-04,1.477216e-04,1.405260e-04,1.423623e-04,1.320290e-04,9.975908e-05,7.624994e-05,7.472867e-05,7.614046e-05,7.989819e-05,8.993846e-05,9.958454e-05,-1.229358e-03,-1.234299e-03,-1.239233e-03,-1.244875e-03,-1.249847e-03,-1.253342e-03,-1.255342e-03,-1.255915e-03,-1.253850e-03,-1.246381e-03,-1.228474e-03,-1.216368e-03,-1.228289e-03,-1.233046e-03,-1.238702e-03,-1.259702e-03,-1.268256e-03,-1.267588e-03,-1.262126e-03,-1.256400e-03,-1.251446e-03,-1.246988e-03,-1.243283e-03,-1.240057e-03,-1.235292e-03,-1.221650e-03,-1.215580e-03,-1.229381e-03,-1.230125e-03,-1.232447e-03,-1.269632e-03,-1.324216e-03,-1.377314e-03
-9.598765e-05,-1.272697e-05,-1.883678e-04,-1.978522e-04,1.214240e-04,1.681018e-04,8.001476e-05,1.039494e-05,5.417388e-04,-2.091129e-04,-1.212830e-04,1.177424e-04,-1.735746e-03,-1.864195e-03,-2.014960e-03,-2.012172e-03,-1.927745e-03,-1.909209e-03,-1.922879e-03,-1.922785e-03,-1.748387e-03,-1.677414e-03,-1.612457e-03,-1.488082e-03,-1.429258e-03,-1.423646e-03,-1.491811e-03,-1.545631e-03,-1.598962e-03,-1.697664e-03,-1.888207e-03,-1.883023e-03,-1.862002e-03,-1.895773e-03,-1.925284e-03,-1.773064e-03,-1.692214e-03,-1.635098e-03,-1.551767e-03,-1.483210e-03,-1.423197e-03,-1.369909e-03,-1.328535e-03,-1.249463e-03,-1.167562e-03,5.351177e-04,5.106587e-04,4.853575e-04,4.688880e-04,4.828905e-04,5.339952e-04,6.130910e-04,7.110459e-04,7.937873e-04,8.403559e-04,8.583582e-04,8.588207e-04,8.647856e-04,8.643139e-04,8.639604e-04,8.634696e-04,8.590322e-04,8.406817e-04,7.992560e-04,7.535089e-04,7.337448e-04,7.445294e-04,7.814145e-04,8.160149e-04,8.298487e-04,8.265587e-04,8.139385e-04,8.036425e-04,7.845249e-04,7.625852e-04,7.321203e-04,7.007085e-04,6.695531e-04,9.596308e-04,7.556422e-04,5.508017e-04,3.548421e-04,1.891481e-04,6.061404e-05,-4.147375e-05,-1.202317e-04,-1.567969e-04,-1.453504e-04,-1.093513e-04,-7.753203e-05,-5.075470e-05,-4.343195e-05,-5.694791e-05,-7.948138e-05,-9.783185e-05,-9.544776e-05,-5.901948e-05,-2.112256e-06,4.986478e-05,9.915631e-05,1.489561e-04,1.761716e-04,1.681184e-04,1.337611e-04,9.246896e-05,4.377999e-05,1.926846e-06,-3.238248e-05,-6.153098e-05,-8.297739e-05,-1.043180e-04,3.992620e-03,4.016966e-03,4.043264e-03,4.046047e-03,4.021182e-03,3.977378e-03,3.915136e-03,3.834238e-03,3.727450e-03,3.625232e-03,3.540384e-03,3.465425e-03,3.396122e-03,3.362615e-03,3.375657e-03,3.428663e-03,3.524448e-03,3.644370e-03,3.766868e-03,3.850028e-03,3.893082e-03,3.896547e-03,3.854418e-03,3.766567e-03,3.670398e-03,3.586106e-03,3.507765e-03,3.422976e-03,3.352096e-03,3.289779e-03,3.221228e-03,3.143165e-03,3.065507e-03,4.491324e-04,3.912639e-04,3.334714e-04,2.774671e-04,2.150953e-04,1.539283e-04,1.078969e-04,8.951595e-05,9.092788e-05,1.055892e-04,1.183475e-04,1.160434e-04,1.076719e-04,9.465811e-05,6.650304e-05,3.990089e-05,2.695358e-05,2.997951e-05,5.281907e-05,8.997115e-05,1.402991e-04,1.846734e-04,2.031509e-04,1.983842e-04,1.770491e-04,1.539987e-04,1.424737e-04,1.364110e-04,1.411303e-04,1.737391e-04,2.251414e-04,2.775583e-04,3.297078e-04
2.530344e-04,5.327483e-06,2.042166e-04,3.056713e-04,-9.693781e-07,1.765254e-05,2.452341e-04,-5.912801e-06,-2.091129e-04,4.329087e-04,2.684331e-05,-1.118102e-05,-5.181198e-05,-2.120000e-05,2.066734e-05,7.662411e-05,5.699122e-05,4.103906e-05,3.741680e-05,2.014265e-05,1.836628e-05,6.562090e-05,9.528709e-05,8.457299e-05,6.271295e-05,-6.051738e-06,-3.108113e-05,-4.163028e-05,-2.166766e-05,-6.390296e-06,3.099917e-05,6.197420e-05,4.055447e-05,3.957007e-05,3.030810e-05,5.827674e-05,1.314712e-04,1.732033e-04,1.608048e-04,9.483342e-05,-5.210814e-05,-1.891706e-04,-3.430633e-04,-4.498986e-04,-5.610128e-04,-1.508652e-03,-1.501106e-03,-1.493321e-03,-1.479281e-03,-1.463298e-03,-1.451346e-03,-1.443160e-03,-1.436939e-03,-1.422882e-03,-1.407077e-03,-1.392950e-03,-1.384696e-03,-1.389302e-03,-1.394312e-03,-1.402597e-03,-1.418124e-03,-1.434012e-03,-1.450226e-03,-1.463292e-03,-1.463537e-03,-1.457022e-03,-1.447595e-03,-1.433681e-03,-1.408467e-03,-1.379065e-03,-1.349237e-03,-1.322706e-03,-1.303259e-03,-1.283034e-03,-1.263339e-03,-1.252115e-03,-1.239651e-03,-1.227373e-03,-4.756257e-05,-3.352022e-05,-1.923450e-05,1.350334e-06,2.413011e-05,4.303680e-05,5.982045e-05,7.156883e-05,6.897677e-05,5.883110e-05,4.554023e-05,3.462514e-05,2.018136e-05,3.671807e-06,-4.957225e-06,-1.078272e-05,-1.373766e-05,-1.317953e-05,-1.211822e-05,-1.997185e-05,-3.050389e-05,-4.093880e-05,-4.913088e-05,-4.623154e-05,-3.745644e-05,-2.467840e-05,-8.909780e-06,1.753106e-05,5.549731e-05,9.726545e-05,1.443821e-04,1.982666e-04,2.515867e-04,-1.144485e-03,-1.145324e-03,-1.145966e-03,-1.147710e-03,-1.149628e-03,-1.151015e-03,-1.152456e-03,-1.154639e-03,-1.160292e-03,-1.167612e-03,-1.181902e-03,-1.189580e-03,-1.176345e-03,-1.171910e-03,-1.169544e-03,-1.153443e-03,-1.144809e-03,-1.141186e-03,-1.138745e-03,-1.137757e-03,-1.136580e-03,-1.136041e-03,-1.137560e-03,-1.144605e-03,-1.157000e-03,-1.178934e-03,-1.195026e-03,-1.192860e-03,-1.199267e-03,-1.199447e-03,-1.164822e-03,-1.113659e-03,-1.063901e-03,-4.304452e-04,-2.367956e-04,-4.173526e-05,1.343803e-04,2.815076e-04,3.948101e-04,4.627947e-04,4.753131e-04,4.539802e-04,4.133546e-04,3.678489e-04,3.233392e-04,2.604764e-04,2.010031e-04,1.969783e-04,2.364795e-04,2.874585e-04,3.355272e-04,3.639481e-04,3.642321e-04,3.294872e-04,2.864616e-04,2.604023e-04,2.652614e-04,3.048324e-04,3.355525e-04,3.145120e-04,2.413367e-04,1.249667e-04,-3.677373e-05,-2.130581e-04,-3.832016e-04,-5.536359e-04
9.200992e-05,1.922189e-04,-1.279674e-04,-4.837575e-06,1.859182e-04,-7.532466e-05,-8.093114e-05,1.912142e-04,-1.212830e-04,2.684331e-05,5.167156e-04,-1.320455e-04,1.431535e-03,1.554085e-03,1.694351e-03,1.692804e-03,1.620251e-03,1.611978e-03,1.618599e-03,1.642918e-03,1.508929e-03,1.414239e-03,1.343599e-03,1.218002e-03,1.164904e-03,1.191929e-03,1.289057e-03,1.355650e-03,1.383898e-03,1.467961e-03,1.609749e-03,1.578596e-03,1.577090e-03,1.608604e-03,1.619539e-03,1.464026e-03,1.383455e-03,1.326636e-03,1.303263e-03,1.291463e-03,1.313450e-03,1.293298e-03,1.254427e-03,1.195203e-03,1.138564e-03,3.070358e-04,3.308713e-04,3.553100e-04,3.706612e-04,3.574586e-04,3.096406e-04,2.371411e-04,1.462021e-04,5.749229e-05,-2.158213e-06,-3.362191e-05,-4.113880e-05,-4.312107e-05,-3.638118e-05,-2.142571e-05,-1.553704e-06,1.818158e-05,4.876773e-05,9.638937e-05,1.351100e-04,1.465162e-04,1.301539e-04,9.018704e-05,5.116135e-05,2.751815e-05,1.258820e-05,-1.989373e-06,-2.008415e-05,-3.684482e-05,-6.216725e-05,-8.537345e-05,-1.094018e-04,-1.333339e-04,-1.611459e-03,-1.445635e-03,-1.279204e-03,-1.121903e-03,-9.931043e-04,-8.987415e-04,-8.289643e-04,-7.773369e-04,-7.500517e-04,-7.598354e-04,-7.920951e-04,-8.203843e-04,-8.394845e-04,-8.400690e-04,-8.236297e-04,-7.943299e-04,-7.689244e-04,-7.665768e-04,-7.961537e-04,-8.359447e-04,-8.708342e-04,-9.056141e-04,-9.419503e-04,-9.610235e-04,-9.537876e-04,-9.329403e-04,-9.086783e-04,-8.829781e-04,-8.736258e-04,-8.723488e-04,-8.737822e-04,-8.784877e-04,-8.826834e-04,-1.523230e-04,-9.914570e-05,-4.585991e-05,4.441390e-06,5.660832e-05,1.060940e-04,1.435041e-04,1.610652e-04,1.580997e-04,1.364398e-04,1.134412e-04,1.033942e-04,1.022556e-04,1.097446e-04,1.358063e-04,1.662433e-04,1.874416e-04,1.943005e-04,1.790833e-04,1.479060e-04,1.079734e-04,7.242741e-05,5.485034e-05,5.366149e-05,6.614630e-05,7.902835e-05,8.114134e-05,7.766343e-05,6.300500e-05,2.477711e-05,-2.582324e-05,-7.567893e-05,-1.254587e-04,1.844738e-03,1.869391e-03,1.895629e-03,1.896867e-03,1.878587e-03,1.851749e-03,1.815717e-03,1.770091e-03,1.691944e-03,1.602436e-03,1.514303e-03,1.427036e-03,1.355523e-03,1.345490e-03,1.395369e-03,1.470929e-03,1.565306e-03,1.664714e-03,1.750778e-03,1.792866e-03,1.806004e-03,1.792041e-03,1.746738e-03,1.665287e-03,1.586587e-03,1.540386e-03,1.516041e-03,1.477473e-03,1.422714e-03,1.336352e-03,1.210244e-03,1.063007e-03,9.172319e-04
-6.789181e-05,2.630444e-04,1.079095e-04,1.311539e-05,1.366079e-04,-2.320286e-04,9.262575e-05,2.477451e-04,1.177424e-04,-1.118102e-05,-1.320455e-04,5.951063e-04,-1.722627e-03,-1.814877e-03,-1.911270e-03,-1.824513e-03,-1.768840e-03,-1.774935e-03,-1.815378e-03,-1.815012e-03,-1.631974e-03,-1.544413e-03,-1.451739e-03,-1.374564e-03,-1.347790e-03,-1.388850e-03,-1.456694e-03,-1.515805e-03,-1.565143e-03,-1.634824e-03,-1.787998e-03,-1.757706e-03,-1.721342e-03,-1.741724e-03,-1.817701e-03,-1.687637e-03,-1.545260e-03,-1.465207e-03,-1.353717e-03,-1.309541e-03,-1.331308e-03,-1.402286e-03,-1.535571e-03,-1.559810e-03,-1.581850e-03,-4.954283e-04,-5.125381e-04,-5.300363e-04,-5.280124e-04,-4.905827e-04,-4.196886e-04,-3.232337e-04,-2.116296e-04,-1.173948e-04,-5.784995e-05,-2.370211e-05,-3.455205e-06,1.273015e-05,1.727310e-05,1.953731e-05,1.060708e-05,-1.131219e-05,-5.148944e-05,-1.150350e-04,-1.818296e-04,-2.183022e-04,-2.172291e-04,-1.769877e-04,-1.166280e-04,-6.534342e-05,-3.111118e-05,-1.671966e-05,-1.016924e-05,-1.784594e-05,-4.213848e-05,-9.068363e-05,-1.401962e-04,-1.893809e-04,-3.656240e-04,-5.500059e-04,-7.347890e-04,-8.998792e-04,-1.029463e-03,-1.124774e-03,-1.195151e-03,-1.244083e-03,-1.254941e-03,-1.226212e-03,-1.185111e-03,-1.148875e-03,-1.120825e-03,-1.121093e-03,-1.144183e-03,-1.176130e-03,-1.209114e-03,-1.227598e-03,-1.215387e-03,-1.181456e-03,-1.147753e-03,-1.109831e-03,-1.058870e-03,-1.009351e-03,-9.845268e-04,-9.888103e-04,-9.987199e-04,-1.007811e-03,-1.009259e-03,-1.000673e-03,-9.782464e-04,-9.364243e-04,-8.946058e-04,-4.741713e-04,-3.766910e-04,-2.785059e-04,-1.863534e-04,-1.028535e-04,-3.311409e-05,1.295282e-05,2.652996e-05,1.638646e-05,-8.892895e-06,-3.186318e-05,-3.817483e-05,-3.552590e-05,-2.457722e-05,6.721945e-06,4.162288e-05,6.571887e-05,7.476704e-05,6.277146e-05,3.275816e-05,-1.526642e-05,-6.408075e-05,-9.668029e-05,-1.071039e-04,-9.450398e-05,-7.832926e-05,-7.368578e-05,-7.607147e-05,-9.187105e-05,-1.354109e-04,-1.934051e-04,-2.497062e-04,-3.059591e-04,-4.151445e-03,-4.108995e-03,-4.067316e-03,-4.010166e-03,-3.957113e-03,-3.911281e-03,-3.860654e-03,-3.793007e-03,-3.693570e-03,-3.597540e-03,-3.515286e-03,-3.463519e-03,-3.450212e-03,-3.441852e-03,-3.453395e-03,-3.511875e-03,-3.597178e-03,-3.698334e-03,-3.802777e-03,-3.868135e-03,-3.898073e-03,-3.898593e-03,-3.870182e-03,-3.789969e-03,-3.680361e-03,-3.561870e-03,-3.464480e-03,-3.412988e-03,-3.389937e-03,-3.402817e-03,-3.467068e-03,-3.545439e-03,-3.622132e-03
1.122023e-03,-2.666972e-04,-1.767929e-03,-7.995946e-05,-1.323853e-03,-1.668969e-03,-1.326560e-03,-1.683663e-04,-1.735746e-03,-5.181198e-05,1.431535e-03,-1.722627e-03,1.651855e-01,9.241690e-02,3.423750e-02,-1.813061e-03,-1.405875e-02,-8.360729e-03,6.023146e-03,2.006228e-02,2.576906e-02,2.590531e-02,2.307150e-02,1.904691e-02,1.548642e-02,1.387897e-02,1.437392e-02,1.574828e-02,1.675968e-02,1.833974e-02,2.093398e-02,2.099638e-02,2.083968e-02,2.106979e-02,2.150968e-02,1.962282e-02,1.816165e-02,1.724763e-02,1.640716e-02,1.612881e-02,1.651092e-02,1.688519e-02,1.752971e-02,1.737226e-02,1.721167e-02,-5.183205e-02,-4.261965e-02,-3.336657e-02,-2.457007e-02,-1.714990e-02,-1.122584e-02,-6.592074e-03,-3.069933e-03,-4.950858e-04,1.275633e-03,2.361230e-03,2.840511e-03,2.817462e-03,2.527137e-03,2.144207e-03,1.843213e-03,1.601910e-03,1.591724e-03,1.935450e-03,2.337664e-03,2.474833e-03,2.272073e-03,1.723478e-03,1.093608e-03,6.503258e-04,3.894793e-04,2.566999e-04,1.451876e-04,1.255500e-04,1.455413e-04,3.302560e-04,5.175437e-04,7.031519e-04,-3.048319e-02,-2.303474e-02,-1.554555e-02,-8.514142e-03,-2.859184e-03,1.285764e-03,4.136188e-03,5.782272e-03,6.379062e-03,6.105361e-03,5.147974e-03,3.849988e-03,2.503004e-03,1.513616e-03,9.563377e-04,7.918149e-04,9.128775e-04,1.001690e-03,8.023827e-04,4.717172e-04,1.971132e-04,-9.663431e-05,-4.924238e-04,-7.848226e-04,-7.710489e-04,-5.128607e-04,-2.197386e-04,6.276364e-05,1.799828e-04,1.811760e-04,7.962236e-05,-1.644947e-04,-4.060170e-04,9.014716e-04,4.745370e-04,3.972486e-05,-3.458158e-04,-5.596747e-04,-6.228110e-04,-5.854944e-04,-4.912622e-04,-3.832502e-04,-2.917735e-04,-2.201895e-04,-1.737320e-04,-1.568120e-04,-1.568267e-04,-1.803341e-04,-2.169088e-04,-2.574599e-04,-3.127691e-04,-3.988498e-04,-4.781437e-04,-5.021935e-04,-4.729812e-04,-3.861864e-04,-2.881570e-04,-2.192530e-04,-1.708882e-04,-1.437077e-04,-1.324835e-04,-1.228032e-04,-1.046448e-04,-8.590381e-05,-7.313133e-05,-6.001767e-05,1.721776e-03,1.235110e-03,7.402480e-04,3.076583e-04,8.685895e-05,4.496728e-05,1.098578e-04,2.151335e-04,3.268533e-04,4.406031e-04,5.362335e-04,6.133871e-04,6.731686e-04,6.978189e-04,6.901563e-04,6.596377e-04,5.986095e-04,5.407639e-04,5.304676e-04,5.391650e-04,5.348252e-04,5.429736e-04,5.910469e-04,6.322237e-04,6.245603e-04,6.054316e-04,6.019056e-04,6.137421e-04,6.270104e-04,6.498173e-04,6.878973e-04,7.294682e-04,7.708834e-04
1.225096e-03,-2.496253e-04,-1.870312e-03,-6.081487e-05,-1.386805e-03,-1.795146e-03,-1.396699e-03,-1.508171e-04,-1.864195e-03,-2.120000e-05,1.554085e-03,-1.814877e-03,9.241690e-02,6.428336e-02,3.292403e-02,1.188520e-02,3.873572e-03,6.526648e-03,1.436155e-02,2.217248e-02,2.444645e-02,2.415114e-02,2.218252e-02,1.919923e-02,1.679144e-02,1.595468e-02,1.662304e-02,1.773419e-02,1.856257e-02,2.000284e-02,2.242674e-02,2.227301e-02,2.209523e-02,2.241694e-02,2.293277e-02,2.095517e-02,1.944213e-02,1.848123e-02,1.756474e-02,1.722534e-02,1.758785e-02,1.793743e-02,1.857304e-02,1.836018e-02,1.814380e-02,-2.692759e-02,-2.128902e-02,-1.561774e-02,-1.031782e-02,-6.126225e-03,-3.106250e-03,-1.059827e-03,1.891495e-04,9.278415e-04,1.408129e-03,1.682395e-03,1.762900e-03,1.612252e-03,1.388091e-03,1.165075e-03,1.058243e-03,1.037177e-03,1.245650e-03,1.780772e-03,2.324187e-03,2.532985e-03,2.345525e-03,1.773584e-03,1.107309e-03,6.365188e-04,3.577620e-04,2.143616e-04,9.274582e-05,6.781137e-05,8.346133e-05,2.735069e-04,4.663318e-04,6.573638e-04,-2.326971e-02,-1.751653e-02,-1.173058e-02,-6.317003e-03,-2.012018e-03,1.109355e-03,3.252137e-03,4.520938e-03,4.950495e-03,4.609678e-03,3.765464e-03,2.769753e-03,1.813713e-03,1.209115e-03,9.668929e-04,1.011447e-03,1.201150e-03,1.254103e-03,9.585997e-04,5.102356e-04,1.327127e-04,-2.464805e-04,-7.075729e-04,-1.033517e-03,-1.013655e-03,-7.232889e-04,-3.902303e-04,-6.516243e-05,8.374969e-05,1.095536e-04,2.679778e-05,-2.069138e-04,-4.378784e-04,5.970397e-04,2.394236e-04,-1.253531e-04,-4.467113e-04,-6.150288e-04,-6.503756e-04,-5.933325e-04,-4.775316e-04,-3.568565e-04,-2.755124e-04,-2.279410e-04,-2.121491e-04,-2.227164e-04,-2.451230e-04,-2.795386e-04,-3.169880e-04,-3.570426e-04,-4.109892e-04,-4.965654e-04,-5.755919e-04,-5.971137e-04,-5.631170e-04,-4.690679e-04,-3.631191e-04,-2.871169e-04,-2.349136e-04,-2.090501e-04,-2.036708e-04,-2.054704e-04,-2.023930e-04,-1.972330e-04,-1.965257e-04,-1.955962e-04,1.468665e-03,1.067826e-03,6.594921e-04,3.038599e-04,1.312662e-04,1.047370e-04,1.608687e-04,2.367296e-04,3.237496e-04,4.341156e-04,5.266672e-04,5.907360e-04,6.314930e-04,6.420260e-04,6.299458e-04,6.021870e-04,5.532556e-04,5.116099e-04,5.160784e-04,5.339212e-04,5.300655e-04,5.347874e-04,5.802076e-04,6.191840e-04,6.091142e-04,5.886248e-04,5.820393e-04,5.870094e-04,5.915108e-04,6.015148e-04,6.223478e-04,6.453906e-04,6.684208e-04
1.343336e-03,-2.234827e-04,-1.976494e-03,-3.184124e-05,-1.451907e-03,-1.939710e-03,-1.469376e-03,-1.242690e-04,-2.014960e-03,2.066734e-05,1.694351e-03,-1.911270e-03,3.423750e-02,3.292403e-02,3.294837e-02,2.555231e-02,2.209593e-02,2.158548e-02,2.287789e-02,2.443548e-02,2.324823e-02,2.249944e-02,2.138692e-02,1.944456e-02,1.820247e-02,1.814982e-02,1.900398e-02,1.985695e-02,2.050343e-02,2.180777e-02,2.407094e-02,2.369674e-02,2.349698e-02,2.391440e-02,2.450848e-02,2.242722e-02,2.085601e-02,1.984338e-02,1.884560e-02,1.844111e-02,1.878185e-02,1.910318e-02,1.972624e-02,1.945185e-02,1.917353e-02,-1.704143e-03,2.973842e-04,2.322023e-03,4.056297e-03,4.960729e-03,5.031552e-03,4.456371e-03,3.407448e-03,2.294283e-03,1.476893e-03,9.387080e-04,6.227990e-04,3.474639e-04,1.935765e-04,1.347918e-04,2.262261e-04,4.292394e-04,8.606791e-04,1.592479e-03,2.281449e-03,2.563251e-03,2.389553e-03,1.790508e-03,1.084251e-03,5.840631e-04,2.867290e-04,1.325021e-04,2.847634e-07,-3.002221e-05,-1.903674e-05,1.764955e-04,3.750335e-04,5.716559e-04,-1.592893e-02,-1.190819e-02,-7.864284e-03,-4.111697e-03,-1.189897e-03,8.873742e-04,2.311760e-03,3.200553e-03,3.464971e-03,3.061074e-03,2.334702e-03,1.646884e-03,1.087247e-03,8.724214e-04,9.496747e-04,1.206728e-03,1.466551e-03,1.482221e-03,1.085804e-03,5.136377e-04,2.782840e-05,-4.416148e-04,-9.723387e-04,-1.333938e-03,-1.307035e-03,-9.816432e-04,-6.053108e-04,-2.339157e-04,-5.052024e-05,2.036823e-06,-6.010582e-05,-2.820787e-04,-5.011407e-04,1.416184e-04,-1.290535e-04,-4.060444e-04,-6.469787e-04,-7.568239e-04,-7.551248e-04,-6.722374e-04,-5.314848e-04,-3.967314e-04,-3.258218e-04,-3.033170e-04,-3.185796e-04,-3.561093e-04,-4.006123e-04,-4.453591e-04,-4.829542e-04,-5.227854e-04,-5.766398e-04,-6.640428e-04,-7.453494e-04,-7.666541e-04,-7.293653e-04,-6.280459e-04,-5.129292e-04,-4.280697e-04,-3.707432e-04,-3.454894e-04,-3.450496e-04,-3.581970e-04,-3.709295e-04,-3.796447e-04,-3.907445e-04,-4.017787e-04,1.173311e-03,8.606738e-04,5.414859e-04,2.667154e-04,1.459689e-04,1.372163e-04,1.857513e-04,2.318268e-04,2.929167e-04,3.984059e-04,4.869013e-04,5.374848e-04,5.584924e-04,5.550420e-04,5.399601e-04,5.162165e-04,4.804500e-04,4.556263e-04,4.746842e-04,5.005813e-04,4.951346e-04,4.944006e-04,5.362083e-04,5.730062e-04,5.614054e-04,5.408749e-04,5.317479e-04,5.292162e-04,5.237703e-04,5.180444e-04,5.166197e-04,5.155292e-04,5.146292e-04
1.350436e-03,-1.616456e-04,-1.890908e-03,1.911290e-05,-1.380261e-03,-1.928040e-03,-1.403470e-03,-6.992045e-05,-2.012172e-03,7.662411e-05,1.692804e-03,-1.824513e-03,-1.813061e-03,1.188520e-02,2.555231e-02,3.691300e-02,3.662972e-02,3.363207e-02,2.870351e-02,2.450230e-02,2.044247e-02,1.964953e-02,1.953878e-02,1.853870e-02,1.815816e-02,1.859428e-02,1.942254e-02,1.994087e-02,2.040656e-02,2.155927e-02,2.357353e-02,2.307129e-02,2.286407e-02,2.331739e-02,2.392796e-02,2.192219e-02,2.042943e-02,1.945752e-02,1.847771e-02,1.805121e-02,1.833817e-02,1.859753e-02,1.914394e-02,1.882794e-02,1.850788e-02,1.714774e-02,1.679786e-02,1.646567e-02,1.581649e-02,1.439248e-02,1.224154e-02,9.584964e-03,6.621720e-03,3.895266e-03,1.886792e-03,5.488713e-04,-2.032990e-04,-6.596575e-04,-8.207804e-04,-7.951708e-04,-5.854272e-04,-2.364599e-04,3.343780e-04,1.169523e-03,1.929749e-03,2.259317e-03,2.121077e-03,1.555100e-03,8.786570e-04,3.992186e-04,1.136027e-04,-3.613751e-05,-1.671234e-04,-2.005345e-04,-1.964466e-04,-1.503668e-05,1.693390e-04,3.518506e-04,-1.207895e-02,-8.846166e-03,-5.595626e-03,-2.663564e-03,-5.083605e-04,9.090747e-04,1.809224e-03,2.354270e-03,2.389137e-03,1.810377e-03,1.073428e-03,5.581351e-04,2.704390e-04,3.376095e-04,6.485846e-04,1.059274e-03,1.365331e-03,1.364233e-03,9.353016e-04,3.269196e-04,-1.907123e-04,-6.820807e-04,-1.218304e-03,-1.573807e-03,-1.538587e-03,-1.206885e-03,-8.219902e-04,-4.385978e-04,-2.380749e-04,-1.644282e-04,-2.009763e-04,-3.913273e-04,-5.788711e-04,-4.986396e-04,-6.964464e-04,-9.000740e-04,-1.069237e-03,-1.118204e-03,-1.066501e-03,-9.419419e-04,-7.641506e-04,-6.056970e-04,-5.355692e-04,-5.288333e-04,-5.655761e-04,-6.207575e-04,-6.800940e-04,-7.306708e-04,-7.667444e-04,-8.069099e-04,-8.620380e-04,-9.511915e-04,-1.034774e-03,-1.060551e-03,-1.027726e-03,-9.286925e-04,-8.118794e-04,-7.216799e-04,-6.608905e-04,-6.352842e-04,-6.347459e-04,-6.528380e-04,-6.757358e-04,-6.924359e-04,-7.083516e-04,-7.244159e-04,8.254128e-04,5.462567e-04,2.615992e-04,2.659020e-05,-6.019401e-05,-4.570770e-05,1.349704e-05,5.347721e-05,1.086446e-04,2.203144e-04,3.120560e-04,3.552715e-04,3.606489e-04,3.456652e-04,3.289908e-04,3.084620e-04,2.844597e-04,2.728393e-04,2.977722e-04,3.224182e-04,3.096666e-04,2.994483e-04,3.333463e-04,3.667786e-04,3.584243e-04,3.439261e-04,3.362695e-04,3.291611e-04,3.173064e-04,2.969818e-04,2.703146e-04,2.409796e-04,2.121321e-04
