5.795897e-04,-8.132095e-06,1.586652e-05,3.783458e-04,-7.600890e-05,-1.203470e-04,3.273173e-04,8.779160e-06,-1.773525e-04,4.044173e-04,7.043676e-05,-5.813677e-05,9.886357e-04,1.069986e-03,1.146466e-03,1.102538e-03,1.123185e-03,1.072561e-03,1.096843e-03,1.109911e-03,1.091418e-03,1.073743e-03,9.806847e-04,9.125194e-04,8.440639e-04,8.200313e-04,8.663468e-04,1.004576e-03,1.116330e-03,1.061238e-03,1.058959e-03,1.105686e-03,1.045901e-03,1.128370e-03,1.073342e-03,1.063282e-03,1.115883e-03,1.045147e-03,1.010531e-03,9.712072e-04,9.025842e-04,7.707882e-04,6.621164e-04,5.593374e-04,4.563927e-04,-1.673619e-03,-1.708610e-03,-1.743783e-03,-1.777147e-03,-1.811610e-03,-1.827974e-03,-1.813833e-03,-1.769479e-03,-1.734007e-03,-1.722050e-03,-1.708037e-03,-1.691245e-03,-1.682224e-03,-1.676224e-03,-1.675450e-03,-1.677196e-03,-1.677703e-03,-1.673388e-03,-1.662557e-03,-1.639740e-03,-1.632428e-03,-1.670637e-03,-1.710840e-03,-1.719050e-03,-1.696033e-03,-1.654222e-03,-1.621146e-03,-1.592441e-03,-1.580553e-03,-1.567211e-03,-1.553287e-03,-1.539807e-03,-1.526064e-03,-1.888696e-04,-1.176618e-04,-4.531239e-05,-2.963604e-07,-9.261001e-07,-1.876443e-05,-3.603223e-05,-4.679756e-05,-4.206839e-05,-1.623104e-05,2.635302e-06,1.161481e-05,1.478819e-05,9.873863e-06,-2.281592e-06,-3.615861e-05,-8.533897e-05,-1.123597e-04,-9.978303e-05,-5.011503e-05,2.179094e-06,2.914010e-05,3.642561e-05,2.330191e-05,-1.246929e-05,-5.335227e-05,-6.942618e-05,-6.361261e-05,-4.005760e-05,-3.054722e-06,3.531075e-05,7.568718e-05,1.156241e-04,1.492229e-03,1.363478e-03,1.234685e-03,1.099163e-03,9.728995e-04,8.624670e-04,8.001251e-04,7.755207e-04,7.608386e-04,7.302530e-04,6.807920e-04,6.280605e-04,5.926735e-04,5.865481e-04,6.655458e-04,7.951050e-04,8.918811e-04,9.228332e-04,9.120232e-04,8.800380e-04,8.226973e-04,7.751669e-04,7.414015e-04,7.525852e-04,7.823496e-04,7.761058e-04,7.319393e-04,6.446829e-04,5.364600e-04,3.927260e-04,2.744612e-04,2.050299e-04,1.300075e-04,-3.260443e-04,-3.726545e-04,-4.201178e-04,-4.558756e-04,-4.552363e-04,-4.049945e-04,-3.205478e-04,-2.327254e-04,-1.661543e-04,-1.467506e-04,-1.673106e-04,-1.951283e-04,-2.098007e-04,-2.314852e-04,-2.526830e-04,-3.078624e-04,-3.779596e-04,-4.512129e-04,-5.035456e-04,-5.046129e-04,-4.466983e-04,-3.463220e-04,-2.322351e-04,-1.244283e-04,-5.055273e-05,-2.231150e-05,-4.632678e-05,-1.133624e-04,-1.866710e-04,-2.571974e-04,-3.704844e-04,-4.920029e-04,-6.114368e-04
-8.132095e-06,6.176853e-04,7.416299e-07,-9.250679e-06,3.791698e-04,-3.118637e-04,-2.427579e-05,4.872906e-04,-3.182010e-05,1.656689e-05,3.226623e-04,3.958875e-04,-1.939194e-04,-2.021028e-04,-1.687489e-04,-1.416175e-04,-1.564197e-04,-1.540701e-04,-1.575826e-04,-1.663695e-04,-1.778728e-04,-1.426696e-04,-1.244926e-04,-1.091871e-04,-1.447961e-04,-1.523110e-04,-1.302521e-04,-1.230282e-04,-1.805739e-04,-1.675109e-04,-1.761700e-04,-1.425097e-04,-1.484284e-04,-1.628193e-04,-1.819415e-04,-1.462414e-04,-1.434748e-04,-1.022063e-04,-7.964046e-05,-2.484675e-05,1.007328e-05,7.366486e-06,-1.434651e-04,-2.638388e-04,-3.554645e-04,-2.076797e-04,-1.720019e-04,-1.364741e-04,-1.019825e-04,-7.051870e-05,-3.836890e-05,-1.996533e-05,-1.276402e-05,-1.011584e-05,-1.136134e-05,-1.998603e-05,-1.967428e-05,-6.208076e-06,8.796802e-06,2.680190e-05,2.841693e-05,1.955862e-05,3.812282e-06,-1.581586e-05,-2.987850e-05,-2.596565e-05,-1.126917e-05,2.041730e-05,6.139256e-05,9.703830e-05,1.119168e-04,1.135802e-04,8.703495e-05,4.159339e-05,-1.696941e-05,-1.086966e-04,-2.122387e-04,-3.136276e-04,-2.218279e-03,-2.240833e-03,-2.261428e-03,-2.256685e-03,-2.246925e-03,-2.226206e-03,-2.209760e-03,-2.197473e-03,-2.191240e-03,-2.188666e-03,-2.182423e-03,-2.186386e-03,-2.187463e-03,-2.194573e-03,-2.198359e-03,-2.204452e-03,-2.207061e-03,-2.189093e-03,-2.183752e-03,-2.179362e-03,-2.169255e-03,-2.165170e-03,-2.160697e-03,-2.153637e-03,-2.139206e-03,-2.114358e-03,-2.097992e-03,-2.085898e-03,-2.066065e-03,-2.060778e-03,-2.051363e-03,-2.023226e-03,-1.993005e-03,-6.221353e-04,-6.150219e-04,-6.062117e-04,-6.085328e-04,-6.108117e-04,-5.733200e-04,-4.874583e-04,-3.843252e-04,-2.921625e-04,-2.376241e-04,-2.372931e-04,-2.726547e-04,-3.119408e-04,-3.371023e-04,-3.468134e-04,-4.129545e-04,-5.243563e-04,-6.285543e-04,-6.869702e-04,-6.677828e-04,-5.885259e-04,-4.730065e-04,-3.449736e-04,-2.221407e-04,-1.408275e-04,-1.006839e-04,-9.877686e-05,-1.290485e-04,-1.942779e-04,-3.300498e-04,-5.642815e-04,-8.166930e-04,-1.066062e-03,-2.646350e-03,-2.446793e-03,-2.247887e-03,-2.061793e-03,-1.892300e-03,-1.761589e-03,-1.683906e-03,-1.673523e-03,-1.717186e-03,-1.782180e-03,-1.842080e-03,-1.879486e-03,-1.936822e-03,-1.997641e-03,-2.080665e-03,-2.145216e-03,-2.144750e-03,-2.082799e-03,-1.967085e-03,-1.837037e-03,-1.717892e-03,-1.643432e-03,-1.634059e-03,-1.677871e-03,-1.736104e-03,-1.787855e-03,-1.828972e-03,-1.854509e-03,-1.915119e-03,-1.941351e-03,-1.974889e-03,-2.058010e-03,-2.136432e-03
1.586652e-05,7.416299e-07,6.004882e-04,3.005509e-04,8.233742e-05,1.609941e-04,1.559738e-04,-2.935613e-05,-2.950554e-04,3.136317e-04,-1.225781e-04,1.023416e-04,-1.502614e-03,-1.600566e-03,-1.692529e-03,-1.618651e-03,-1.655686e-03,-1.590270e-03,-1.636813e-03,-1.605899e-03,-1.600192e-03,-1.596080e-03,-1.409877e-03,-1.314202e-03,-1.270181e-03,-1.337950e-03,-1.435964e-03,-1.559946e-03,-1.669552e-03,-1.582002e-03,-1.596778e-03,-1.589796e-03,-1.512654e-03,-1.619107e-03,-1.666881e-03,-1.663215e-03,-1.646925e-03,-1.428958e-03,-1.293845e-03,-1.227937e-03,-1.252484e-03,-1.414049e-03,-1.541864e-03,-1.640518e-03,-1.716587e-03,-1.566850e-03,-1.515945e-03,-1.464902e-03,-1.415847e-03,-1.366886e-03,-1.331065e-03,-1.343981e-03,-1.371802e-03,-1.372884e-03,-1.341727e-03,-1.308093e-03,-1.291782e-03,-1.287928e-03,-1.288346e-03,-1.298090e-03,-1.310843e-03,-1.327933e-03,-1.352762e-03,-1.388398e-03,-1.432543e-03,-1.435012e-03,-1.386699e-03,-1.301536e-03,-1.256308e-03,-1.256324e-03,-1.256007e-03,-1.244335e-03,-1.226615e-03,-1.206088e-03,-1.181765e-03,-1.157428e-03,-1.146200e-03,-1.131973e-03,2.643131e-04,1.866993e-04,1.072078e-04,6.575932e-05,8.393002e-05,1.293763e-04,1.597914e-04,1.728772e-04,1.629789e-04,1.225012e-04,8.286980e-05,6.662281e-05,6.056050e-05,5.856092e-05,7.242450e-05,1.098318e-04,1.777625e-04,2.247961e-04,2.237323e-04,1.835174e-04,1.546495e-04,1.457460e-04,1.506877e-04,1.660047e-04,1.887737e-04,1.900075e-04,1.692916e-04,1.449659e-04,1.332539e-04,1.593895e-04,1.990187e-04,2.552003e-04,3.124219e-04,-3.992716e-03,-4.117901e-03,-4.242717e-03,-4.347332e-03,-4.445736e-03,-4.505487e-03,-4.524436e-03,-4.478861e-03,-4.385302e-03,-4.265514e-03,-4.125266e-03,-4.018539e-03,-3.956623e-03,-3.952761e-03,-3.976131e-03,-4.027561e-03,-4.106541e-03,-4.188772e-03,-4.293914e-03,-4.396866e-03,-4.482438e-03,-4.548744e-03,-4.552473e-03,-4.481930e-03,-4.354450e-03,-4.185846e-03,-4.033715e-03,-3.935787e-03,-3.880174e-03,-3.874843e-03,-3.862761e-03,-3.818629e-03,-3.776421e-03,2.691148e-04,2.456236e-04,2.227736e-04,1.962401e-04,1.819587e-04,1.989677e-04,2.489622e-04,3.048855e-04,3.491585e-04,3.616708e-04,3.363422e-04,3.040794e-04,2.878637e-04,2.758863e-04,2.728745e-04,2.424241e-04,1.890027e-04,1.299870e-04,9.332699e-05,1.025882e-04,1.520741e-04,2.328954e-04,3.212355e-04,4.020364e-04,4.479134e-04,4.516113e-04,4.183447e-04,3.560916e-04,2.955023e-04,2.369123e-04,1.462734e-04,5.298351e-05,-3.921338e-05
3.783458e-04,-9.250679e-06,3.005509e-04,6.243705e-04,-2.123739e-05,-8.451242e-06,3.825355e-04,-1.323625e-05,-3.246334e-04,5.141952e-04,-1.363447e-05,1.309637e-06,-2.896985e-05,-1.210882e-05,3.480600e-06,1.263498e-05,1.242318e-05,1.471988e-05,8.215884e-06,3.384931e-05,1.492087e-05,-6.675055e-07,3.446458e-05,3.643495e-05,-2.130142e-06,-6.686276e-05,-9.123427e-05,-4.629825e-05,-1.173173e-05,-7.582173e-06,-1.692393e-05,2.974600e-05,2.754879e-05,3.751893e-05,-3.297769e-05,-4.217241e-05,6.514645e-06,6.592101e-05,1.074045e-04,1.193786e-04,5.221088e-05,-1.483146e-04,-3.009707e-04,-4.370417e-04,-5.597216e-04,-2.335803e-03,-2.336664e-03,-2.337593e-03,-2.338135e-03,-2.339512e-03,-2.333753e-03,-2.331776e-03,-2.313678e-03,-2.284841e-03,-2.254966e-03,-2.220156e-03,-2.191687e-03,-2.175965e-03,-2.166128e-03,-2.168882e-03,-2.178228e-03,-2.190643e-03,-2.204581e-03,-2.219695e-03,-2.229653e-03,-2.228675e-03,-2.236835e-03,-2.225972e-03,-2.212799e-03,-2.198952e-03,-2.166256e-03,-2.130334e-03,-2.090722e-03,-2.058075e-03,-2.016734e-03,-1.972380e-03,-1.936262e-03,-1.898115e-03,1.652029e-05,3.114734e-05,4.566223e-05,5.848560e-05,6.697950e-05,7.632890e-05,7.691780e-05,7.300564e-05,6.936966e-05,6.688917e-05,6.009327e-05,5.975598e-05,6.232576e-05,6.153967e-05,6.386241e-05,5.905759e-05,5.700476e-05,6.006411e-05,6.815417e-05,8.472327e-05,1.100724e-04,1.257953e-04,1.328874e-04,1.285738e-04,1.090600e-04,7.293023e-05,4.663797e-05,4.088052e-05,6.085965e-05,1.152497e-04,1.775379e-04,2.505378e-04,3.237667e-04,-1.054783e-03,-1.219515e-03,-1.383958e-03,-1.543135e-03,-1.689753e-03,-1.809540e-03,-1.891972e-03,-1.924473e-03,-1.912922e-03,-1.882174e-03,-1.848132e-03,-1.817240e-03,-1.758496e-03,-1.692142e-03,-1.605551e-03,-1.528906e-03,-1.510629e-03,-1.555806e-03,-1.654326e-03,-1.777064e-03,-1.895044e-03,-1.971817e-03,-1.993041e-03,-1.963588e-03,-1.913409e-03,-1.871962e-03,-1.843671e-03,-1.832667e-03,-1.793318e-03,-1.771942e-03,-1.731469e-03,-1.647682e-03,-1.568303e-03,-1.051978e-04,-1.502865e-04,-1.956933e-04,-2.330309e-04,-2.284069e-04,-1.686827e-04,-8.370747e-05,-9.176620e-06,4.884545e-05,6.322964e-05,2.559317e-05,-5.813005e-06,1.999709e-05,5.653730e-05,6.678355e-05,6.691938e-07,-1.049179e-04,-2.225531e-04,-3.149641e-04,-3.448221e-04,-2.853416e-04,-1.492428e-04,1.175999e-05,1.351978e-04,1.818417e-04,1.611729e-04,9.859960e-05,2.476417e-05,8.213248e-06,3.123521e-05,-4.712292e-06,-6.149662e-05,-1.149261e-04
-7.600890e-05,3.791698e-04,8.233742e-05,-2.123739e-05,5.590299e-04,-4.541413e-05,5.034454e-05,3.697446e-04,1.015552e-04,-5.715974e-06,3.012327e-04,2.202685e-04,-1.151654e-03,-1.206982e-03,-1.227491e-03,-1.157340e-03,-1.189028e-03,-1.145893e-03,-1.188115e-03,-1.192483e-03,-1.190661e-03,-1.148567e-03,-1.025962e-03,-9.501623e-04,-9.256221e-04,-9.409316e-04,-9.699988e-04,-1.071167e-03,-1.200616e-03,-1.140649e-03,-1.157369e-03,-1.150030e-03,-1.102919e-03,-1.182417e-03,-1.193190e-03,-1.164217e-03,-1.179340e-03,-1.037841e-03,-9.508952e-04,-8.590008e-04,-8.085109e-04,-8.190850e-04,-9.355409e-04,-1.022680e-03,-1.078914e-03,-1.951053e-04,-1.353577e-04,-7.558124e-05,-1.803427e-05,3.787789e-05,8.096594e-05,8.295792e-05,6.017526e-05,4.862935e-05,5.511326e-05,5.611766e-05,5.668250e-05,6.393372e-05,7.203805e-05,8.390976e-05,8.649234e-05,8.078330e-05,6.641073e-05,4.322366e-05,1.624312e-05,2.245715e-05,7.019097e-05,1.421623e-04,1.894292e-04,1.999367e-04,1.851997e-04,1.664200e-04,1.296764e-04,8.700760e-05,3.690910e-05,-3.774636e-05,-1.263877e-04,-2.122919e-04,-1.517181e-03,-1.581442e-03,-1.645352e-03,-1.668333e-03,-1.652501e-03,-1.617808e-03,-1.598292e-03,-1.593702e-03,-1.608379e-03,-1.642776e-03,-1.668640e-03,-1.686389e-03,-1.692497e-03,-1.696041e-03,-1.685205e-03,-1.652990e-03,-1.600119e-03,-1.550565e-03,-1.545657e-03,-1.572250e-03,-1.593865e-03,-1.605472e-03,-1.606199e-03,-1.595015e-03,-1.568184e-03,-1.540141e-03,-1.535597e-03,-1.542721e-03,-1.544466e-03,-1.547479e-03,-1.543412e-03,-1.519761e-03,-1.493976e-03,-5.979979e-05,-8.026609e-05,-1.009229e-04,-1.175844e-04,-1.146703e-04,-7.709212e-05,-8.142752e-06,6.642015e-05,1.223685e-04,1.386703e-04,1.208380e-04,9.346147e-05,6.869956e-05,3.825126e-05,1.553465e-05,-2.523532e-05,-7.559652e-05,-1.258059e-04,-1.561690e-04,-1.432286e-04,-8.923269e-05,-1.008049e-05,7.387346e-05,1.573626e-04,2.165868e-04,2.370687e-04,2.141873e-04,1.525611e-04,7.526900e-05,-6.876005e-06,-1.197933e-04,-2.342387e-04,-3.475942e-04,1.011329e-04,2.296166e-04,3.561384e-04,4.720049e-04,5.926876e-04,6.788066e-04,7.193326e-04,6.911418e-04,6.022950e-04,4.780178e-04,3.537222e-04,2.829705e-04,2.325790e-04,1.883489e-04,1.445971e-04,1.602141e-04,2.443533e-04,3.472613e-04,4.695457e-04,5.770492e-04,6.627033e-04,7.203962e-04,7.126160e-04,6.516926e-04,5.700176e-04,4.583169e-04,3.394304e-04,2.309907e-04,1.306432e-04,1.276893e-04,1.770052e-04,2.043079e-04,2.327466e-04
-1.203470e-04,-3.118637e-04,1.609941e-04,-8.451242e-06,-4.541413e-05,5.805617e-04,1.039834e-04,-3.167633e-04,1.781900e-04,-2.463420e-05,-1.331368e-04,-3.428146e-04,-1.404723e-03,-1.509907e-03,-1.634222e-03,-1.582306e-03,-1.614926e-03,-1.554623e-03,-1.610585e-03,-1.590654e-03,-1.563825e-03,-1.564940e-03,-1.406418e-03,-1.320532e-03,-1.221360e-03,-1.237301e-03,-1.329998e-03,-1.484167e-03,-1.587511e-03,-1.515751e-03,-1.526079e-03,-1.573846e-03,-1.488725e-03,-1.587782e-03,-1.568155e-03,-1.581844e-03,-1.605475e-03,-1.452925e-03,-1.366288e-03,-1.333897e-03,-1.325049e-03,-1.341799e-03,-1.257792e-03,-1.174536e-03,-1.093512e-03,1.256964e-04,1.387223e-04,1.520379e-04,1.636633e-04,1.779075e-04,1.720991e-04,1.298793e-04,7.418081e-05,4.935500e-05,6.404522e-05,8.460328e-05,8.704841e-05,7.569587e-05,6.242977e-05,4.721293e-05,4.578394e-05,5.025824e-05,5.323453e-05,4.897828e-05,2.873076e-05,2.917206e-05,7.628468e-05,1.324593e-04,1.337211e-04,8.773329e-05,4.195817e-05,1.605437e-05,1.295743e-05,3.269137e-05,6.129479e-05,1.093367e-04,1.560709e-04,2.033360e-04,1.649905e-03,1.576695e-03,1.500558e-03,1.448090e-03,1.456377e-03,1.480124e-03,1.491955e-03,1.489761e-03,1.468080e-03,1.419736e-03,1.376325e-03,1.361846e-03,1.355665e-03,1.359019e-03,1.374364e-03,1.421551e-03,1.500089e-03,1.542551e-03,1.541536e-03,1.496004e-03,1.450417e-03,1.432191e-03,1.430075e-03,1.440516e-03,1.459704e-03,1.457786e-03,1.429533e-03,1.388500e-03,1.340859e-03,1.319823e-03,1.305011e-03,1.289005e-03,1.272697e-03,3.009781e-04,3.297506e-04,3.585656e-04,3.837517e-04,3.894049e-04,3.638805e-04,3.140622e-04,2.564417e-04,2.052721e-04,1.784537e-04,1.792782e-04,1.874054e-04,1.902252e-04,2.011610e-04,2.146057e-04,2.552044e-04,3.134082e-04,3.753758e-04,4.220896e-04,4.316987e-04,3.931258e-04,3.145752e-04,2.191703e-04,1.323925e-04,7.706441e-05,5.856037e-05,7.594637e-05,1.241598e-04,1.794407e-04,2.356778e-04,3.166647e-04,3.975856e-04,4.777385e-04,4.417792e-03,4.336680e-03,4.256513e-03,4.154772e-03,4.045128e-03,3.935657e-03,3.861452e-03,3.812122e-03,3.777836e-03,3.741705e-03,3.678630e-03,3.617242e-03,3.606489e-03,3.655130e-03,3.768037e-03,3.896439e-03,3.972240e-03,3.981073e-03,3.957020e-03,3.917370e-03,3.857901e-03,3.819630e-03,3.791438e-03,3.773660e-03,3.740457e-03,3.668169e-03,3.598932e-03,3.549888e-03,3.549694e-03,3.535226e-03,3.520749e-03,3.532661e-03,3.540646e-03
3.273173e-04,-2.427579e-05,1.559738e-04,3.825355e-04,5.034454e-05,1.039834e-04,6.081138e-04,-1.210626e-05,-2.998373e-05,4.026944e-04,-8.583811e-05,7.404091e-05,-1.089145e-03,-1.146945e-03,-1.200423e-03,-1.141335e-03,-1.158239e-03,-1.092900e-03,-1.122502e-03,-1.101201e-03,-1.121526e-03,-1.129762e-03,-9.956653e-04,-9.128824e-04,-8.798112e-04,-9.411703e-04,-1.024627e-03,-1.118835e-03,-1.200305e-03,-1.138564e-03,-1.146603e-03,-1.121083e-03,-1.065592e-03,-1.130300e-03,-1.176108e-03,-1.175931e-03,-1.155503e-03,-9.830965e-04,-8.750310e-04,-8.133205e-04,-8.557111e-04,-1.028584e-03,-1.175250e-03,-1.309727e-03,-1.421980e-03,-1.812460e-03,-1.789666e-03,-1.766786e-03,-1.745259e-03,-1.723923e-03,-1.711512e-03,-1.735302e-03,-1.765733e-03,-1.768065e-03,-1.744739e-03,-1.715795e-03,-1.696268e-03,-1.681917e-03,-1.667671e-03,-1.661426e-03,-1.658546e-03,-1.660094e-03,-1.669074e-03,-1.688569e-03,-1.716108e-03,-1.716414e-03,-1.690817e-03,-1.640397e-03,-1.623518e-03,-1.641513e-03,-1.652526e-03,-1.649292e-03,-1.633440e-03,-1.606006e-03,-1.566419e-03,-1.524554e-03,-1.495305e-03,-1.463131e-03,1.746599e-04,1.212508e-04,6.664831e-05,3.794751e-05,4.962487e-05,7.948642e-05,9.615663e-05,1.012336e-04,9.382248e-05,7.058899e-05,4.878923e-05,4.089816e-05,3.725987e-05,3.407257e-05,4.233572e-05,6.654991e-05,1.141607e-04,1.486692e-04,1.515440e-04,1.301962e-04,1.194558e-04,1.193916e-04,1.265173e-04,1.378159e-04,1.506244e-04,1.436147e-04,1.240390e-04,1.097731e-04,1.110203e-04,1.435538e-04,1.839670e-04,2.381798e-04,2.933178e-04,1.618333e-03,1.503632e-03,1.389000e-03,1.266592e-03,1.154952e-03,1.042061e-03,9.346991e-04,8.381524e-04,7.683387e-04,7.108140e-04,6.481095e-04,6.196463e-04,6.852522e-04,8.134787e-04,9.647518e-04,1.106006e-03,1.189153e-03,1.191816e-03,1.139010e-03,1.045909e-03,9.462038e-04,8.843589e-04,8.423110e-04,7.942726e-04,7.214932e-04,6.135498e-04,5.250440e-04,4.923221e-04,5.780749e-04,7.091167e-04,8.570734e-04,1.023924e-03,1.187643e-03,5.922483e-05,2.419478e-05,-1.048886e-05,-4.457776e-05,-5.812487e-05,-2.885681e-05,4.108281e-05,1.191778e-04,1.808340e-04,1.997828e-04,1.735949e-04,1.379054e-04,1.180203e-04,9.739411e-05,8.544743e-05,4.040598e-05,-2.789881e-05,-9.978087e-05,-1.448355e-04,-1.334964e-04,-7.118729e-05,2.770253e-05,1.366521e-04,2.398455e-04,3.050403e-04,3.216261e-04,2.889386e-04,2.148003e-04,1.375315e-04,6.135824e-05,-5.652652e-05,-1.784825e-04,-2.988335e-04
8.779160e-06,4.872906e-04,-2.935613e-05,-1.323625e-05,3.697446e-04,-3.167633e-04,-1.210626e-05,6.093735e-04,-1.414741e-05,1.232266e-05,3.252698e-04,3.858212e-04,-1.032551e-04,-1.062848e-04,-7.051856e-05,-4.747962e-05,-6.229293e-05,-6.243188e-05,-6.785135e-05,-8.624513e-05,-1.039113e-04,-7.200735e-05,-6.260658e-05,-4.473480e-05,-8.129422e-05,-7.605959e-05,-5.046141e-05,-3.203395e-05,-8.397343e-05,-7.286378e-05,-8.414205e-05,-5.363580e-05,-6.327967e-05,-7.414559e-05,-9.819879e-05,-7.146581e-05,-7.400294e-05,-4.467882e-05,-1.857542e-05,4.617431e-05,8.358686e-05,8.107551e-05,-7.012170e-05,-2.023749e-04,-3.063478e-04,-1.971508e-04,-1.611578e-04,-1.253064e-04,-9.033209e-05,-5.804540e-05,-2.516651e-05,-5.786730e-06,1.289989e-06,1.176454e-06,-4.837044e-06,-1.606136e-05,-1.420905e-05,3.022884e-06,1.979150e-05,3.831982e-05,4.244566e-05,3.695347e-05,2.501521e-05,8.990700e-06,-2.201936e-06,2.192820e-06,1.426065e-05,4.140444e-05,7.922491e-05,1.138380e-04,1.266241e-04,1.244866e-04,9.465225e-05,4.935632e-05,-4.799982e-06,-8.967704e-05,-1.857986e-04,-2.799134e-04,-2.197102e-03,-2.214043e-03,-2.229137e-03,-2.221944e-03,-2.212595e-03,-2.194202e-03,-2.180768e-03,-2.171517e-03,-2.167619e-03,-2.165867e-03,-2.161812e-03,-2.169927e-03,-2.172795e-03,-2.178782e-03,-2.182502e-03,-2.188476e-03,-2.190563e-03,-2.171649e-03,-2.164711e-03,-2.158655e-03,-2.148241e-03,-2.145529e-03,-2.143534e-03,-2.139586e-03,-2.128702e-03,-2.104471e-03,-2.084764e-03,-2.067423e-03,-2.041526e-03,-2.033694e-03,-2.025024e-03,-1.999917e-03,-1.972699e-03,-8.768679e-05,-1.519697e-04,-2.179887e-04,-2.629221e-04,-2.548870e-04,-1.931473e-04,-9.921311e-05,-3.085302e-06,6.583294e-05,7.753242e-05,5.232315e-05,3.406018e-05,2.742689e-05,-1.793628e-05,-7.211576e-05,-1.317423e-04,-1.791817e-04,-2.339273e-04,-2.807172e-04,-2.875229e-04,-2.281982e-04,-1.156690e-04,1.461975e-05,1.413752e-04,2.330285e-04,2.574153e-04,2.021098e-04,7.497581e-05,-5.279495e-05,-1.196911e-04,-1.662325e-04,-1.955453e-04,-2.253229e-04,-2.635082e-03,-2.436183e-03,-2.237831e-03,-2.052816e-03,-1.885602e-03,-1.757151e-03,-1.680876e-03,-1.670639e-03,-1.713354e-03,-1.776475e-03,-1.835293e-03,-1.873739e-03,-1.932534e-03,-1.992698e-03,-2.073638e-03,-2.137072e-03,-2.137025e-03,-2.075469e-03,-1.959988e-03,-1.830100e-03,-1.712086e-03,-1.639601e-03,-1.631988e-03,-1.677118e-03,-1.736486e-03,-1.788067e-03,-1.826933e-03,-1.847902e-03,-1.903877e-03,-1.929950e-03,-1.966907e-03,-2.054001e-03,-2.136350e-03
-1.773525e-04,-3.182010e-05,-2.950554e-04,-3.246334e-04,1.015552e-04,1.781900e-04,-2.998373e-05,-1.414741e-05,6.468019e-04,-3.496244e-04,-1.134179e-04,8.704475e-05,-1.531520e-03,-1.636535e-03,-1.732757e-03,-1.662736e-03,-1.701582e-03,-1.658215e-03,-1.729022e-03,-1.741110e-03,-1.702946e-03,-1.653436e-03,-1.506858e-03,-1.409460e-03,-1.304874e-03,-1.287747e-03,-1.359759e-03,-1.550794e-03,-1.713132e-03,-1.628029e-03,-1.625135e-03,-1.674850e-03,-1.593488e-03,-1.706430e-03,-1.648194e-03,-1.640465e-03,-1.701210e-03,-1.571932e-03,-1.502467e-03,-1.438919e-03,-1.360065e-03,-1.243822e-03,-1.146210e-03,-1.048590e-03,-9.445018e-04,1.461583e-03,1.497733e-03,1.534123e-03,1.567947e-03,1.603092e-03,1.613712e-03,1.585165e-03,1.527127e-03,1.487383e-03,1.479556e-03,1.467906e-03,1.448807e-03,1.432108e-03,1.418584e-03,1.416319e-03,1.425854e-03,1.439204e-03,1.449553e-03,1.452219e-03,1.438748e-03,1.446939e-03,1.509869e-03,1.573309e-03,1.582788e-03,1.540419e-03,1.471622e-03,1.412321e-03,1.356708e-03,1.319103e-03,1.279961e-03,1.239758e-03,1.196602e-03,1.153933e-03,2.783043e-04,1.907795e-04,1.016771e-04,5.206679e-05,6.567735e-05,9.741261e-05,1.190935e-04,1.278408e-04,1.155032e-04,7.774871e-05,5.049166e-05,3.844623e-05,3.224671e-05,3.012893e-05,3.633874e-05,7.769475e-05,1.498932e-04,1.937882e-04,1.841010e-04,1.255344e-04,6.600565e-05,3.861294e-05,3.520538e-05,5.541494e-05,1.008348e-04,1.456806e-04,1.555629e-04,1.394942e-04,1.065319e-04,6.749754e-05,3.008199e-05,-5.281821e-06,-3.984538e-05,4.184642e-03,4.320138e-03,4.455103e-03,4.569798e-03,4.672542e-03,4.738237e-03,4.780903e-03,4.766141e-03,4.685532e-03,4.558857e-03,4.408608e-03,4.277500e-03,4.157122e-03,4.086434e-03,4.077101e-03,4.136681e-03,4.245808e-03,4.366985e-03,4.515163e-03,4.663137e-03,4.765097e-03,4.810982e-03,4.775752e-03,4.698916e-03,4.600155e-03,4.468556e-03,4.334436e-03,4.219276e-03,4.089185e-03,3.977356e-03,3.867211e-03,3.735975e-03,3.605613e-03,3.503661e-04,3.922451e-04,4.351866e-04,4.662438e-04,4.617286e-04,4.131947e-04,3.355354e-04,2.561539e-04,1.980376e-04,1.839695e-04,2.040368e-04,2.289174e-04,2.437698e-04,2.654038e-04,2.851494e-04,3.317426e-04,3.894364e-04,4.516556e-04,4.969911e-04,4.985241e-04,4.468885e-04,3.564268e-04,2.546226e-04,1.589288e-04,9.219057e-05,6.661837e-05,8.871138e-05,1.495055e-04,2.199206e-04,2.890054e-04,3.931598e-04,5.044018e-04,6.139535e-04
4.044173e-04,1.656689e-05,3.136317e-04,5.141952e-04,-5.715974e-06,-2.463420e-05,4.026944e-04,1.232266e-05,-3.496244e-04,7.016514e-04,1.382135e-05,1.879425e-05,2.254758e-05,3.592948e-05,4.974410e-05,5.265391e-05,5.039238e-05,5.229251e-05,5.600522e-05,8.624776e-05,6.676337e-05,4.887303e-05,7.071177e-05,7.216965e-05,3.514360e-05,-2.529816e-05,-3.918006e-05,3.227102e-06,3.231489e-05,2.916002e-05,1.893135e-05,7.278532e-05,7.036116e-05,8.535676e-05,1.156465e-05,1.193248e-05,7.113648e-05,1.455862e-04,1.959666e-04,2.020151e-04,1.119178e-04,-1.228864e-04,-3.342675e-04,-5.270788e-04,-7.042254e-04,-2.492512e-03,-2.492059e-03,-2.491694e-03,-2.490894e-03,-2.491248e-03,-2.482990e-03,-2.477453e-03,-2.455533e-03,-2.426113e-03,-2.398998e-03,-2.368547e-03,-2.344170e-03,-2.329521e-03,-2.317495e-03,-2.316853e-03,-2.324690e-03,-2.336580e-03,-2.350306e-03,-2.364996e-03,-2.373012e-03,-2.368909e-03,-2.374555e-03,-2.358353e-03,-2.338355e-03,-2.318534e-03,-2.280106e-03,-2.239195e-03,-2.195457e-03,-2.160672e-03,-2.119676e-03,-2.079274e-03,-2.048167e-03,-2.014808e-03,-1.035170e-04,-8.571817e-05,-6.791296e-05,-5.157712e-05,-4.112705e-05,-2.903046e-05,-2.501024e-05,-2.557658e-05,-2.644932e-05,-2.741786e-05,-3.518102e-05,-4.151635e-05,-4.838332e-05,-5.841834e-05,-6.184907e-05,-6.958062e-05,-7.313854e-05,-6.701729e-05,-5.237481e-05,-2.595098e-05,1.047909e-05,3.552187e-05,5.041997e-05,5.193152e-05,3.602192e-05,3.872207e-07,-2.883117e-05,-4.159032e-05,-3.247113e-05,7.449050e-06,5.511171e-05,1.148706e-04,1.750091e-04,-1.129242e-03,-1.306307e-03,-1.483073e-03,-1.654008e-03,-1.810263e-03,-1.935321e-03,-2.017748e-03,-2.046065e-03,-2.028840e-03,-1.994194e-03,-1.958681e-03,-1.927995e-03,-1.868813e-03,-1.802372e-03,-1.712925e-03,-1.634807e-03,-1.619235e-03,-1.670689e-03,-1.776854e-03,-1.904942e-03,-2.024903e-03,-2.099304e-03,-2.114202e-03,-2.074821e-03,-2.014681e-03,-1.966706e-03,-1.937123e-03,-1.931087e-03,-1.899969e-03,-1.891516e-03,-1.866706e-03,-1.796262e-03,-1.730353e-03,-1.452668e-04,-2.097228e-04,-2.746322e-04,-3.326934e-04,-3.553913e-04,-3.055058e-04,-1.692798e-04,-3.068856e-06,1.222503e-04,1.608310e-04,1.311763e-04,6.586056e-05,-3.511260e-05,-1.612968e-04,-2.301028e-04,-2.973347e-04,-3.708899e-04,-4.405273e-04,-4.660175e-04,-4.020023e-04,-2.831461e-04,-1.406804e-04,3.172693e-06,1.755017e-04,3.329484e-04,4.253930e-04,4.095789e-04,2.725780e-04,3.700839e-05,-2.486064e-04,-5.860382e-04,-9.143022e-04,-1.241500e-03
7.043676e-05,3.226623e-04,-1.225781e-04,-1.363447e-05,3.012327e-04,-1.331368e-04,-8.583811e-05,3.252698e-04,-1.134179e-04,1.382135e-05,6.359124e-04,-2.313736e-05,1.218331e-03,1.323012e-03,1.444000e-03,1.394797e-03,1.421244e-03,1.376929e-03,1.425840e-03,1.408097e-03,1.380342e-03,1.375885e-03,1.236327e-03,1.157335e-03,1.065177e-03,1.090836e-03,1.187568e-03,1.326478e-03,1.420710e-03,1.350417e-03,1.351377e-03,1.393807e-03,1.322594e-03,1.413826e-03,1.396441e-03,1.405483e-03,1.420462e-03,1.284227e-03,1.208413e-03,1.193347e-03,1.194061e-03,1.214520e-03,1.132252e-03,1.046902e-03,9.661273e-04,-3.055558e-06,-2.075915e-05,-3.870290e-05,-5.514294e-05,-7.357990e-05,-7.562450e-05,-4.704060e-05,-5.567841e-06,1.254973e-05,3.904255e-07,-1.398021e-05,-9.681532e-06,8.009990e-06,2.648257e-05,4.488491e-05,4.834081e-05,4.492472e-05,4.232655e-05,4.667025e-05,6.690776e-05,6.956958e-05,3.162226e-05,-1.381290e-05,-1.336914e-05,2.605645e-05,6.248725e-05,7.962492e-05,7.427285e-05,5.008564e-05,1.945226e-05,-3.029962e-05,-7.972199e-05,-1.294943e-04,-1.615614e-03,-1.538356e-03,-1.458321e-03,-1.402649e-03,-1.405792e-03,-1.429538e-03,-1.450824e-03,-1.465123e-03,-1.465647e-03,-1.443739e-03,-1.423567e-03,-1.423384e-03,-1.422439e-03,-1.421112e-03,-1.423091e-03,-1.448483e-03,-1.502315e-03,-1.525125e-03,-1.512044e-03,-1.461552e-03,-1.414794e-03,-1.397165e-03,-1.398418e-03,-1.415371e-03,-1.444685e-03,-1.458343e-03,-1.451619e-03,-1.434464e-03,-1.410762e-03,-1.413810e-03,-1.423940e-03,-1.432438e-03,-1.440453e-03,-5.497015e-05,-7.343412e-05,-9.192779e-05,-1.081807e-04,-1.072194e-04,-7.786183e-05,-2.543548e-05,3.174496e-05,7.839518e-05,9.759618e-05,8.789552e-05,7.129044e-05,5.990522e-05,4.347316e-05,2.921463e-05,-8.073628e-06,-5.928277e-05,-1.120683e-04,-1.474245e-04,-1.452268e-04,-9.914987e-05,-1.937207e-05,7.124531e-05,1.520566e-04,2.018340e-04,2.144895e-04,1.909996e-04,1.365136e-04,7.216860e-05,4.986331e-06,-9.129614e-05,-1.900914e-04,-2.878300e-04,8.585385e-04,1.067203e-03,1.276173e-03,1.439005e-03,1.564604e-03,1.637758e-03,1.677686e-03,1.654034e-03,1.570752e-03,1.453421e-03,1.308082e-03,1.178706e-03,1.068664e-03,1.039523e-03,1.062039e-03,1.111118e-03,1.179884e-03,1.261821e-03,1.388166e-03,1.525379e-03,1.628130e-03,1.690536e-03,1.674562e-03,1.596922e-03,1.485131e-03,1.350294e-03,1.245521e-03,1.198909e-03,1.139763e-03,1.053036e-03,9.006413e-04,6.898817e-04,4.830660e-04
-5.813677e-05,3.958875e-04,1.023416e-04,1.309637e-06,2.202685e-04,-3.428146e-04,7.404091e-05,3.858212e-04,8.704475e-05,1.879425e-05,-2.313736e-05,7.243034e-04,-1.565662e-03,-1.646326e-03,-1.683932e-03,-1.583593e-03,-1.618022e-03,-1.566388e-03,-1.622045e-03,-1.626994e-03,-1.623403e-03,-1.569080e-03,-1.408342e-03,-1.300452e-03,-1.270633e-03,-1.308033e-03,-1.378937e-03,-1.520781e-03,-1.686187e-03,-1.591728e-03,-1.593357e-03,-1.572994e-03,-1.505830e-03,-1.617840e-03,-1.635387e-03,-1.606636e-03,-1.625139e-03,-1.433569e-03,-1.312342e-03,-1.202263e-03,-1.164284e-03,-1.209720e-03,-1.380218e-03,-1.524590e-03,-1.631376e-03,-3.333161e-04,-2.618676e-04,-1.903855e-04,-1.218241e-04,-5.562010e-05,-4.981841e-06,-5.579811e-06,-3.694798e-05,-5.377298e-05,-4.782466e-05,-4.864384e-05,-5.074396e-05,-4.127865e-05,-2.892814e-05,-1.545583e-05,-1.470013e-05,-2.493843e-05,-4.728121e-05,-8.214524e-05,-1.237129e-04,-1.213563e-04,-6.341297e-05,2.562007e-05,8.181454e-05,9.227339e-05,7.546612e-05,5.855476e-05,2.662308e-05,-5.507229e-06,-4.232438e-05,-1.053355e-04,-1.855419e-04,-2.623448e-04,-1.668045e-03,-1.753083e-03,-1.837999e-03,-1.866954e-03,-1.838684e-03,-1.779787e-03,-1.733812e-03,-1.703508e-03,-1.696779e-03,-1.717399e-03,-1.732207e-03,-1.744400e-03,-1.750867e-03,-1.759784e-03,-1.756773e-03,-1.733824e-03,-1.684406e-03,-1.640503e-03,-1.651560e-03,-1.700632e-03,-1.736613e-03,-1.750837e-03,-1.744238e-03,-1.716637e-03,-1.664725e-03,-1.609845e-03,-1.582844e-03,-1.570508e-03,-1.553923e-03,-1.539556e-03,-1.518711e-03,-1.475679e-03,-1.430062e-03,-3.183446e-04,-3.500733e-04,-3.819697e-04,-4.088335e-04,-4.138416e-04,-3.791260e-04,-3.081672e-04,-2.272996e-04,-1.625587e-04,-1.378637e-04,-1.490185e-04,-1.722873e-04,-1.933269e-04,-2.217494e-04,-2.441137e-04,-2.890694e-04,-3.485873e-04,-4.104513e-04,-4.532279e-04,-4.496970e-04,-3.999856e-04,-3.194711e-04,-2.287325e-04,-1.347418e-04,-6.478909e-05,-3.477210e-05,-5.052807e-05,-1.078399e-04,-1.815433e-04,-2.639546e-04,-3.783054e-04,-4.923967e-04,-6.055264e-04,-5.377914e-03,-5.184420e-03,-4.988442e-03,-4.802186e-03,-4.661881e-03,-4.549255e-03,-4.474237e-03,-4.425874e-03,-4.385973e-03,-4.327578e-03,-4.252590e-03,-4.204711e-03,-4.224536e-03,-4.280085e-03,-4.393588e-03,-4.550056e-03,-4.672456e-03,-4.697174e-03,-4.648496e-03,-4.554833e-03,-4.454361e-03,-4.402122e-03,-4.376296e-03,-4.370832e-03,-4.359780e-03,-4.291045e-03,-4.196981e-03,-4.100682e-03,-4.074496e-03,-4.090610e-03,-4.162591e-03,-4.284033e-03,-4.399126e-03
9.886357e-04,-1.939194e-04,-1.502614e-03,-2.896985e-05,-1.151654e-03,-1.404723e-03,-1.089145e-03,-1.032551e-04,-1.531520e-03,2.254758e-05,1.218331e-03,-1.565662e-03,1.988028e-01,8.909155e-02,1.564517e-02,-3.975888e-03,8.010770e-03,1.570786e-02,1.846520e-02,1.849493e-02,1.732812e-02,1.776057e-02,1.718557e-02,1.620277e-02,1.428991e-02,1.366715e-02,1.429460e-02,1.617549e-02,1.811028e-02,1.739195e-02,1.739951e-02,1.744953e-02,1.655204e-02,1.773006e-02,1.772876e-02,1.765873e-02,1.787617e-02,1.596607e-02,1.483552e-02,1.409194e-02,1.382625e-02,1.414607e-02,1.449834e-02,1.469742e-02,1.471571e-02,-6.427952e-04,-8.931114e-04,-1.145566e-03,-1.306321e-03,-1.051971e-03,-3.827235e-04,4.524789e-04,1.469968e-03,2.077551e-03,1.940741e-03,1.514075e-03,1.092744e-03,7.352102e-04,4.217611e-04,2.008904e-04,4.500934e-05,-2.220029e-05,3.557638e-05,2.393591e-04,5.953607e-04,6.079722e-04,5.651246e-05,-7.151429e-04,-9.996467e-04,-7.749256e-04,-4.196628e-04,-1.868806e-04,-9.880575e-06,4.443770e-05,7.762619e-05,1.339250e-04,2.874122e-04,4.199647e-04,-5.402228e-02,-3.921682e-02,-2.416721e-02,-1.184778e-02,-3.558531e-03,1.693176e-03,4.196472e-03,4.862326e-03,4.448546e-03,3.767750e-03,2.840194e-03,1.886711e-03,1.181225e-03,7.920035e-04,5.573015e-04,1.917746e-04,-4.233435e-04,-7.871977e-04,-6.299417e-04,-3.261848e-05,4.705770e-04,6.765143e-04,6.622282e-04,4.530891e-04,5.985264e-05,-2.230945e-04,-2.038920e-04,-3.227970e-05,1.536462e-04,1.828016e-04,1.346789e-04,-2.507192e-05,-1.962142e-04,-1.686068e-03,-1.362938e-03,-1.033791e-03,-7.511876e-04,-5.860901e-04,-5.445464e-04,-5.644047e-04,-6.159507e-04,-6.350631e-04,-5.770121e-04,-4.876451e-04,-3.950439e-04,-3.192589e-04,-2.748600e-04,-2.751494e-04,-3.073705e-04,-3.532237e-04,-3.947904e-04,-4.367037e-04,-4.908716e-04,-5.034219e-04,-4.516703e-04,-3.570768e-04,-3.159952e-04,-3.205643e-04,-3.276028e-04,-3.221057e-04,-3.114484e-04,-3.019766e-04,-2.780423e-04,-2.360885e-04,-1.919861e-04,-1.482757e-04,2.564207e-03,1.705398e-03,8.062550e-04,2.671226e-04,1.656615e-04,2.674567e-04,5.101282e-04,7.717164e-04,9.750516e-04,1.056464e-03,1.090758e-03,1.088887e-03,1.066224e-03,1.029723e-03,1.019811e-03,1.054131e-03,1.119554e-03,1.127404e-03,1.062878e-03,9.483575e-04,8.679534e-04,8.417577e-04,8.475066e-04,8.766082e-04,9.393996e-04,9.854355e-04,9.933203e-04,9.840188e-04,9.661744e-04,9.261608e-04,8.829379e-04,8.454162e-04,8.064305e-04
1.069986e-03,-2.021028e-04,-1.600566e-03,-1.210882e-05,-1.206982e-03,-1.509907e-03,-1.146945e-03,-1.062848e-04,-1.636535e-03,3.592948e-05,1.323012e-03,-1.646326e-03,8.909155e-02,5.998610e-02,2.226638e-02,1.038625e-02,1.441756e-02,1.699947e-02,1.894589e-02,1.912825e-02,1.850265e-02,1.870923e-02,1.748232e-02,1.637327e-02,1.494729e-02,1.475323e-02,1.555840e-02,1.745508e-02,1.928772e-02,1.842076e-02,1.846268e-02,1.858901e-02,1.765945e-02,1.890899e-02,1.889167e-02,1.880959e-02,1.904603e-02,1.701791e-02,1.581567e-02,1.502110e-02,1.473572e-02,1.506940e-02,1.543154e-02,1.563145e-02,1.563974e-02,2.651166e-03,1.778731e-03,9.026637e-04,9.893703e-05,-4.371828e-04,-5.202186e-04,-9.638432e-05,6.304110e-04,1.073558e-03,9.563823e-04,6.888106e-04,4.811180e-04,3.138017e-04,1.628085e-04,5.777496e-05,-2.483559e-05,-5.011965e-05,2.895437e-05,2.442240e-04,6.118339e-04,6.114623e-04,1.070262e-05,-8.217058e-04,-1.131410e-03,-8.942043e-04,-5.140001e-04,-2.620109e-04,-6.899160e-05,-7.782652e-06,3.045468e-05,9.213324e-05,2.569033e-04,3.994645e-04,-2.964638e-02,-2.080217e-02,-1.178034e-02,-4.690827e-03,-4.654601e-04,1.883703e-03,2.844759e-03,2.922549e-03,2.583773e-03,2.313845e-03,1.931292e-03,1.469656e-03,1.117875e-03,9.236411e-04,7.457792e-04,3.392543e-04,-3.737592e-04,-8.228985e-04,-7.045319e-04,-1.041728e-04,4.112338e-04,6.221031e-04,6.070402e-04,3.897386e-04,-2.193223e-05,-3.161323e-04,-2.892462e-04,-1.014061e-04,1.013035e-04,1.365451e-04,8.952986e-05,-7.574786e-05,-2.531095e-04,-1.376479e-03,-1.132607e-03,-8.840741e-04,-6.687626e-04,-5.282663e-04,-4.822636e-04,-5.096461e-04,-5.667583e-04,-5.922913e-04,-5.485051e-04,-4.765513e-04,-3.966601e-04,-3.250368e-04,-2.803195e-04,-2.765182e-04,-3.050142e-04,-3.499874e-04,-3.932033e-04,-4.379858e-04,-4.956677e-04,-5.089740e-04,-4.528088e-04,-3.505681e-04,-3.045887e-04,-3.081626e-04,-3.167745e-04,-3.137984e-04,-3.067723e-04,-3.009023e-04,-2.810101e-04,-2.431288e-04,-2.019160e-04,-1.612138e-04,2.013390e-03,1.417643e-03,7.896469e-04,4.264451e-04,4.046183e-04,5.247577e-04,7.056161e-04,8.853049e-04,1.008895e-03,1.032915e-03,1.032919e-03,1.021412e-03,1.008876e-03,9.941779e-04,1.006721e-03,1.056571e-03,1.131887e-03,1.141784e-03,1.073267e-03,9.525719e-04,8.695478e-04,8.447872e-04,8.531141e-04,8.829234e-04,9.453896e-04,9.899063e-04,9.963693e-04,9.886999e-04,9.737147e-04,9.332804e-04,8.820482e-04,8.323395e-04,7.815260e-04
1.146466e-03,-1.687489e-04,-1.692529e-03,3.480600e-06,-1.227491e-03,-1.634222e-03,-1.200423e-03,-7.051856e-05,-1.732757e-03,4.974410e-05,1.444000e-03,-1.683932e-03,1.564517e-02,2.226638e-02,3.186984e-02,2.416890e-02,2.090185e-02,1.808539e-02,1.933699e-02,1.963224e-02,1.954085e-02,1.953737e-02,1.769649e-02,1.649255e-02,1.554661e-02,1.575209e-02,1.671517e-02,1.861931e-02,2.034643e-02,1.934223e-02,1.941822e-02,1.961982e-02,1.866078e-02,1.997389e-02,1.994025e-02,1.984973e-02,2.010368e-02,1.797088e-02,1.670539e-02,1.586907e-02,1.556803e-02,1.591347e-02,1.627216e-02,1.646214e-02,1.645282e-02,4.936077e-03,3.590855e-03,2.240828e-03,9.465161e-04,-2.213516e-04,-8.942821e-04,-7.425065e-04,-2.166970e-04,1.127674e-04,3.347534e-05,-7.902433e-05,-8.847559e-05,-8.188353e-05,-8.423190e-05,-8.248181e-05,-9.743991e-05,-8.386963e-05,1.508307e-05,2.411097e-04,6.199129e-04,6.095780e-04,-3.381717e-05,-9.185434e-04,-1.247727e-03,-9.962674e-04,-5.923002e-04,-3.229889e-04,-1.177310e-04,-5.386235e-05,-1.542309e-05,4.430040e-05,2.116032e-04,3.556978e-04,-4.603453e-03,-1.767625e-03,1.174525e-03,2.919920e-03,2.945045e-03,2.265009e-03,1.577620e-03,9.797237e-04,6.471758e-04,7.382533e-04,8.672421e-04,8.767436e-04,8.689984e-04,8.672191e-04,7.497379e-04,3.090738e-04,-4.928969e-04,-1.019077e-03,-9.366864e-04,-3.344747e-04,1.916128e-04,4.061922e-04,3.898210e-04,1.648790e-04,-2.629962e-04,-5.657068e-04,-5.303385e-04,-3.263002e-04,-1.061740e-04,-6.457223e-05,-1.096278e-04,-2.776504e-04,-4.582283e-04,-9.879037e-04,-8.437663e-04,-6.968206e-04,-5.670114e-04,-4.636845e-04,-4.192484e-04,-4.540769e-04,-5.131406e-04,-5.408216e-04,-5.091539e-04,-4.553360e-04,-3.900559e-04,-3.247812e-04,-2.825279e-04,-2.765798e-04,-3.056376e-04,-3.555984e-04,-4.063098e-04,-4.574167e-04,-5.172061e-04,-5.256032e-04,-4.567076e-04,-3.379179e-04,-2.780982e-04,-2.743038e-04,-2.821029e-04,-2.836039e-04,-2.860374e-04,-2.917380e-04,-2.856350e-04,-2.655549e-04,-2.412426e-04,-2.174410e-04,1.196381e-03,8.763339e-04,5.328262e-04,3.676906e-04,4.487752e-04,6.046083e-04,7.330577e-04,8.330000e-04,8.739799e-04,8.359328e-04,7.975747e-04,7.736855e-04,7.664204e-04,7.681729e-04,7.956544e-04,8.544286e-04,9.379364e-04,9.539075e-04,8.902645e-04,7.738858e-04,6.977660e-04,6.800055e-04,6.916486e-04,7.190582e-04,7.771591e-04,8.174536e-04,8.210391e-04,8.146836e-04,7.990666e-04,7.565727e-04,6.946732e-04,6.262557e-04,5.574831e-04
1.102538e-03,-1.416175e-04,-1.618651e-03,1.263498e-05,-1.157340e-03,-1.582306e-03,-1.141335e-03,-4.747962e-05,-1.662736e-03,5.265391e-05,1.394797e-03,-1.583593e-03,-3.975888e-03,1.038625e-02,2.416890e-02,3.611696e-02,2.428378e-02,1.769601e-02,1.770926e-02,1.821632e-02,1.858798e-02,1.859784e-02,1.645821e-02,1.515737e-02,1.460574e-02,1.513769e-02,1.618153e-02,1.795035e-02,1.945499e-02,1.842526e-02,1.851051e-02,1.875210e-02,1.785603e-02,1.910906e-02,1.906392e-02,1.897127e-02,1.921674e-02,1.718322e-02,1.597496e-02,1.517395e-02,1.488686e-02,1.521425e-02,1.554573e-02,1.571766e-02,1.570033e-02,1.301149e-02,1.028442e-02,7.551007e-03,4.873332e-03,2.206568e-03,1.147752e-04,-7.109718e-04,-8.235814e-04,-7.990583e-04,-8.790650e-04,-8.233832e-04,-6.089830e-04,-4.035108e-04,-2.439449e-04,-1.314595e-04,-7.998363e-05,-3.630996e-05,6.278186e-05,2.667920e-04,6.100067e-04,5.807638e-04,-5.111556e-05,-9.086374e-04,-1.230075e-03,-9.914393e-04,-6.033639e-04,-3.418577e-04,-1.416333e-04,-7.807656e-05,-3.978512e-05,1.709317e-05,1.762655e-04,3.133559e-04,5.206941e-03,5.491947e-03,5.834208e-03,5.309052e-03,3.493306e-03,1.458933e-03,1.468139e-04,-5.978369e-04,-7.564387e-04,-3.570004e-04,1.500861e-04,5.029621e-04,7.355442e-04,8.582953e-04,7.749824e-04,3.290059e-04,-4.844666e-04,-1.034084e-03,-9.921313e-04,-4.411664e-04,4.963004e-05,2.520736e-04,2.404203e-04,3.327615e-05,-3.668929e-04,-6.477773e-04,-6.071056e-04,-4.073158e-04,-1.928797e-04,-1.500048e-04,-1.897537e-04,-3.461573e-04,-5.144760e-04,-7.599125e-04,-6.836966e-04,-6.060724e-04,-5.344560e-04,-4.480016e-04,-3.888106e-04,-4.162276e-04,-4.686972e-04,-4.975955e-04,-4.791530e-04,-4.427783e-04,-3.918901e-04,-3.331938e-04,-2.924973e-04,-2.837398e-04,-3.093234e-04,-3.567262e-04,-4.066148e-04,-4.572345e-04,-5.148895e-04,-5.212673e-04,-4.516059e-04,-3.333245e-04,-2.716755e-04,-2.655986e-04,-2.732435e-04,-2.769716e-04,-2.830083e-04,-2.910826e-04,-2.874342e-04,-2.718676e-04,-2.519500e-04,-2.325067e-04,8.448197e-04,6.324451e-04,4.045139e-04,3.067697e-04,4.195115e-04,5.847902e-04,6.718629e-04,7.196085e-04,7.115150e-04,6.421904e-04,5.842108e-04,5.540667e-04,5.518897e-04,5.648674e-04,6.006155e-04,6.609355e-04,7.427742e-04,7.599362e-04,7.011669e-04,5.924249e-04,5.231428e-04,5.090364e-04,5.216755e-04,5.465695e-04,5.992262e-04,6.358636e-04,6.390507e-04,6.349764e-04,6.222637e-04,5.849163e-04,5.259580e-04,4.573262e-04,3.887247e-04
