4.493608e-04,9.663093e-07,1.548337e-05,2.830004e-04,-5.400322e-05,-8.847480e-05,2.465888e-04,7.903566e-06,-1.227680e-04,3.011396e-04,5.616460e-05,-3.982853e-05,8.165082e-04,8.667191e-04,9.197098e-04,8.784290e-04,8.677793e-04,8.569079e-04,8.260386e-04,8.584480e-04,8.641731e-04,8.677088e-04,8.740747e-04,8.021716e-04,7.545663e-04,6.873742e-04,6.447397e-04,6.660403e-04,7.292671e-04,8.373191e-04,8.301196e-04,8.235089e-04,8.550882e-04,8.237406e-04,8.693830e-04,8.368913e-04,8.396619e-04,8.610403e-04,8.103454e-04,7.871006e-04,7.395631e-04,6.638537e-04,5.948585e-04,5.382668e-04,4.793883e-04,-1.320585e-03,-1.326300e-03,-1.332008e-03,-1.337817e-03,-1.343552e-03,-1.349516e-03,-1.339428e-03,-1.314978e-03,-1.281736e-03,-1.265025e-03,-1.264307e-03,-1.262896e-03,-1.254613e-03,-1.248213e-03,-1.247708e-03,-1.248984e-03,-1.256009e-03,-1.263554e-03,-1.268587e-03,-1.267650e-03,-1.256193e-03,-1.251227e-03,-1.268256e-03,-1.280883e-03,-1.276382e-03,-1.255161e-03,-1.232567e-03,-1.220302e-03,-1.216895e-03,-1.220654e-03,-1.222397e-03,-1.223965e-03,-1.225449e-03,-1.932218e-04,-1.313058e-04,-6.879100e-05,-2.132460e-05,-2.305453e-06,-4.634451e-06,-6.796972e-06,-4.256498e-06,1.436707e-06,9.599607e-06,2.070734e-05,2.199198e-05,1.038453e-05,-1.324207e-06,-1.559737e-05,-2.631285e-05,-4.173659e-05,-6.719257e-05,-8.634438e-05,-8.154400e-05,-5.299805e-05,-2.370172e-05,-1.043161e-05,-9.135047e-06,-1.998114e-05,-4.415017e-05,-6.526602e-05,-6.900486e-05,-6.412343e-05,-4.600382e-05,-2.444195e-05,-2.032241e-06,2.017472e-05,1.211457e-03,1.128712e-03,1.046496e-03,9.557234e-04,8.634518e-04,7.757260e-04,7.010237e-04,6.607938e-04,6.459138e-04,6.408465e-04,6.278249e-04,5.949312e-04,5.555210e-04,5.171151e-04,4.976351e-04,5.210442e-04,6.069589e-04,6.986100e-04,7.568031e-04,7.813635e-04,7.832433e-04,7.612848e-04,7.369424e-04,7.139918e-04,7.061165e-04,6.936190e-04,6.524719e-04,5.844953e-04,4.962825e-04,3.929383e-04,2.880051e-04,2.092797e-04,1.279348e-04,-2.078420e-04,-2.498221e-04,-2.923136e-04,-3.294075e-04,-3.504248e-04,-3.418528e-04,-3.043311e-04,-2.505156e-04,-1.967766e-04,-1.541366e-04,-1.364512e-04,-1.429000e-04,-1.607310e-04,-1.663309e-04,-1.792826e-04,-1.906564e-04,-2.178273e-04,-2.594250e-04,-3.015272e-04,-3.324804e-04,-3.330283e-04,-2.943851e-04,-2.273797e-04,-1.502877e-04,-7.952939e-05,-3.390346e-05,-2.435266e-05,-5.402672e-05,-1.143231e-04,-1.801977e-04,-2.655876e-04,-3.606434e-04,-4.536761e-04
9.663093e-07,4.480065e-04,1.013000e-06,9.401883e-08,2.745184e-04,-2.282234e-04,-1.234719e-05,3.535227e-04,-2.219143e-05,1.020565e-05,2.325993e-04,2.901727e-04,-1.802410e-04,-1.911702e-04,-1.732629e-04,-1.342853e-04,-1.390986e-04,-1.541184e-04,-1.516319e-04,-1.540591e-04,-1.500174e-04,-1.599765e-04,-1.490754e-04,-1.404226e-04,-1.290182e-04,-1.369961e-04,-1.380233e-04,-1.218386e-04,-1.250794e-04,-1.421196e-04,-1.786492e-04,-1.858355e-04,-1.584678e-04,-1.570503e-04,-1.561607e-04,-1.507051e-04,-1.344879e-04,-1.395833e-04,-1.176670e-04,-1.206058e-04,-8.023701e-05,-6.188637e-05,-8.261609e-05,-9.298346e-05,-8.452076e-05,7.839796e-06,2.049353e-06,-3.727811e-06,-9.462751e-06,-1.538662e-05,-2.051954e-05,-2.216818e-05,-2.515263e-05,-2.589265e-05,-2.267211e-05,-1.904627e-05,-2.254426e-05,-2.625879e-05,-2.394943e-05,-2.381789e-05,-2.111797e-05,-2.543696e-05,-3.746707e-05,-5.056444e-05,-6.055095e-05,-5.983013e-05,-4.609143e-05,-2.807745e-05,-6.722547e-06,1.324376e-05,2.550115e-05,2.722413e-05,2.071682e-05,-4.333187e-06,-4.038150e-05,-9.285141e-05,-1.538399e-04,-2.131911e-04,-1.652160e-03,-1.681476e-03,-1.709936e-03,-1.717214e-03,-1.715646e-03,-1.706853e-03,-1.690364e-03,-1.672896e-03,-1.653966e-03,-1.634471e-03,-1.615332e-03,-1.592557e-03,-1.579922e-03,-1.574570e-03,-1.575967e-03,-1.586041e-03,-1.595493e-03,-1.612148e-03,-1.611013e-03,-1.611136e-03,-1.607839e-03,-1.597172e-03,-1.587856e-03,-1.578591e-03,-1.570789e-03,-1.562880e-03,-1.556896e-03,-1.561657e-03,-1.564398e-03,-1.563040e-03,-1.558424e-03,-1.541926e-03,-1.524316e-03,-3.982453e-04,-3.978827e-04,-3.964305e-04,-4.021151e-04,-4.162100e-04,-4.163590e-04,-3.846556e-04,-3.251838e-04,-2.558164e-04,-1.930983e-04,-1.522096e-04,-1.452822e-04,-1.710394e-04,-2.023423e-04,-2.317953e-04,-2.393058e-04,-2.643261e-04,-3.219562e-04,-3.839196e-04,-4.194973e-04,-4.092543e-04,-3.588924e-04,-2.832656e-04,-1.983726e-04,-1.209074e-04,-7.489592e-05,-6.211860e-05,-8.390781e-05,-1.405223e-04,-2.313318e-04,-3.762949e-04,-5.382174e-04,-6.973945e-04,-1.959055e-03,-1.824426e-03,-1.689665e-03,-1.566115e-03,-1.447438e-03,-1.343568e-03,-1.261764e-03,-1.214658e-03,-1.210979e-03,-1.246040e-03,-1.298326e-03,-1.350449e-03,-1.387283e-03,-1.425001e-03,-1.474963e-03,-1.520877e-03,-1.572026e-03,-1.580377e-03,-1.547270e-03,-1.474443e-03,-1.388930e-03,-1.309640e-03,-1.256947e-03,-1.242582e-03,-1.258499e-03,-1.280020e-03,-1.300323e-03,-1.316514e-03,-1.348157e-03,-1.391658e-03,-1.432106e-03,-1.500714e-03,-1.567070e-03
1.548337e-05,1.013000e-06,4.675065e-04,2.457418e-04,6.308623e-05,1.306367e-04,1.344210e-04,-2.611584e-05,-2.341066e-04,2.564140e-04,-9.614761e-05,7.520027e-05,-1.146790e-03,-1.232497e-03,-1.321662e-03,-1.268767e-03,-1.250275e-03,-1.258572e-03,-1.205421e-03,-1.245220e-03,-1.215657e-03,-1.216848e-03,-1.247271e-03,-1.131331e-03,-1.038498e-03,-9.642979e-04,-9.575171e-04,-1.005583e-03,-1.083870e-03,-1.212916e-03,-1.212965e-03,-1.241692e-03,-1.240423e-03,-1.191420e-03,-1.234140e-03,-1.223403e-03,-1.236439e-03,-1.203820e-03,-1.084924e-03,-1.015492e-03,-9.763380e-04,-9.914478e-04,-1.034407e-03,-1.074199e-03,-1.101509e-03,-1.214848e-03,-1.197784e-03,-1.180745e-03,-1.163496e-03,-1.146579e-03,-1.128504e-03,-1.124091e-03,-1.147609e-03,-1.172583e-03,-1.170758e-03,-1.143848e-03,-1.104591e-03,-1.078096e-03,-1.065708e-03,-1.065064e-03,-1.073866e-03,-1.095127e-03,-1.120192e-03,-1.147865e-03,-1.175765e-03,-1.199577e-03,-1.197106e-03,-1.166524e-03,-1.120768e-03,-1.099755e-03,-1.099015e-03,-1.093958e-03,-1.082531e-03,-1.069104e-03,-1.055532e-03,-1.042683e-03,-1.037103e-03,-1.029931e-03,2.967178e-04,2.088504e-04,1.200670e-04,5.452211e-05,3.230327e-05,4.468230e-05,6.807128e-05,8.431760e-05,9.330203e-05,9.197173e-05,7.574630e-05,5.390829e-05,4.856052e-05,5.204553e-05,5.621054e-05,6.543306e-05,8.329687e-05,1.190101e-04,1.509252e-04,1.496918e-04,1.259844e-04,1.079524e-04,1.018947e-04,1.054584e-04,1.186440e-04,1.394041e-04,1.462812e-04,1.404591e-04,1.291627e-04,1.225522e-04,1.206235e-04,1.242019e-04,1.288534e-04,-3.135945e-03,-3.231191e-03,-3.327138e-03,-3.405189e-03,-3.479150e-03,-3.541495e-03,-3.577240e-03,-3.582214e-03,-3.539587e-03,-3.463120e-03,-3.366045e-03,-3.249884e-03,-3.150649e-03,-3.085935e-03,-3.060622e-03,-3.075778e-03,-3.109743e-03,-3.175028e-03,-3.248934e-03,-3.339199e-03,-3.422690e-03,-3.486973e-03,-3.530945e-03,-3.528073e-03,-3.479083e-03,-3.394198e-03,-3.290367e-03,-3.200150e-03,-3.126421e-03,-3.065971e-03,-3.009315e-03,-2.934263e-03,-2.860203e-03,2.647636e-04,2.456896e-04,2.272024e-04,2.041035e-04,1.813035e-04,1.743802e-04,1.904997e-04,2.246352e-04,2.603975e-04,2.894750e-04,2.994686e-04,2.856514e-04,2.618995e-04,2.528454e-04,2.457020e-04,2.475272e-04,2.411896e-04,2.169689e-04,1.838739e-04,1.612408e-04,1.655323e-04,1.988959e-04,2.555106e-04,3.189826e-04,3.743296e-04,3.996586e-04,3.916289e-04,3.536887e-04,2.955300e-04,2.363150e-04,1.615537e-04,8.189194e-05,3.558927e-06
2.830004e-04,9.401883e-08,2.457418e-04,4.693975e-04,-1.059785e-05,4.468009e-06,2.864017e-04,-1.064740e-05,-2.442166e-04,3.904484e-04,-1.524873e-05,1.081962e-05,-1.420699e-05,-2.038856e-05,-2.634450e-05,-2.566584e-05,-2.196663e-05,-3.577576e-05,-2.948581e-05,-2.790319e-05,-6.066984e-06,-4.345055e-06,-1.470970e-05,-1.335712e-06,1.639934e-05,3.805931e-06,-3.152867e-05,-4.557946e-05,-4.460032e-05,-3.350575e-05,-3.674549e-05,-5.508937e-05,-2.830796e-05,-2.496652e-05,-1.458900e-05,-3.695006e-05,-4.211587e-05,-7.311597e-06,1.856404e-05,4.162963e-05,3.282432e-05,-3.244025e-05,-1.043953e-04,-1.659912e-04,-2.221001e-04,-1.821134e-03,-1.813154e-03,-1.805184e-03,-1.797166e-03,-1.789310e-03,-1.780867e-03,-1.767614e-03,-1.759314e-03,-1.744261e-03,-1.727177e-03,-1.708760e-03,-1.682980e-03,-1.659109e-03,-1.645165e-03,-1.643163e-03,-1.648200e-03,-1.666097e-03,-1.687952e-03,-1.710630e-03,-1.730081e-03,-1.740128e-03,-1.740356e-03,-1.741195e-03,-1.727807e-03,-1.712900e-03,-1.694639e-03,-1.671217e-03,-1.651000e-03,-1.635652e-03,-1.624291e-03,-1.610614e-03,-1.601055e-03,-1.590497e-03,2.554504e-05,2.644715e-05,2.729842e-05,2.954123e-05,3.402138e-05,4.108304e-05,5.368583e-05,6.440871e-05,7.250659e-05,7.601163e-05,7.306081e-05,5.935036e-05,4.548293e-05,3.785097e-05,2.931785e-05,2.789559e-05,2.839220e-05,3.056433e-05,3.455144e-05,3.772375e-05,4.539929e-05,5.592101e-05,5.963554e-05,5.917288e-05,5.501607e-05,4.573686e-05,3.240611e-05,2.778449e-05,2.897196e-05,4.485055e-05,6.584794e-05,9.052862e-05,1.156724e-04,-9.043675e-04,-1.022536e-03,-1.140726e-03,-1.254957e-03,-1.367899e-03,-1.468897e-03,-1.552577e-03,-1.605103e-03,-1.618318e-03,-1.595548e-03,-1.557305e-03,-1.518666e-03,-1.487545e-03,-1.449818e-03,-1.399222e-03,-1.350642e-03,-1.292920e-03,-1.267700e-03,-1.284048e-03,-1.342735e-03,-1.421222e-03,-1.499552e-03,-1.555385e-03,-1.578871e-03,-1.573897e-03,-1.559797e-03,-1.547573e-03,-1.538949e-03,-1.515710e-03,-1.474832e-03,-1.429016e-03,-1.358136e-03,-1.289427e-03,-3.166613e-05,-7.623935e-05,-1.209458e-04,-1.632118e-04,-1.909375e-04,-1.814323e-04,-1.411446e-04,-9.011487e-05,-4.701173e-05,-9.712588e-06,4.099887e-06,-1.191798e-05,-3.758854e-05,-2.331128e-05,3.611497e-06,2.559107e-05,4.776125e-06,-5.237525e-05,-1.214755e-04,-1.789690e-04,-1.990265e-04,-1.613303e-04,-7.492504e-05,2.578103e-05,1.021373e-04,1.281885e-04,1.110244e-04,6.566546e-05,1.882400e-05,1.704443e-06,-3.073339e-05,-7.867207e-05,-1.238836e-04
-5.400322e-05,2.745184e-04,6.308623e-05,-1.059785e-05,4.088477e-04,-3.052534e-05,4.475499e-05,2.676006e-04,7.594874e-05,-9.358001e-07,2.200848e-04,1.621895e-04,-8.903254e-04,-9.460934e-04,-9.844857e-04,-9.189523e-04,-9.089470e-04,-9.198219e-04,-8.884892e-04,-9.202692e-04,-9.097983e-04,-9.145872e-04,-9.172839e-04,-8.426783e-04,-7.827216e-04,-7.402062e-04,-7.219127e-04,-7.319914e-04,-7.852138e-04,-8.882501e-04,-9.121339e-04,-9.296976e-04,-9.222352e-04,-8.909700e-04,-9.208644e-04,-8.982015e-04,-8.924629e-04,-8.927167e-04,-8.104636e-04,-7.748603e-04,-7.068783e-04,-6.706256e-04,-6.763535e-04,-6.783436e-04,-6.610223e-04,6.876392e-05,6.964112e-05,7.051307e-05,7.154088e-05,7.227189e-05,7.416734e-05,6.710095e-05,4.224493e-05,1.370291e-05,3.246426e-06,8.773092e-06,1.477943e-05,1.553423e-05,1.883368e-05,2.010220e-05,2.108892e-05,1.484190e-05,2.356452e-06,-1.205882e-05,-2.557082e-05,-3.264693e-05,-1.827640e-05,1.653010e-05,5.561713e-05,7.501186e-05,7.201797e-05,5.982794e-05,4.579426e-05,2.026529e-05,-1.097028e-05,-5.507570e-05,-1.082485e-04,-1.596341e-04,-1.086356e-03,-1.165231e-03,-1.244191e-03,-1.293977e-03,-1.310777e-03,-1.301169e-03,-1.281685e-03,-1.265857e-03,-1.252854e-03,-1.244308e-03,-1.242857e-03,-1.237142e-03,-1.227692e-03,-1.218862e-03,-1.211232e-03,-1.207417e-03,-1.196691e-03,-1.179673e-03,-1.153447e-03,-1.152005e-03,-1.166760e-03,-1.175977e-03,-1.177491e-03,-1.172267e-03,-1.160908e-03,-1.142148e-03,-1.131294e-03,-1.139651e-03,-1.151327e-03,-1.162168e-03,-1.170262e-03,-1.167973e-03,-1.164405e-03,3.544390e-05,2.896751e-06,-2.973902e-05,-5.996899e-05,-8.057485e-05,-8.044730e-05,-5.493878e-05,-1.052812e-05,3.741871e-05,7.379168e-05,8.862797e-05,8.105700e-05,6.238471e-05,5.060082e-05,3.440177e-05,2.465458e-05,8.576421e-06,-1.705594e-05,-4.392738e-05,-6.209351e-05,-5.602473e-05,-2.275821e-05,2.884381e-05,8.620641e-05,1.408232e-04,1.759357e-04,1.796377e-04,1.500744e-04,9.261033e-05,2.613766e-05,-5.590468e-05,-1.421478e-04,-2.272017e-04,1.196220e-04,1.997789e-04,2.795396e-04,3.476437e-04,4.235862e-04,4.958188e-04,5.450277e-04,5.644310e-04,5.386357e-04,4.724711e-04,3.825506e-04,2.841379e-04,2.188361e-04,1.824569e-04,1.500135e-04,1.285774e-04,1.288837e-04,1.862956e-04,2.645182e-04,3.537410e-04,4.311650e-04,4.890077e-04,5.243641e-04,5.179143e-04,4.817439e-04,4.327363e-04,3.661715e-04,2.986590e-04,2.267415e-04,1.743564e-04,1.576649e-04,1.312422e-04,1.049238e-04
-8.847480e-05,-2.282234e-04,1.306367e-04,4.468009e-06,-3.052534e-05,4.351511e-04,8.931410e-05,-2.321079e-04,1.226621e-04,3.792964e-06,-9.578236e-05,-2.525006e-04,-1.077024e-03,-1.160117e-03,-1.266397e-03,-1.237074e-03,-1.217670e-03,-1.207400e-03,-1.160668e-03,-1.200646e-03,-1.182057e-03,-1.167797e-03,-1.191436e-03,-1.086930e-03,-1.013253e-03,-9.263937e-04,-9.002692e-04,-9.488156e-04,-1.037197e-03,-1.179312e-03,-1.156336e-03,-1.168260e-03,-1.198230e-03,-1.146487e-03,-1.193747e-03,-1.168392e-03,-1.189119e-03,-1.177532e-03,-1.083905e-03,-1.022510e-03,-9.944347e-04,-9.682739e-04,-9.442578e-04,-9.287200e-04,-9.150240e-04,3.034887e-05,3.759252e-05,4.480818e-05,5.218808e-05,5.947054e-05,6.700385e-05,5.476795e-05,1.844029e-05,-2.530922e-05,-4.539343e-05,-3.974898e-05,-2.118950e-05,-1.242292e-05,-1.290086e-05,-1.374397e-05,-1.825155e-05,-2.226428e-05,-2.325333e-05,-2.551961e-05,-3.147053e-05,-4.540220e-05,-4.777388e-05,-2.429630e-05,1.471393e-06,-1.121368e-06,-2.486502e-05,-4.370850e-05,-5.094652e-05,-4.321614e-05,-2.717825e-05,-4.511040e-06,1.851288e-05,4.151567e-05,1.324732e-03,1.246331e-03,1.166405e-03,1.096547e-03,1.066353e-03,1.066951e-03,1.071015e-03,1.069187e-03,1.060858e-03,1.044247e-03,1.015796e-03,9.864110e-04,9.794607e-04,9.820735e-04,9.915100e-04,1.009976e-03,1.039946e-03,1.093041e-03,1.129067e-03,1.130942e-03,1.103650e-03,1.073569e-03,1.059233e-03,1.055806e-03,1.063974e-03,1.081885e-03,1.088170e-03,1.080673e-03,1.061720e-03,1.034649e-03,1.007465e-03,9.767109e-04,9.461173e-04,1.137896e-04,1.374142e-04,1.611267e-04,1.830310e-04,1.971104e-04,1.920516e-04,1.679865e-04,1.327711e-04,9.691103e-05,6.476363e-05,4.675837e-05,4.773530e-05,5.979666e-05,6.684932e-05,7.948839e-05,9.024780e-05,1.105563e-04,1.417399e-04,1.735082e-04,1.960286e-04,1.958641e-04,1.651838e-04,1.103222e-04,4.740182e-05,-6.516636e-06,-3.633967e-05,-3.834773e-05,-1.257092e-05,3.585373e-05,8.982658e-05,1.562128e-04,2.258629e-04,2.945176e-04,3.310536e-03,3.269235e-03,3.229134e-03,3.172044e-03,3.100005e-03,3.022632e-03,2.946639e-03,2.893508e-03,2.856147e-03,2.832465e-03,2.808960e-03,2.764628e-03,2.717262e-03,2.695771e-03,2.722249e-03,2.790518e-03,2.893494e-03,2.977352e-03,3.011391e-03,3.011077e-03,2.988773e-03,2.947279e-03,2.912869e-03,2.881311e-03,2.855498e-03,2.813133e-03,2.753118e-03,2.698276e-03,2.665815e-03,2.644874e-03,2.616989e-03,2.603658e-03,2.588478e-03
2.465888e-04,-1.234719e-05,1.344210e-04,2.864017e-04,4.475499e-05,8.931410e-05,4.459798e-04,-9.746373e-06,-1.491365e-05,3.004791e-04,-6.770170e-05,5.947392e-05,-8.461179e-04,-9.042296e-04,-9.659059e-04,-9.253773e-04,-9.058876e-04,-9.153525e-04,-8.766505e-04,-9.047401e-04,-8.759705e-04,-8.650691e-04,-8.788916e-04,-7.959566e-04,-7.274338e-04,-6.826538e-04,-6.983528e-04,-7.417018e-04,-8.048004e-04,-9.003333e-04,-8.995473e-04,-9.205742e-04,-9.094708e-04,-8.738127e-04,-9.011383e-04,-8.975391e-04,-9.069093e-04,-8.691998e-04,-7.653291e-04,-6.987317e-04,-6.701422e-04,-7.124198e-04,-7.803119e-04,-8.497096e-04,-9.077701e-04,-1.359037e-03,-1.344963e-03,-1.330912e-03,-1.316690e-03,-1.302743e-03,-1.287773e-03,-1.282031e-03,-1.299719e-03,-1.320595e-03,-1.325068e-03,-1.312411e-03,-1.288355e-03,-1.270204e-03,-1.260577e-03,-1.257557e-03,-1.259909e-03,-1.273373e-03,-1.289865e-03,-1.308196e-03,-1.326032e-03,-1.339299e-03,-1.333087e-03,-1.309686e-03,-1.274712e-03,-1.260639e-03,-1.262997e-03,-1.262832e-03,-1.259828e-03,-1.256041e-03,-1.250682e-03,-1.244382e-03,-1.244765e-03,-1.243666e-03,1.759622e-04,1.161859e-04,5.564682e-05,1.130076e-05,-2.039535e-06,1.093847e-05,3.463168e-05,5.415424e-05,6.807194e-05,7.270532e-05,6.339003e-05,4.521425e-05,3.489768e-05,3.000558e-05,2.472860e-05,2.652051e-05,3.678623e-05,6.196066e-05,8.609070e-05,8.692620e-05,7.360338e-05,6.532435e-05,6.388702e-05,6.838099e-05,7.899341e-05,9.388717e-05,9.799408e-05,9.516516e-05,8.984399e-05,9.106508e-05,9.505276e-05,1.033468e-04,1.125900e-04,1.172331e-03,1.091641e-03,1.011368e-03,9.240487e-04,8.365170e-04,7.559256e-04,6.732086e-04,5.994788e-04,5.344526e-04,4.908061e-04,4.566101e-04,4.161816e-04,3.883521e-04,4.120835e-04,4.954569e-04,5.969504e-04,7.045622e-04,7.836460e-04,8.103886e-04,7.910877e-04,7.376430e-04,6.708858e-04,6.191247e-04,5.726915e-04,5.242295e-04,4.607256e-04,3.889746e-04,3.407198e-04,3.513436e-04,4.204968e-04,5.067808e-04,6.071951e-04,7.057951e-04,9.549089e-05,7.080419e-05,4.650193e-05,1.982116e-05,-3.166364e-06,-6.047627e-06,1.822655e-05,6.229948e-05,1.083178e-04,1.450340e-04,1.588010e-04,1.470182e-04,1.239803e-04,1.156425e-04,1.049935e-04,1.016571e-04,8.718253e-05,5.392676e-05,1.419014e-05,-1.260774e-05,-7.523307e-06,3.217325e-05,9.761008e-05,1.715685e-04,2.381272e-04,2.740856e-04,2.728978e-04,2.347579e-04,1.690387e-04,9.936425e-05,1.061106e-05,-8.495802e-05,-1.787914e-04
7.903566e-06,3.535227e-04,-2.611584e-05,-1.064740e-05,2.676006e-04,-2.321079e-04,-9.746373e-06,4.395497e-04,-4.380083e-06,-1.295050e-06,2.347043e-04,2.826918e-04,-1.224729e-04,-1.270402e-04,-1.023941e-04,-6.233007e-05,-6.528246e-05,-8.017999e-05,-8.065486e-05,-8.605671e-05,-9.035258e-05,-1.044373e-04,-9.395183e-05,-9.326006e-05,-8.274363e-05,-9.601960e-05,-9.362803e-05,-7.395465e-05,-7.149667e-05,-7.840999e-05,-1.102310e-04,-1.139667e-04,-8.745393e-05,-8.931811e-05,-8.797677e-05,-8.315212e-05,-6.844261e-05,-7.888237e-05,-7.090900e-05,-7.923392e-05,-3.694114e-05,-1.638298e-05,-2.905131e-05,-3.634255e-05,-2.547174e-05,4.983777e-05,4.473251e-05,3.964120e-05,3.458447e-05,2.933523e-05,2.486078e-05,2.373568e-05,2.122454e-05,1.983024e-05,2.028569e-05,2.006992e-05,1.440661e-05,1.238854e-05,1.916094e-05,2.440876e-05,3.124618e-05,3.069846e-05,2.181935e-05,1.079597e-05,1.406631e-06,8.197641e-07,1.110968e-05,2.361930e-05,3.820809e-05,5.268137e-05,6.155584e-05,6.169409e-05,5.556423e-05,3.347651e-05,3.532871e-06,-4.127704e-05,-9.411090e-05,-1.454200e-04,-1.637956e-03,-1.665074e-03,-1.691259e-03,-1.697114e-03,-1.695732e-03,-1.688063e-03,-1.673174e-03,-1.657313e-03,-1.639686e-03,-1.620900e-03,-1.601346e-03,-1.578418e-03,-1.566597e-03,-1.560845e-03,-1.560074e-03,-1.567794e-03,-1.576228e-03,-1.593542e-03,-1.594231e-03,-1.596004e-03,-1.594682e-03,-1.586611e-03,-1.580365e-03,-1.574322e-03,-1.569628e-03,-1.564348e-03,-1.559086e-03,-1.561442e-03,-1.559204e-03,-1.552876e-03,-1.545057e-03,-1.526373e-03,-1.506655e-03,1.341963e-04,5.128067e-05,-3.304438e-05,-1.039502e-04,-1.413999e-04,-1.348220e-04,-9.377479e-05,-3.382347e-05,2.567362e-05,6.975931e-05,8.335876e-05,7.071140e-05,5.624449e-05,6.192835e-05,4.804410e-05,2.153662e-05,-1.079135e-05,-4.105499e-05,-6.947311e-05,-9.774937e-05,-1.024273e-04,-6.394491e-05,9.988203e-06,9.659097e-05,1.784225e-04,2.335477e-04,2.382663e-04,1.872696e-04,9.540280e-05,1.551097e-05,-5.121591e-05,-1.109864e-04,-1.704199e-04,-1.955314e-03,-1.819798e-03,-1.684104e-03,-1.559891e-03,-1.441633e-03,-1.339189e-03,-1.259279e-03,-1.213961e-03,-1.211256e-03,-1.246254e-03,-1.297209e-03,-1.347470e-03,-1.383541e-03,-1.421880e-03,-1.471248e-03,-1.515366e-03,-1.564777e-03,-1.572711e-03,-1.539833e-03,-1.467429e-03,-1.382990e-03,-1.306083e-03,-1.256817e-03,-1.245894e-03,-1.264683e-03,-1.287827e-03,-1.307516e-03,-1.320668e-03,-1.347478e-03,-1.387130e-03,-1.425295e-03,-1.491823e-03,-1.556105e-03
-1.227680e-04,-2.219143e-05,-2.341066e-04,-2.442166e-04,7.594874e-05,1.226621e-04,-1.491365e-05,-4.380083e-06,4.841967e-04,-2.615621e-04,-8.042418e-05,6.404847e-05,-1.186319e-03,-1.256484e-03,-1.332701e-03,-1.275780e-03,-1.253836e-03,-1.244073e-03,-1.203830e-03,-1.249605e-03,-1.252990e-03,-1.243803e-03,-1.245952e-03,-1.151492e-03,-1.083181e-03,-1.002085e-03,-9.531532e-04,-9.882339e-04,-1.075724e-03,-1.230614e-03,-1.222701e-03,-1.221275e-03,-1.251355e-03,-1.205929e-03,-1.260437e-03,-1.216315e-03,-1.219810e-03,-1.234709e-03,-1.145115e-03,-1.102717e-03,-1.044212e-03,-9.685091e-04,-9.113273e-04,-8.623196e-04,-8.085767e-04,1.239605e-03,1.242565e-03,1.245509e-03,1.248616e-03,1.251597e-03,1.255076e-03,1.237612e-03,1.196428e-03,1.139572e-03,1.101748e-03,1.086134e-03,1.075622e-03,1.062935e-03,1.054366e-03,1.052359e-03,1.054421e-03,1.064024e-03,1.076726e-03,1.089187e-03,1.097914e-03,1.098104e-03,1.109470e-03,1.146846e-03,1.176178e-03,1.174074e-03,1.141404e-03,1.100270e-03,1.064773e-03,1.033281e-03,1.005188e-03,9.729300e-04,9.391531e-04,9.055744e-04,2.375529e-04,1.503287e-04,6.208256e-05,-6.008131e-06,-3.417752e-05,-2.979707e-05,-1.984597e-05,-1.249949e-05,-8.211362e-06,-8.597864e-06,-1.674519e-05,-1.822489e-05,-7.045225e-06,5.046793e-06,1.808080e-05,2.616487e-05,4.221487e-05,7.570386e-05,1.028673e-04,9.707821e-05,6.262062e-05,2.924968e-05,1.646465e-05,1.922053e-05,3.760052e-05,7.237311e-05,1.003750e-04,1.041994e-04,9.560122e-05,7.352179e-05,5.005627e-05,2.730957e-05,5.016523e-06,3.305625e-03,3.395229e-03,3.485615e-03,3.557641e-03,3.624996e-03,3.676202e-03,3.708485e-03,3.725382e-03,3.703864e-03,3.636444e-03,3.538306e-03,3.419390e-03,3.314879e-03,3.226516e-03,3.164431e-03,3.155005e-03,3.191643e-03,3.276943e-03,3.376646e-03,3.493756e-03,3.603726e-03,3.678246e-03,3.712806e-03,3.694254e-03,3.645895e-03,3.577842e-03,3.487323e-03,3.393737e-03,3.288612e-03,3.167668e-03,3.045574e-03,2.910582e-03,2.776033e-03,1.736168e-04,2.161223e-04,2.592521e-04,2.966600e-04,3.170557e-04,3.086949e-04,2.737817e-04,2.240362e-04,1.747371e-04,1.359199e-04,1.203518e-04,1.269937e-04,1.439138e-04,1.519972e-04,1.677228e-04,1.809543e-04,2.052148e-04,2.394546e-04,2.736462e-04,2.991581e-04,2.987355e-04,2.634718e-04,2.026237e-04,1.334012e-04,7.013840e-05,2.927259e-05,2.194135e-05,5.076915e-05,1.083923e-04,1.726660e-04,2.528115e-04,3.403006e-04,4.262174e-04
3.011396e-04,1.020565e-05,2.564140e-04,3.904484e-04,-9.358001e-07,3.792964e-06,3.004791e-04,-1.295050e-06,-2.615621e-04,5.230277e-04,5.325921e-06,7.994784e-06,3.616446e-05,2.802170e-05,2.093800e-05,1.718475e-05,1.784247e-05,1.574065e-06,6.780396e-06,1.544176e-05,4.612528e-05,5.485988e-05,4.509478e-05,5.060085e-05,5.864529e-05,4.595585e-05,4.028680e-06,-4.213018e-06,1.097912e-06,1.478555e-05,4.854736e-06,-1.898211e-05,8.646281e-06,7.580004e-06,2.128638e-05,-7.126858e-07,-1.769126e-06,4.254385e-05,7.493367e-05,9.828424e-05,7.583118e-05,-6.158965e-06,-1.048394e-04,-1.934772e-04,-2.760210e-04,-1.962918e-03,-1.950119e-03,-1.937331e-03,-1.924498e-03,-1.911825e-03,-1.898568e-03,-1.879052e-03,-1.863559e-03,-1.841030e-03,-1.818119e-03,-1.795978e-03,-1.769499e-03,-1.748807e-03,-1.740001e-03,-1.742230e-03,-1.750235e-03,-1.771600e-03,-1.796491e-03,-1.821027e-03,-1.840346e-03,-1.847495e-03,-1.844053e-03,-1.842538e-03,-1.826503e-03,-1.808581e-03,-1.786546e-03,-1.758881e-03,-1.734681e-03,-1.715935e-03,-1.703375e-03,-1.690057e-03,-1.681147e-03,-1.671175e-03,-2.516422e-05,-2.036959e-05,-1.557846e-05,-9.481236e-06,-2.046655e-06,7.289978e-06,2.305424e-05,3.756776e-05,4.918533e-05,5.523521e-05,5.290651e-05,3.781636e-05,1.983130e-05,4.234195e-06,-1.379314e-05,-2.239827e-05,-2.653663e-05,-2.671135e-05,-2.143280e-05,-1.337948e-05,2.908317e-06,2.316367e-05,3.546554e-05,4.177567e-05,4.158185e-05,3.238410e-05,1.542836e-05,4.116328e-06,-4.939581e-06,-1.505788e-06,6.713411e-06,1.889793e-05,3.157353e-05,-9.553441e-04,-1.081510e-03,-1.207699e-03,-1.329681e-03,-1.449992e-03,-1.556879e-03,-1.644183e-03,-1.697306e-03,-1.708300e-03,-1.681643e-03,-1.639580e-03,-1.598266e-03,-1.565995e-03,-1.527810e-03,-1.477072e-03,-1.427875e-03,-1.368466e-03,-1.343249e-03,-1.361545e-03,-1.423812e-03,-1.505686e-03,-1.586416e-03,-1.642858e-03,-1.664823e-03,-1.656271e-03,-1.638332e-03,-1.623827e-03,-1.615717e-03,-1.595648e-03,-1.559831e-03,-1.520824e-03,-1.455738e-03,-1.392855e-03,6.064851e-05,1.114733e-05,-3.832998e-05,-8.781945e-05,-1.246997e-04,-1.303932e-04,-8.522538e-05,7.060503e-06,1.138860e-04,1.947904e-04,2.268427e-04,2.134260e-04,1.731109e-04,1.199289e-04,3.446992e-05,-2.451307e-05,-6.152577e-05,-9.878392e-05,-1.323244e-04,-1.432816e-04,-1.043651e-04,-2.635381e-05,7.309234e-05,1.816034e-04,2.990784e-04,3.911789e-04,4.191032e-04,3.601748e-04,2.082330e-04,7.937745e-07,-2.454176e-04,-4.945012e-04,-7.416433e-04
5.616460e-05,2.325993e-04,-9.614761e-05,-1.524873e-05,2.200848e-04,-9.578236e-05,-6.770170e-05,2.347043e-04,-8.042418e-05,5.325921e-06,4.763721e-04,-2.464699e-05,9.482029e-04,1.023437e-03,1.119353e-03,1.094073e-03,1.076144e-03,1.069578e-03,1.027077e-03,1.062783e-03,1.047279e-03,1.033584e-03,1.051061e-03,9.567064e-04,8.910482e-04,8.140872e-04,7.937642e-04,8.504250e-04,9.290382e-04,1.052590e-03,1.023167e-03,1.025108e-03,1.052692e-03,1.013189e-03,1.066076e-03,1.048630e-03,1.062188e-03,1.043957e-03,9.524434e-04,8.964412e-04,8.760069e-04,8.618336e-04,8.465577e-04,8.370140e-04,8.309670e-04,8.052113e-05,6.254787e-05,4.460102e-05,2.650015e-05,8.505066e-06,-9.806551e-06,-1.003878e-05,1.334672e-05,4.603643e-05,6.024258e-05,5.383726e-05,3.717700e-05,2.906265e-05,3.105352e-05,3.458737e-05,4.111025e-05,4.433578e-05,4.288975e-05,4.233079e-05,4.643645e-05,6.036643e-05,6.396066e-05,4.413819e-05,2.145003e-05,2.207476e-05,4.104703e-05,5.600978e-05,6.167743e-05,5.544337e-05,4.252875e-05,2.226094e-05,9.523241e-07,-2.020031e-05,-1.238262e-03,-1.174192e-03,-1.108755e-03,-1.052390e-03,-1.031453e-03,-1.039012e-03,-1.050986e-03,-1.058390e-03,-1.060320e-03,-1.054724e-03,-1.038134e-03,-1.019172e-03,-1.017834e-03,-1.022338e-03,-1.027677e-03,-1.035122e-03,-1.048706e-03,-1.082966e-03,-1.102506e-03,-1.093863e-03,-1.060664e-03,-1.029073e-03,-1.016215e-03,-1.017441e-03,-1.033276e-03,-1.061747e-03,-1.082597e-03,-1.092484e-03,-1.092492e-03,-1.086963e-03,-1.081913e-03,-1.072901e-03,-1.063949e-03,5.137279e-05,3.158112e-05,1.174154e-05,-7.169623e-06,-1.918273e-05,-1.384604e-05,9.526145e-06,4.405312e-05,7.855352e-05,1.070751e-04,1.199720e-04,1.132398e-04,9.608489e-05,8.515767e-05,7.078526e-05,6.186288e-05,4.588287e-05,2.053081e-05,-5.516051e-06,-2.250741e-05,-1.781163e-05,1.431542e-05,6.735678e-05,1.261538e-04,1.761832e-04,2.029228e-04,2.016198e-04,1.723808e-04,1.194875e-04,5.936502e-05,-1.518896e-05,-9.419203e-05,-1.720727e-04,7.218837e-04,8.743748e-04,1.028261e-03,1.146918e-03,1.239936e-03,1.304050e-03,1.338202e-03,1.349573e-03,1.320216e-03,1.253760e-03,1.165602e-03,1.054384e-03,9.496639e-04,8.577735e-04,8.091895e-04,8.270536e-04,8.723222e-04,9.464898e-04,1.022556e-03,1.119650e-03,1.213620e-03,1.277245e-03,1.308607e-03,1.288840e-03,1.234349e-03,1.158433e-03,1.072014e-03,1.004354e-03,9.406682e-04,8.522740e-04,7.321338e-04,5.773950e-04,4.247540e-04
-3.982853e-05,2.901727e-04,7.520027e-05,1.081962e-05,1.621895e-04,-2.525006e-04,5.947392e-05,2.826918e-04,6.404847e-05,7.994784e-06,-2.464699e-05,5.279041e-04,-1.208137e-03,-1.271110e-03,-1.313841e-03,-1.229269e-03,-1.209876e-03,-1.221628e-03,-1.175678e-03,-1.217559e-03,-1.210847e-03,-1.222403e-03,-1.227758e-03,-1.128759e-03,-1.042897e-03,-9.814610e-04,-9.572301e-04,-9.853946e-04,-1.060776e-03,-1.194874e-03,-1.216367e-03,-1.229702e-03,-1.219081e-03,-1.181342e-03,-1.228366e-03,-1.201291e-03,-1.192079e-03,-1.185332e-03,-1.072615e-03,-1.023487e-03,-9.510090e-04,-9.233659e-04,-9.472410e-04,-9.699728e-04,-9.698342e-04,-9.059663e-05,-7.705000e-05,-6.351278e-05,-4.977408e-05,-3.642284e-05,-2.152249e-05,-1.933316e-05,-4.363507e-05,-7.675961e-05,-8.907244e-05,-8.232896e-05,-7.335146e-05,-6.836754e-05,-6.156136e-05,-5.894427e-05,-5.795502e-05,-6.570823e-05,-8.026948e-05,-9.762794e-05,-1.151854e-04,-1.270265e-04,-1.114811e-04,-6.904702e-05,-2.039765e-05,3.606003e-06,-8.493358e-08,-1.302040e-05,-2.580887e-05,-4.905368e-05,-7.692148e-05,-1.188399e-04,-1.715509e-04,-2.221235e-04,-1.204188e-03,-1.292151e-03,-1.380276e-03,-1.433214e-03,-1.445912e-03,-1.424766e-03,-1.390586e-03,-1.360913e-03,-1.335151e-03,-1.315888e-03,-1.306712e-03,-1.295269e-03,-1.281464e-03,-1.269999e-03,-1.264890e-03,-1.269305e-03,-1.269074e-03,-1.260438e-03,-1.240890e-03,-1.251122e-03,-1.280415e-03,-1.298334e-03,-1.300768e-03,-1.289478e-03,-1.265239e-03,-1.226996e-03,-1.196377e-03,-1.188079e-03,-1.184486e-03,-1.181144e-03,-1.175376e-03,-1.157969e-03,-1.139030e-03,-1.558730e-04,-1.963343e-04,-2.368655e-04,-2.743123e-04,-3.015233e-04,-3.055567e-04,-2.807821e-04,-2.338890e-04,-1.806739e-04,-1.372038e-04,-1.152876e-04,-1.167805e-04,-1.313883e-04,-1.400821e-04,-1.543044e-04,-1.638941e-04,-1.821286e-04,-2.136869e-04,-2.482606e-04,-2.745547e-04,-2.743096e-04,-2.429699e-04,-1.894305e-04,-1.267972e-04,-6.524162e-05,-2.390925e-05,-1.542672e-05,-4.219354e-05,-9.765138e-05,-1.623088e-04,-2.434178e-04,-3.278437e-04,-4.111188e-04,-4.008632e-03,-3.876330e-03,-3.742970e-03,-3.612142e-03,-3.502334e-03,-3.416425e-03,-3.338843e-03,-3.284295e-03,-3.246157e-03,-3.220879e-03,-3.189507e-03,-3.138793e-03,-3.098672e-03,-3.097132e-03,-3.134289e-03,-3.195987e-03,-3.302257e-03,-3.407872e-03,-3.462331e-03,-3.455913e-03,-3.407457e-03,-3.342253e-03,-3.294926e-03,-3.257653e-03,-3.234234e-03,-3.203483e-03,-3.144547e-03,-3.077052e-03,-3.029003e-03,-3.014424e-03,-3.024098e-03,-3.063368e-03,-3.099251e-03
8.165082e-04,-1.802410e-04,-1.146790e-03,-1.420699e-05,-8.903254e-04,-1.077024e-03,-8.461179e-04,-1.224729e-04,-1.186319e-03,3.616446e-05,9.482029e-04,-1.208137e-03,1.463577e-01,7.057282e-02,1.630209e-02,-5.563163e-03,-9.094950e-04,1.027479e-02,1.440866e-02,1.515126e-02,1.431444e-02,1.345121e-02,1.385117e-02,1.368870e-02,1.326525e-02,1.175864e-02,1.059693e-02,1.060156e-02,1.154531e-02,1.343413e-02,1.365939e-02,1.380334e-02,1.385946e-02,1.330423e-02,1.385518e-02,1.357047e-02,1.365335e-02,1.354191e-02,1.235523e-02,1.172449e-02,1.115054e-02,1.082530e-02,1.078702e-02,1.078968e-02,1.068140e-02,-1.335983e-02,-1.133804e-02,-9.316206e-03,-7.300288e-03,-5.327788e-03,-3.397337e-03,-1.707777e-03,-2.107622e-04,1.074216e-03,1.789253e-03,1.871547e-03,1.561380e-03,1.179426e-03,8.303741e-04,5.331519e-04,3.231874e-04,2.311147e-04,2.163599e-04,2.723221e-04,3.875187e-04,5.453413e-04,4.948170e-04,1.417402e-04,-2.599811e-04,-3.614730e-04,-1.899087e-04,-8.088755e-07,1.158478e-04,2.025101e-04,2.662023e-04,3.649453e-04,5.192932e-04,6.623583e-04,-4.522321e-02,-3.397006e-02,-2.259478e-02,-1.255055e-02,-5.238483e-03,-6.659196e-05,3.091609e-03,4.601409e-03,4.918772e-03,4.465089e-03,3.715353e-03,2.822500e-03,1.872634e-03,1.133802e-03,6.555560e-04,4.229205e-04,2.516815e-04,-3.127976e-05,-2.513596e-04,-1.249387e-04,2.620620e-04,5.803346e-04,6.971700e-04,6.579544e-04,4.682557e-04,1.390569e-04,-7.940132e-05,-8.946795e-05,-3.607163e-06,1.301174e-04,2.499589e-04,3.287936e-04,3.983738e-04,-5.082358e-04,-4.090681e-04,-3.096067e-04,-2.267471e-04,-1.726138e-04,-1.559688e-04,-1.623731e-04,-1.926682e-04,-2.439684e-04,-2.616211e-04,-2.409687e-04,-2.037356e-04,-1.741016e-04,-1.725529e-04,-1.918488e-04,-2.244062e-04,-2.575492e-04,-2.850879e-04,-3.002906e-04,-3.070240e-04,-3.177026e-04,-3.120382e-04,-2.794183e-04,-2.373343e-04,-2.276771e-04,-2.439405e-04,-2.520960e-04,-2.508534e-04,-2.513870e-04,-2.566914e-04,-2.571014e-04,-2.529302e-04,-2.493326e-04,2.854439e-03,2.130101e-03,1.384021e-03,8.199318e-04,5.715040e-04,4.846979e-04,5.023731e-04,5.928493e-04,7.110965e-04,8.233324e-04,8.909119e-04,9.217286e-04,9.225613e-04,8.961848e-04,8.551729e-04,8.141869e-04,8.012583e-04,8.234152e-04,8.487840e-04,8.246711e-04,7.677289e-04,7.253313e-04,7.089377e-04,7.080598e-04,7.294114e-04,7.793908e-04,8.061812e-04,7.985542e-04,7.659562e-04,7.195567e-04,6.680007e-04,6.212195e-04,5.735956e-04
8.667191e-04,-1.911702e-04,-1.232497e-03,-2.038856e-05,-9.460934e-04,-1.160117e-03,-9.042296e-04,-1.270402e-04,-1.256484e-03,2.802170e-05,1.023437e-03,-1.271110e-03,7.057282e-02,4.735012e-02,1.913211e-02,6.511373e-03,7.678296e-03,1.279339e-02,1.454608e-02,1.538631e-02,1.492316e-02,1.441003e-02,1.474508e-02,1.412247e-02,1.346810e-02,1.217547e-02,1.132901e-02,1.151849e-02,1.251106e-02,1.438970e-02,1.451886e-02,1.467344e-02,1.476954e-02,1.419439e-02,1.478098e-02,1.447226e-02,1.455768e-02,1.444097e-02,1.317764e-02,1.250282e-02,1.188881e-02,1.154155e-02,1.149894e-02,1.149949e-02,1.138198e-02,-8.463542e-03,-7.246728e-03,-6.029595e-03,-4.817851e-03,-3.635096e-03,-2.500264e-03,-1.391392e-03,-2.509760e-04,7.739521e-04,1.324756e-03,1.355435e-03,1.094125e-03,8.197529e-04,5.837386e-04,3.908513e-04,2.661708e-04,2.338412e-04,2.583038e-04,3.380483e-04,4.669444e-04,6.327074e-04,5.730379e-04,1.901959e-04,-2.441061e-04,-3.565732e-04,-1.755188e-04,2.628379e-05,1.524205e-04,2.469638e-04,3.170228e-04,4.241377e-04,5.904486e-04,7.447466e-04,-2.591568e-02,-1.881241e-02,-1.161567e-02,-5.378351e-03,-1.121593e-03,1.606410e-03,3.100729e-03,3.690346e-03,3.640066e-03,3.215273e-03,2.719128e-03,2.173195e-03,1.551644e-03,1.056307e-03,7.274742e-04,5.527980e-04,3.737476e-04,3.924402e-05,-2.382374e-04,-1.383530e-04,2.478636e-04,5.709105e-04,6.878716e-04,6.446633e-04,4.449844e-04,9.830146e-05,-1.298008e-04,-1.364070e-04,-4.134014e-05,1.042389e-04,2.347715e-04,3.216707e-04,3.987064e-04,-3.814207e-04,-3.035380e-04,-2.254910e-04,-1.577536e-04,-1.093508e-04,-8.389701e-05,-8.919535e-05,-1.270281e-04,-1.815213e-04,-1.994941e-04,-1.804953e-04,-1.484676e-04,-1.239415e-04,-1.240634e-04,-1.430162e-04,-1.744150e-04,-2.061659e-04,-2.318097e-04,-2.447877e-04,-2.489497e-04,-2.576600e-04,-2.490517e-04,-2.118609e-04,-1.657695e-04,-1.559911e-04,-1.755833e-04,-1.876941e-04,-1.896904e-04,-1.927415e-04,-1.993534e-04,-2.001325e-04,-1.965911e-04,-1.936097e-04,2.271734e-03,1.722357e-03,1.154337e-03,7.241835e-04,5.436894e-04,5.060248e-04,5.408667e-04,6.163298e-04,7.075374e-04,7.905151e-04,8.350229e-04,8.517722e-04,8.476699e-04,8.244295e-04,7.931937e-04,7.659156e-04,7.634576e-04,7.917972e-04,8.199850e-04,7.943837e-04,7.334061e-04,6.867339e-04,6.662643e-04,6.618655e-04,6.803388e-04,7.297744e-04,7.582529e-04,7.546206e-04,7.274887e-04,6.838565e-04,6.304159e-04,5.792459e-04,5.274181e-04
9.197098e-04,-1.732629e-04,-1.321662e-03,-2.634450e-05,-9.844857e-04,-1.266397e-03,-9.659059e-04,-1.023941e-04,-1.332701e-03,2.093800e-05,1.119353e-03,-1.313841e-03,1.630209e-02,1.913211e-02,2.380044e-02,1.835165e-02,1.645239e-02,1.530564e-02,1.471647e-02,1.566490e-02,1.557047e-02,1.540068e-02,1.566991e-02,1.458716e-02,1.370909e-02,1.263009e-02,1.209248e-02,1.246307e-02,1.350507e-02,1.537943e-02,1.541149e-02,1.557734e-02,1.571547e-02,1.511816e-02,1.574220e-02,1.540916e-02,1.549874e-02,1.537580e-02,1.403312e-02,1.331190e-02,1.265910e-02,1.228984e-02,1.224118e-02,1.223858e-02,1.211187e-02,-4.006368e-03,-3.535002e-03,-3.063099e-03,-2.595913e-03,-2.143104e-03,-1.743928e-03,-1.157463e-03,-3.251628e-04,4.712163e-04,8.744728e-04,8.584478e-04,6.433227e-04,4.708898e-04,3.422757e-04,2.489561e-04,2.062982e-04,2.315671e-04,2.937935e-04,3.967312e-04,5.395848e-04,7.146211e-04,6.474219e-04,2.355685e-04,-2.306964e-04,-3.528000e-04,-1.607297e-04,5.449375e-05,1.899685e-04,2.908463e-04,3.649886e-04,4.771595e-04,6.516619e-04,8.135072e-04,-6.129555e-03,-3.240654e-03,-2.910640e-04,2.045707e-03,3.157361e-03,3.361416e-03,3.127393e-03,2.747965e-03,2.294422e-03,1.874173e-03,1.616610e-03,1.409215e-03,1.110636e-03,8.562897e-04,6.762609e-04,5.597572e-04,3.733400e-04,-1.361588e-05,-3.481712e-04,-2.737893e-04,1.134024e-04,4.430057e-04,5.608769e-04,5.138187e-04,3.036749e-04,-6.134428e-05,-2.995649e-04,-3.030684e-04,-1.984794e-04,-4.018822e-05,1.020176e-04,1.986885e-04,2.849386e-04,-3.070808e-04,-2.463820e-04,-1.857047e-04,-1.304030e-04,-8.592872e-05,-4.944936e-05,-5.052420e-05,-9.165201e-05,-1.443312e-04,-1.580013e-04,-1.377309e-04,-1.101667e-04,-9.138962e-05,-9.347139e-05,-1.134198e-04,-1.451129e-04,-1.780937e-04,-2.057159e-04,-2.203958e-04,-2.249803e-04,-2.320879e-04,-2.174773e-04,-1.700397e-04,-1.131722e-04,-9.697752e-05,-1.158227e-04,-1.309056e-04,-1.385546e-04,-1.493269e-04,-1.630644e-04,-1.713541e-04,-1.758647e-04,-1.808117e-04,1.495407e-03,1.131749e-03,7.531600e-04,4.725238e-04,3.760078e-04,4.013490e-04,4.635787e-04,5.298385e-04,5.954468e-04,6.470642e-04,6.647968e-04,6.638239e-04,6.520563e-04,6.288243e-04,6.032626e-04,5.859370e-04,5.895326e-04,6.226157e-04,6.554680e-04,6.334188e-04,5.746639e-04,5.297367e-04,5.092617e-04,5.026867e-04,5.174399e-04,5.652175e-04,5.945685e-04,5.944468e-04,5.710145e-04,5.270607e-04,4.683389e-04,4.070697e-04,3.455223e-04
8.784290e-04,-1.342853e-04,-1.268767e-03,-2.566584e-05,-9.189523e-04,-1.237074e-03,-9.253773e-04,-6.233007e-05,-1.275780e-03,1.718475e-05,1.094073e-03,-1.229269e-03,-5.563163e-03,6.511373e-03,1.835165e-02,2.854649e-02,2.243483e-02,1.616835e-02,1.330312e-02,1.432568e-02,1.459239e-02,1.469610e-02,1.497731e-02,1.374476e-02,1.277743e-02,1.189671e-02,1.158411e-02,1.202842e-02,1.301961e-02,1.474913e-02,1.472347e-02,1.488181e-02,1.503525e-02,1.447235e-02,1.506922e-02,1.474746e-02,1.483264e-02,1.471541e-02,1.343185e-02,1.273961e-02,1.211695e-02,1.176472e-02,1.171596e-02,1.171170e-02,1.159023e-02,1.541914e-03,1.129788e-03,7.184628e-04,3.016274e-04,-1.155438e-04,-5.920548e-04,-6.724780e-04,-2.805720e-04,2.066984e-04,4.570393e-04,4.207547e-04,2.714350e-04,1.961644e-04,1.591539e-04,1.423294e-04,1.567689e-04,2.159648e-04,2.949402e-04,4.012078e-04,5.380793e-04,7.021707e-04,6.339136e-04,2.360480e-04,-2.129203e-04,-3.310853e-04,-1.473476e-04,5.915148e-05,1.896839e-04,2.859665e-04,3.559284e-04,4.609397e-04,6.249009e-04,7.768833e-04,3.842741e-03,4.780051e-03,5.757119e-03,6.205007e-03,5.687856e-03,4.458716e-03,3.195425e-03,2.217766e-03,1.483144e-03,1.017387e-03,8.541946e-04,8.201333e-04,7.142275e-04,6.127717e-04,5.319100e-04,4.581214e-04,2.823969e-04,-1.047583e-04,-4.459755e-04,-3.923504e-04,-3.472339e-05,2.735193e-04,3.833416e-04,3.383890e-04,1.391628e-04,-2.075165e-04,-4.326667e-04,-4.341386e-04,-3.321317e-04,-1.785493e-04,-4.028878e-05,5.533898e-05,1.410804e-04,-3.349487e-04,-2.724725e-04,-2.102880e-04,-1.530928e-04,-1.028565e-04,-4.876520e-05,-3.910362e-05,-7.739735e-05,-1.252505e-04,-1.383882e-04,-1.227378e-04,-1.030776e-04,-9.080799e-05,-9.304606e-05,-1.108006e-04,-1.396785e-04,-1.713684e-04,-1.993259e-04,-2.155685e-04,-2.220806e-04,-2.289693e-04,-2.114072e-04,-1.594249e-04,-9.757824e-05,-7.586000e-05,-9.067214e-05,-1.057117e-04,-1.171374e-04,-1.335100e-04,-1.511986e-04,-1.635278e-04,-1.724379e-04,-1.816623e-04,1.066619e-03,7.696952e-04,4.614764e-04,2.400286e-04,1.793460e-04,2.472075e-04,3.355556e-04,4.029537e-04,4.559553e-04,4.877958e-04,4.869601e-04,4.717224e-04,4.526643e-04,4.287959e-04,4.059878e-04,3.933951e-04,3.983331e-04,4.323134e-04,4.676341e-04,4.524299e-04,4.024520e-04,3.648467e-04,3.481930e-04,3.417349e-04,3.528671e-04,3.953116e-04,4.215737e-04,4.216998e-04,3.997865e-04,3.575300e-04,3.005330e-04,2.379417e-04,1.753419e-04
