5.407301e-04,2.514393e-06,-1.214331e-06,3.348124e-04,-6.704101e-05,-1.178471e-04,2.982051e-04,1.563709e-05,-1.446911e-04,3.666086e-04,7.239054e-05,-4.972148e-05,1.042088e-03,1.087275e-03,1.102980e-03,1.079223e-03,1.077675e-03,1.079142e-03,1.092602e-03,1.077807e-03,1.063309e-03,1.015791e-03,9.945658e-04,9.112722e-04,8.436033e-04,8.364836e-04,8.897689e-04,1.053271e-03,1.084154e-03,1.095353e-03,1.072658e-03,1.090436e-03,1.063602e-03,1.103401e-03,1.138226e-03,1.147677e-03,1.149523e-03,1.136104e-03,1.105332e-03,1.058265e-03,9.773262e-04,8.374455e-04,6.768174e-04,5.534643e-04,4.267373e-04,-1.455016e-03,-1.478136e-03,-1.501261e-03,-1.524004e-03,-1.546318e-03,-1.548080e-03,-1.534880e-03,-1.527610e-03,-1.537024e-03,-1.530811e-03,-1.513695e-03,-1.491617e-03,-1.480863e-03,-1.476979e-03,-1.490179e-03,-1.510879e-03,-1.534663e-03,-1.555253e-03,-1.570511e-03,-1.605320e-03,-1.634150e-03,-1.629331e-03,-1.595918e-03,-1.549935e-03,-1.498021e-03,-1.447173e-03,-1.404467e-03,-1.376295e-03,-1.371711e-03,-1.398679e-03,-1.429454e-03,-1.460843e-03,-1.491913e-03,-1.832945e-04,-1.349623e-04,-8.542130e-05,-6.882684e-05,-8.152468e-05,-8.888578e-05,-8.763349e-05,-7.550130e-05,-4.976332e-05,-3.867896e-05,-3.764235e-05,-3.506688e-05,-3.638403e-05,-3.613734e-05,-4.527299e-05,-7.507547e-05,-1.051129e-04,-9.745741e-05,-6.288091e-05,-3.500061e-05,-1.757326e-05,-1.782003e-05,-3.779472e-05,-6.230782e-05,-8.691471e-05,-1.063012e-04,-1.159455e-04,-1.090257e-04,-8.720551e-05,-4.329566e-05,1.194129e-05,7.139970e-05,1.306494e-04,1.520100e-03,1.415042e-03,1.308481e-03,1.198965e-03,1.105021e-03,1.040777e-03,1.003531e-03,9.657222e-04,9.054680e-04,8.226924e-04,7.395858e-04,6.662166e-04,6.280379e-04,6.654251e-04,8.083971e-04,9.587016e-04,1.048382e-03,1.077017e-03,1.069467e-03,1.048318e-03,1.039984e-03,1.064173e-03,1.087568e-03,1.093477e-03,1.080190e-03,1.042583e-03,9.767627e-04,8.773211e-04,7.436906e-04,5.830391e-04,4.070547e-04,2.630168e-04,1.157786e-04,-3.566410e-04,-3.845025e-04,-4.133155e-04,-4.274513e-04,-4.050352e-04,-3.407740e-04,-2.596650e-04,-1.900792e-04,-1.615220e-04,-1.681730e-04,-1.879601e-04,-1.855964e-04,-1.850855e-04,-1.911270e-04,-2.367566e-04,-3.097028e-04,-3.758455e-04,-4.146461e-04,-3.968831e-04,-3.271192e-04,-2.333181e-04,-1.389934e-04,-6.493300e-05,-1.914273e-05,-7.677802e-07,-9.444067e-06,-4.506346e-05,-1.060032e-04,-1.964464e-04,-2.807021e-04,-3.807244e-04,-4.943110e-04,-6.052401e-04
2.514393e-06,5.227736e-04,1.075286e-05,3.283905e-06,3.201797e-04,-2.620327e-04,-1.179303e-05,4.177650e-04,-2.697874e-05,1.446553e-05,2.713854e-04,3.410719e-04,-1.412319e-04,-1.356042e-04,-9.469007e-05,-8.409173e-05,-9.668547e-05,-9.956744e-05,-1.112064e-04,-1.069428e-04,-6.989811e-05,-1.948393e-05,9.864548e-07,-5.328790e-05,-1.140287e-04,-1.224991e-04,-1.441561e-04,-8.479021e-05,-1.142125e-04,-1.059718e-04,-9.233359e-05,-1.071394e-04,-1.233898e-04,-1.194493e-04,-1.236954e-04,-9.611887e-05,-6.238001e-05,-2.753679e-05,1.613435e-06,4.628585e-06,1.819486e-05,1.610812e-08,-7.606218e-05,-1.695463e-04,-2.460381e-04,-6.951142e-05,-6.449267e-05,-5.940253e-05,-5.518749e-05,-5.027377e-05,-4.766126e-05,-5.185723e-05,-5.532363e-05,-5.390011e-05,-5.058570e-05,-3.908005e-05,-2.083111e-05,-2.920816e-06,1.591212e-05,1.950389e-05,6.204963e-06,-1.417285e-05,-3.651686e-05,-4.666469e-05,-4.220394e-05,-2.070852e-05,1.132175e-05,4.079268e-05,6.595553e-05,8.426702e-05,9.256647e-05,8.767594e-05,6.710401e-05,2.562247e-05,-2.257968e-05,-8.510846e-05,-1.547262e-04,-2.229816e-04,-1.966367e-03,-1.973537e-03,-1.976725e-03,-1.964482e-03,-1.949275e-03,-1.934020e-03,-1.926493e-03,-1.925341e-03,-1.929232e-03,-1.929076e-03,-1.924890e-03,-1.910475e-03,-1.895353e-03,-1.886931e-03,-1.885457e-03,-1.915507e-03,-1.933747e-03,-1.952430e-03,-1.967230e-03,-1.977244e-03,-1.981608e-03,-1.978770e-03,-1.963093e-03,-1.939522e-03,-1.912620e-03,-1.886324e-03,-1.864151e-03,-1.851912e-03,-1.846538e-03,-1.845193e-03,-1.850652e-03,-1.849105e-03,-1.846707e-03,-5.326726e-04,-5.290718e-04,-5.244564e-04,-5.298747e-04,-5.135602e-04,-4.445087e-04,-3.464493e-04,-2.514497e-04,-1.908338e-04,-1.824625e-04,-2.042156e-04,-2.178078e-04,-2.240101e-04,-2.068169e-04,-2.382922e-04,-3.338713e-04,-4.431661e-04,-5.036989e-04,-4.888272e-04,-4.232110e-04,-3.304369e-04,-2.354899e-04,-1.618178e-04,-1.095434e-04,-8.049312e-05,-7.531619e-05,-9.525983e-05,-1.403561e-04,-2.149299e-04,-3.219281e-04,-4.982610e-04,-6.990290e-04,-8.957161e-04,-2.241762e-03,-2.072834e-03,-1.905867e-03,-1.747953e-03,-1.614315e-03,-1.520338e-03,-1.473429e-03,-1.469676e-03,-1.483886e-03,-1.494195e-03,-1.506193e-03,-1.534627e-03,-1.606001e-03,-1.700618e-03,-1.808339e-03,-1.837739e-03,-1.792410e-03,-1.688704e-03,-1.571776e-03,-1.478301e-03,-1.438890e-03,-1.441108e-03,-1.455712e-03,-1.474223e-03,-1.494669e-03,-1.513869e-03,-1.529950e-03,-1.537014e-03,-1.544066e-03,-1.570123e-03,-1.583106e-03,-1.630730e-03,-1.675674e-03
-1.214331e-06,1.075286e-05,5.650227e-04,2.728491e-04,8.356811e-05,1.525606e-04,1.436986e-04,-1.975540e-05,-2.761725e-04,2.920735e-04,-1.195082e-04,1.058668e-04,-1.519701e-03,-1.574356e-03,-1.586557e-03,-1.536979e-03,-1.563663e-03,-1.580558e-03,-1.624994e-03,-1.598850e-03,-1.573145e-03,-1.372561e-03,-1.246196e-03,-1.182591e-03,-1.216629e-03,-1.331062e-03,-1.423077e-03,-1.569433e-03,-1.577295e-03,-1.584558e-03,-1.550723e-03,-1.599133e-03,-1.608469e-03,-1.615475e-03,-1.539985e-03,-1.450806e-03,-1.358311e-03,-1.277347e-03,-1.220597e-03,-1.204928e-03,-1.232403e-03,-1.313326e-03,-1.408065e-03,-1.482948e-03,-1.543849e-03,-1.577671e-03,-1.515069e-03,-1.452279e-03,-1.390781e-03,-1.327243e-03,-1.293357e-03,-1.290698e-03,-1.278575e-03,-1.240006e-03,-1.199650e-03,-1.173699e-03,-1.162526e-03,-1.163620e-03,-1.180145e-03,-1.215240e-03,-1.251897e-03,-1.292878e-03,-1.339844e-03,-1.376084e-03,-1.370097e-03,-1.326597e-03,-1.298691e-03,-1.274625e-03,-1.246276e-03,-1.218283e-03,-1.192608e-03,-1.171976e-03,-1.158743e-03,-1.155975e-03,-1.164271e-03,-1.176274e-03,-1.197069e-03,-1.215913e-03,1.836595e-04,1.348378e-04,8.446353e-05,8.188234e-05,1.254972e-04,1.653431e-04,1.823544e-04,1.735468e-04,1.261227e-04,7.235700e-05,3.583048e-05,1.482389e-05,3.782260e-07,2.361258e-06,1.866436e-05,6.713486e-05,1.276302e-04,1.406878e-04,1.247905e-04,1.107749e-04,9.926013e-05,9.886270e-05,1.008824e-04,9.631872e-05,8.979757e-05,8.308271e-05,7.870124e-05,7.898902e-05,8.632236e-05,1.112372e-04,1.491752e-04,1.958807e-04,2.438941e-04,-3.853212e-03,-3.965385e-03,-4.074275e-03,-4.168734e-03,-4.251626e-03,-4.300441e-03,-4.299445e-03,-4.244712e-03,-4.155412e-03,-4.029784e-03,-3.910115e-03,-3.821487e-03,-3.775994e-03,-3.778412e-03,-3.815166e-03,-3.917556e-03,-4.042118e-03,-4.185857e-03,-4.315287e-03,-4.415565e-03,-4.452629e-03,-4.421593e-03,-4.335274e-03,-4.215796e-03,-4.081164e-03,-3.948850e-03,-3.836054e-03,-3.761597e-03,-3.738011e-03,-3.753132e-03,-3.787230e-03,-3.798409e-03,-3.811074e-03,1.898411e-04,1.768375e-04,1.639312e-04,1.462300e-04,1.493814e-04,1.891992e-04,2.459661e-04,2.959021e-04,3.145689e-04,2.946789e-04,2.636608e-04,2.566216e-04,2.598505e-04,2.698429e-04,2.552673e-04,2.116856e-04,1.572658e-04,1.273912e-04,1.435621e-04,1.960228e-04,2.634777e-04,3.290464e-04,3.762902e-04,4.026650e-04,4.089238e-04,3.957749e-04,3.636807e-04,3.141324e-04,2.447492e-04,1.831364e-04,1.084850e-04,2.789530e-05,-5.068969e-05
3.348124e-04,3.283905e-06,2.728491e-04,5.438178e-04,-1.261914e-05,-1.203600e-05,3.425793e-04,-4.263648e-06,-2.865115e-04,4.630472e-04,-1.355245e-05,1.613030e-05,-1.984404e-05,-5.886720e-06,7.847100e-06,2.119966e-05,1.111588e-05,2.473394e-06,-1.270996e-05,-1.294924e-05,-6.599673e-06,7.721990e-05,1.419316e-04,1.136478e-04,2.836215e-05,-6.183102e-05,-8.594230e-05,-3.142196e-05,-1.171253e-06,1.440548e-05,2.693352e-05,1.119125e-05,-2.331101e-05,-1.244590e-05,4.320608e-05,8.466566e-05,1.246760e-04,1.510688e-04,1.576161e-04,1.392402e-04,8.004924e-05,-5.235254e-05,-1.985541e-04,-3.093649e-04,-4.176077e-04,-2.049449e-03,-2.048754e-03,-2.047959e-03,-2.047565e-03,-2.045699e-03,-2.043587e-03,-2.044525e-03,-2.037927e-03,-2.024562e-03,-1.994665e-03,-1.961519e-03,-1.928769e-03,-1.909342e-03,-1.909716e-03,-1.938825e-03,-1.977169e-03,-2.022406e-03,-2.069796e-03,-2.106953e-03,-2.135537e-03,-2.140835e-03,-2.130231e-03,-2.097958e-03,-2.051959e-03,-1.999276e-03,-1.945898e-03,-1.898228e-03,-1.862070e-03,-1.845200e-03,-1.854919e-03,-1.865609e-03,-1.880355e-03,-1.894061e-03,-1.800993e-05,-7.757977e-06,2.582084e-06,1.243954e-05,2.303740e-05,3.346628e-05,3.718527e-05,3.629978e-05,2.789078e-05,7.713454e-06,-8.804461e-06,-1.467112e-05,-1.652325e-05,-7.164848e-06,-1.317613e-06,2.342021e-06,1.111561e-05,2.425297e-05,4.544846e-05,6.603877e-05,8.037939e-05,8.457983e-05,7.071294e-05,4.687668e-05,1.985288e-05,-4.375844e-06,-2.008937e-05,-1.971846e-05,-2.871672e-06,4.054020e-05,9.835595e-05,1.620398e-04,2.261850e-04,-1.001194e-03,-1.148096e-03,-1.294277e-03,-1.434399e-03,-1.550715e-03,-1.635226e-03,-1.681985e-03,-1.696598e-03,-1.698722e-03,-1.699765e-03,-1.694191e-03,-1.670392e-03,-1.611087e-03,-1.532644e-03,-1.434029e-03,-1.390207e-03,-1.414202e-03,-1.499743e-03,-1.604829e-03,-1.690119e-03,-1.727961e-03,-1.727622e-03,-1.716909e-03,-1.705779e-03,-1.694783e-03,-1.686071e-03,-1.680636e-03,-1.682508e-03,-1.684643e-03,-1.667467e-03,-1.657021e-03,-1.616521e-03,-1.578774e-03,-1.954630e-04,-2.272423e-04,-2.596540e-04,-2.824157e-04,-2.597111e-04,-1.908022e-04,-1.104416e-04,-4.274345e-05,-1.947675e-05,-5.101377e-05,-8.803600e-05,-5.932269e-05,8.737429e-06,6.118222e-05,2.184062e-05,-8.116098e-05,-1.927690e-04,-2.701975e-04,-2.702746e-04,-1.874183e-04,-6.979571e-05,2.488350e-05,7.371962e-05,8.344257e-05,6.290570e-05,2.173620e-05,-3.090870e-05,-8.476581e-05,-1.335124e-04,-1.261058e-04,-1.296898e-04,-1.567846e-04,-1.798200e-04
-6.704101e-05,3.201797e-04,8.356811e-05,-1.261914e-05,4.783957e-04,-1.621822e-05,4.585730e-05,3.153386e-04,8.688346e-05,-1.554722e-06,2.645674e-04,1.827214e-04,-1.046548e-03,-1.063611e-03,-1.029649e-03,-9.858198e-04,-9.890480e-04,-9.877127e-04,-1.023901e-03,-1.027360e-03,-9.963823e-04,-8.500988e-04,-7.739029e-04,-7.718180e-04,-8.028089e-04,-8.555466e-04,-9.191809e-04,-9.854379e-04,-1.013056e-03,-1.013007e-03,-9.925842e-04,-1.040619e-03,-1.043307e-03,-1.050490e-03,-1.028786e-03,-9.716401e-04,-9.112449e-04,-8.520654e-04,-8.024169e-04,-7.829415e-04,-7.603584e-04,-7.534128e-04,-7.799941e-04,-8.173618e-04,-8.426008e-04,-5.252778e-05,-3.395003e-05,-1.525161e-05,2.247143e-06,2.087666e-05,1.962852e-05,-1.466654e-06,-1.103060e-05,4.248039e-06,2.223521e-05,4.110966e-05,5.643979e-05,6.730264e-05,7.623836e-05,7.646341e-05,6.754356e-05,5.329547e-05,3.334702e-05,2.307603e-05,4.567267e-05,9.031218e-05,1.225904e-04,1.379554e-04,1.472399e-04,1.486644e-04,1.414798e-04,1.245543e-04,9.725685e-05,5.732830e-05,1.705616e-05,-3.146091e-05,-8.551187e-05,-1.384053e-04,-1.323144e-03,-1.372734e-03,-1.420377e-03,-1.429119e-03,-1.410639e-03,-1.397868e-03,-1.402717e-03,-1.424090e-03,-1.464149e-03,-1.494046e-03,-1.501601e-03,-1.486232e-03,-1.464825e-03,-1.446769e-03,-1.427790e-03,-1.415110e-03,-1.391766e-03,-1.406173e-03,-1.442496e-03,-1.472909e-03,-1.493645e-03,-1.495646e-03,-1.476632e-03,-1.452656e-03,-1.426701e-03,-1.402973e-03,-1.384773e-03,-1.377788e-03,-1.378954e-03,-1.382820e-03,-1.389304e-03,-1.390892e-03,-1.391849e-03,-1.033375e-04,-1.289910e-04,-1.552015e-04,-1.736473e-04,-1.628306e-04,-1.122685e-04,-4.116889e-05,2.457657e-05,5.642974e-05,5.435687e-05,3.735710e-05,3.084506e-05,1.769575e-05,4.767205e-06,-2.845849e-05,-7.942083e-05,-1.271442e-04,-1.509978e-04,-1.300141e-04,-7.668430e-05,-8.801524e-06,6.409301e-05,1.240845e-04,1.649713e-04,1.854141e-04,1.834650e-04,1.569830e-04,1.052076e-04,2.204475e-05,-6.585919e-05,-1.690485e-04,-2.785028e-04,-3.862233e-04,2.844457e-04,3.859023e-04,4.829732e-04,5.798223e-04,6.693197e-04,7.230126e-04,7.314190e-04,6.908543e-04,6.133500e-04,5.210521e-04,4.437154e-04,3.852003e-04,3.153601e-04,2.464537e-04,2.205749e-04,3.053021e-04,4.388413e-04,5.796390e-04,6.946817e-04,7.772148e-04,8.001817e-04,7.864304e-04,7.520202e-04,6.980433e-04,6.323278e-04,5.604305e-04,4.876668e-04,4.225888e-04,3.609667e-04,3.162891e-04,3.179336e-04,3.025890e-04,2.878447e-04
-1.178471e-04,-2.620327e-04,1.525606e-04,-1.203600e-05,-1.621822e-05,5.202587e-04,8.961285e-05,-2.683836e-04,1.491189e-04,-1.248799e-05,-9.145902e-05,-3.073944e-04,-1.410596e-03,-1.466128e-03,-1.502249e-03,-1.458531e-03,-1.447264e-03,-1.435136e-03,-1.458919e-03,-1.462230e-03,-1.487294e-03,-1.390424e-03,-1.328838e-03,-1.196947e-03,-1.132691e-03,-1.180077e-03,-1.247890e-03,-1.465210e-03,-1.465922e-03,-1.478933e-03,-1.462451e-03,-1.499080e-03,-1.474014e-03,-1.494526e-03,-1.453711e-03,-1.414691e-03,-1.381375e-03,-1.351770e-03,-1.326236e-03,-1.301610e-03,-1.286552e-03,-1.250370e-03,-1.171834e-03,-1.087742e-03,-1.006660e-03,-1.080940e-04,-7.323034e-05,-3.830133e-05,-3.789054e-06,3.120275e-05,3.870000e-05,2.484459e-05,2.461411e-05,4.978127e-05,6.698497e-05,6.560080e-05,4.944385e-05,3.815336e-05,2.525820e-05,2.072999e-05,2.932270e-05,3.989287e-05,4.389523e-05,4.044215e-05,6.117707e-05,8.817989e-05,7.807963e-05,4.831253e-05,1.845309e-05,-9.861064e-06,-3.239157e-05,-4.542948e-05,-4.574892e-05,-2.766182e-05,4.778715e-06,4.714787e-05,9.008602e-05,1.329944e-04,1.463310e-03,1.397675e-03,1.327921e-03,1.295586e-03,1.305739e-03,1.311210e-03,1.305055e-03,1.284547e-03,1.241374e-03,1.204995e-03,1.185346e-03,1.167481e-03,1.154224e-03,1.155985e-03,1.178342e-03,1.252000e-03,1.325303e-03,1.348107e-03,1.333639e-03,1.318234e-03,1.304976e-03,1.303227e-03,1.305998e-03,1.297912e-03,1.283095e-03,1.262693e-03,1.238620e-03,1.212695e-03,1.186335e-03,1.161528e-03,1.143309e-03,1.122867e-03,1.102586e-03,1.499932e-04,1.669967e-04,1.844853e-04,1.952986e-04,1.752248e-04,1.237270e-04,6.301372e-05,1.292514e-05,-9.560619e-06,-7.446770e-07,1.956587e-05,2.467463e-05,2.939858e-05,3.203971e-05,5.444009e-05,9.719264e-05,1.423281e-04,1.718823e-04,1.653066e-04,1.231814e-04,6.111230e-05,-4.275542e-07,-4.811027e-05,-7.890659e-05,-9.219745e-05,-8.773070e-05,-6.490554e-05,-2.414886e-05,3.787644e-05,9.849793e-05,1.727330e-04,2.529587e-04,3.317115e-04,4.097621e-03,4.019479e-03,3.940555e-03,3.843235e-03,3.745752e-03,3.663587e-03,3.604207e-03,3.558243e-03,3.506446e-03,3.416497e-03,3.326707e-03,3.265725e-03,3.283193e-03,3.381281e-03,3.545427e-03,3.688731e-03,3.754261e-03,3.760062e-03,3.726967e-03,3.682838e-03,3.643437e-03,3.611578e-03,3.560847e-03,3.495116e-03,3.423465e-03,3.352481e-03,3.290032e-03,3.241357e-03,3.220939e-03,3.224971e-03,3.212141e-03,3.216394e-03,3.218650e-03
2.982051e-04,-1.179303e-05,1.436986e-04,3.425793e-04,4.585730e-05,8.961285e-05,5.336171e-04,-5.481139e-06,-2.139271e-05,3.697303e-04,-7.694857e-05,6.994836e-05,-9.909789e-04,-1.019637e-03,-1.021450e-03,-9.838440e-04,-9.749836e-04,-9.511449e-04,-9.701606e-04,-9.907145e-04,-1.003960e-03,-8.744500e-04,-7.780181e-04,-7.096686e-04,-7.465542e-04,-8.461258e-04,-9.309580e-04,-1.015643e-03,-1.006179e-03,-9.941587e-04,-9.642630e-04,-1.009985e-03,-1.022285e-03,-1.028255e-03,-9.534713e-04,-8.770503e-04,-8.066591e-04,-7.505266e-04,-7.166948e-04,-7.133924e-04,-7.482771e-04,-8.437265e-04,-9.533234e-04,-1.044877e-03,-1.125602e-03,-1.572688e-03,-1.574937e-03,-1.577052e-03,-1.580040e-03,-1.581546e-03,-1.599206e-03,-1.631292e-03,-1.638143e-03,-1.615743e-03,-1.584622e-03,-1.557513e-03,-1.533555e-03,-1.509351e-03,-1.498680e-03,-1.512931e-03,-1.534203e-03,-1.564271e-03,-1.603227e-03,-1.636359e-03,-1.640864e-03,-1.618984e-03,-1.609620e-03,-1.600645e-03,-1.581687e-03,-1.557967e-03,-1.532287e-03,-1.508141e-03,-1.488666e-03,-1.477736e-03,-1.478790e-03,-1.481459e-03,-1.491512e-03,-1.499902e-03,1.223654e-04,8.452660e-05,4.570505e-05,3.715623e-05,5.670778e-05,7.340237e-05,7.595554e-05,6.589770e-05,3.786844e-05,1.106182e-05,-3.499690e-06,-1.156887e-05,-1.709314e-05,-8.423741e-06,6.267195e-06,3.787050e-05,7.830439e-05,8.943476e-05,8.510366e-05,8.515422e-05,8.750698e-05,9.611220e-05,1.020397e-04,9.550176e-05,8.299709e-05,6.854813e-05,5.665357e-05,5.238339e-05,5.804862e-05,8.201545e-05,1.173616e-04,1.597137e-04,2.031296e-04,1.436059e-03,1.318034e-03,1.198694e-03,1.076644e-03,9.730929e-04,8.785064e-04,7.955653e-04,7.268988e-04,6.599024e-04,5.731287e-04,5.092117e-04,5.090571e-04,6.071360e-04,7.478098e-04,9.024655e-04,1.017267e-03,1.057375e-03,1.032130e-03,9.722710e-04,9.206037e-04,8.808694e-04,8.312157e-04,7.485025e-04,6.448361e-04,5.376556e-04,4.418424e-04,3.737414e-04,3.464011e-04,3.846395e-04,5.084637e-04,6.481443e-04,8.042720e-04,9.584306e-04,-4.282507e-06,-2.506417e-05,-4.588475e-05,-6.640040e-05,-5.925945e-05,-7.059656e-06,6.703439e-05,1.335958e-04,1.605790e-04,1.444249e-04,1.138970e-04,1.094771e-04,1.112444e-04,1.161554e-04,8.840594e-05,2.672949e-05,-4.164301e-05,-8.024935e-05,-6.147114e-05,3.694604e-06,8.953361e-05,1.763760e-04,2.430843e-04,2.839233e-04,2.990871e-04,2.885243e-04,2.518973e-04,1.902586e-04,9.938486e-05,1.490659e-05,-8.612158e-05,-1.956237e-04,-3.025900e-04
1.563709e-05,4.177650e-04,-1.975540e-05,-4.263648e-06,3.153386e-04,-2.683836e-04,-5.481139e-06,5.180025e-04,-5.727472e-06,6.107631e-06,2.754954e-04,3.357321e-04,-8.024900e-05,-6.771551e-05,-2.190404e-05,-9.859714e-06,-2.007601e-05,-2.505793e-05,-4.248710e-05,-4.865522e-05,-1.411961e-05,3.188324e-05,6.092690e-05,-2.667878e-06,-6.626783e-05,-7.714418e-05,-9.365521e-05,-2.021013e-05,-4.041980e-05,-2.546291e-05,-1.159502e-05,-3.212517e-05,-6.186313e-05,-7.096447e-05,-8.621233e-05,-6.254829e-05,-2.596269e-05,1.546192e-05,5.264665e-05,6.259020e-05,7.976859e-05,6.286832e-05,-4.631687e-06,-8.752988e-05,-1.568045e-04,4.613817e-06,2.995123e-06,1.442427e-06,-9.373192e-07,-2.660384e-06,-5.695863e-06,-1.424520e-05,-2.192296e-05,-2.574732e-05,-2.544510e-05,-1.359028e-05,9.211229e-06,3.097738e-05,5.115124e-05,5.644163e-05,4.485714e-05,2.634187e-05,6.107172e-06,-2.066909e-06,3.625642e-06,2.438318e-05,5.642925e-05,8.662869e-05,1.108596e-04,1.271496e-04,1.326255e-04,1.244575e-04,1.005433e-04,5.581973e-05,4.541447e-06,-5.810703e-05,-1.264458e-04,-1.936979e-04,-1.964831e-03,-1.970492e-03,-1.972105e-03,-1.960635e-03,-1.948363e-03,-1.936310e-03,-1.931114e-03,-1.930678e-03,-1.932513e-03,-1.930666e-03,-1.927102e-03,-1.912554e-03,-1.894878e-03,-1.885314e-03,-1.885299e-03,-1.919047e-03,-1.941852e-03,-1.962726e-03,-1.977827e-03,-1.986778e-03,-1.989999e-03,-1.987558e-03,-1.973590e-03,-1.950380e-03,-1.922814e-03,-1.894855e-03,-1.870172e-03,-1.854532e-03,-1.845480e-03,-1.838607e-03,-1.837975e-03,-1.831939e-03,-1.825218e-03,-5.864708e-07,-6.990476e-05,-1.416000e-04,-1.817713e-04,-1.569517e-04,-7.781468e-05,2.076617e-05,1.027648e-04,1.285722e-04,1.114445e-04,8.314243e-05,8.194953e-05,5.967823e-05,1.383613e-05,-4.160550e-05,-8.869235e-05,-1.192484e-04,-1.398773e-04,-1.140777e-04,-3.718006e-05,6.585509e-05,1.775500e-04,2.713540e-04,3.302411e-04,3.536988e-04,3.391463e-04,2.839754e-04,1.877554e-04,4.139616e-05,-8.093760e-05,-1.796042e-04,-2.730374e-04,-3.655872e-04,-2.255400e-03,-2.084582e-03,-1.915615e-03,-1.756738e-03,-1.623927e-03,-1.531604e-03,-1.486265e-03,-1.483307e-03,-1.496807e-03,-1.506083e-03,-1.517642e-03,-1.546549e-03,-1.617245e-03,-1.709545e-03,-1.816062e-03,-1.846416e-03,-1.802741e-03,-1.699931e-03,-1.583833e-03,-1.491661e-03,-1.453834e-03,-1.458013e-03,-1.474589e-03,-1.494345e-03,-1.515265e-03,-1.533996e-03,-1.548508e-03,-1.552810e-03,-1.555544e-03,-1.579009e-03,-1.592414e-03,-1.641530e-03,-1.687886e-03
-1.446911e-04,-2.697874e-05,-2.761725e-04,-2.865115e-04,8.688346e-05,1.491189e-04,-2.139271e-05,-5.727472e-06,5.749154e-04,-3.153699e-04,-9.576801e-05,7.391962e-05,-1.394553e-03,-1.459688e-03,-1.485538e-03,-1.454709e-03,-1.439255e-03,-1.414960e-03,-1.429443e-03,-1.440577e-03,-1.448269e-03,-1.386575e-03,-1.349504e-03,-1.234734e-03,-1.156428e-03,-1.161678e-03,-1.223677e-03,-1.421237e-03,-1.446793e-03,-1.453605e-03,-1.437309e-03,-1.489143e-03,-1.470065e-03,-1.519751e-03,-1.535071e-03,-1.520243e-03,-1.503153e-03,-1.474465e-03,-1.432777e-03,-1.382172e-03,-1.296299e-03,-1.147523e-03,-9.797182e-04,-8.354240e-04,-6.867799e-04,1.383032e-03,1.386571e-03,1.390127e-03,1.393128e-03,1.395711e-03,1.373235e-03,1.332685e-03,1.309249e-03,1.314295e-03,1.304000e-03,1.282647e-03,1.258141e-03,1.250197e-03,1.252743e-03,1.274885e-03,1.307232e-03,1.342072e-03,1.369793e-03,1.389395e-03,1.434411e-03,1.472171e-03,1.467525e-03,1.427480e-03,1.376068e-03,1.317911e-03,1.258718e-03,1.204043e-03,1.158967e-03,1.130619e-03,1.127782e-03,1.126572e-03,1.124937e-03,1.123247e-03,2.169875e-04,1.471933e-04,7.581185e-05,4.896891e-05,6.197257e-05,7.096887e-05,7.073237e-05,5.882995e-05,3.185568e-05,2.484801e-05,2.974184e-05,3.018819e-05,3.064561e-05,2.730366e-05,3.526231e-05,7.322380e-05,1.167442e-04,1.127279e-04,7.587757e-05,4.996318e-05,3.758443e-05,4.649388e-05,7.728142e-05,1.059228e-04,1.295261e-04,1.435599e-04,1.445526e-04,1.264318e-04,9.256039e-05,4.118095e-05,-1.611903e-05,-7.514962e-05,-1.338399e-04,3.902319e-03,4.010224e-03,4.114812e-03,4.204349e-03,4.271647e-03,4.314464e-03,4.325223e-03,4.287185e-03,4.207670e-03,4.098793e-03,3.986866e-03,3.873506e-03,3.769199e-03,3.720347e-03,3.745414e-03,3.862063e-03,4.011817e-03,4.186544e-03,4.346395e-03,4.455670e-03,4.491509e-03,4.483532e-03,4.437222e-03,4.359853e-03,4.262596e-03,4.154072e-03,4.043002e-03,3.940251e-03,3.847929e-03,3.746530e-03,3.655968e-03,3.551170e-03,3.447084e-03,2.958478e-04,3.218509e-04,3.490067e-04,3.610137e-04,3.386996e-04,2.795532e-04,2.070607e-04,1.472846e-04,1.251307e-04,1.330055e-04,1.522231e-04,1.534915e-04,1.579339e-04,1.667606e-04,2.054759e-04,2.647402e-04,3.177585e-04,3.493546e-04,3.332988e-04,2.715124e-04,1.880299e-04,1.029238e-04,3.513675e-05,-6.904490e-06,-2.395012e-05,-1.610766e-05,1.668406e-05,7.316881e-05,1.571972e-04,2.395424e-04,3.360003e-04,4.435513e-04,5.489873e-04
3.666086e-04,1.446553e-05,2.920735e-04,4.630472e-04,-1.554722e-06,-1.248799e-05,3.697303e-04,6.107631e-06,-3.153699e-04,6.456872e-04,1.038168e-05,1.370907e-05,4.787803e-05,5.400894e-05,5.925892e-05,6.215600e-05,4.414775e-05,3.419128e-05,2.897905e-05,4.117481e-05,4.773641e-05,1.209775e-04,1.713861e-04,1.479748e-04,6.862646e-05,-5.967345e-06,-2.314032e-05,2.933079e-05,5.201539e-05,6.154903e-05,6.961614e-05,6.637804e-05,5.000367e-05,9.473528e-05,1.792921e-04,2.456249e-04,3.017577e-04,3.333316e-04,3.310110e-04,2.877504e-04,1.820396e-04,-2.450083e-06,-2.209356e-04,-4.000017e-04,-5.716477e-04,-2.219222e-03,-2.222745e-03,-2.226169e-03,-2.229985e-03,-2.232349e-03,-2.231507e-03,-2.231242e-03,-2.223476e-03,-2.209069e-03,-2.178056e-03,-2.144832e-03,-2.114152e-03,-2.095857e-03,-2.093777e-03,-2.120984e-03,-2.158423e-03,-2.203727e-03,-2.252303e-03,-2.291524e-03,-2.322921e-03,-2.324637e-03,-2.305885e-03,-2.264762e-03,-2.208589e-03,-2.145882e-03,-2.083593e-03,-2.029224e-03,-1.989644e-03,-1.973710e-03,-1.990696e-03,-2.015292e-03,-2.046155e-03,-2.075540e-03,-7.876777e-05,-6.195206e-05,-4.492294e-05,-2.944845e-05,-1.511264e-05,1.574555e-07,8.450933e-06,1.070666e-05,2.441228e-06,-2.066881e-05,-4.192966e-05,-5.525570e-05,-6.739226e-05,-6.581187e-05,-6.352197e-05,-6.118167e-05,-5.267075e-05,-3.944384e-05,-2.000655e-05,-4.595362e-06,4.627139e-06,7.296844e-06,-3.347945e-06,-2.154121e-05,-4.106073e-05,-5.689816e-05,-6.420917e-05,-5.627942e-05,-3.375560e-05,1.361970e-05,7.686863e-05,1.493293e-04,2.225300e-04,-1.084339e-03,-1.245104e-03,-1.405108e-03,-1.558348e-03,-1.684772e-03,-1.774705e-03,-1.822287e-03,-1.835197e-03,-1.835958e-03,-1.836708e-03,-1.831425e-03,-1.807400e-03,-1.746251e-03,-1.663238e-03,-1.557247e-03,-1.510764e-03,-1.537385e-03,-1.629337e-03,-1.740321e-03,-1.828626e-03,-1.864678e-03,-1.858717e-03,-1.842091e-03,-1.826188e-03,-1.812022e-03,-1.802339e-03,-1.798637e-03,-1.805667e-03,-1.816350e-03,-1.809331e-03,-1.811680e-03,-1.781592e-03,-1.754415e-03,-9.791314e-05,-1.362212e-04,-1.755901e-04,-2.052783e-04,-1.915768e-04,-9.797363e-05,4.314328e-05,1.671406e-04,2.161482e-04,2.092264e-04,1.669471e-04,1.169392e-04,2.096895e-05,-5.193469e-05,-1.042156e-04,-1.635764e-04,-2.140037e-04,-2.203472e-04,-1.483223e-04,-2.966331e-05,1.143972e-04,2.909362e-04,4.582841e-04,5.866310e-04,6.652727e-04,6.816710e-04,6.229262e-04,4.794198e-04,2.287321e-04,-8.999017e-05,-4.516861e-04,-8.164865e-04,-1.178354e-03
7.239054e-05,2.713854e-04,-1.195082e-04,-1.355245e-05,2.645674e-04,-9.145902e-05,-7.694857e-05,2.754954e-04,-9.576801e-05,1.038168e-05,5.969744e-04,-5.464783e-05,1.269309e-03,1.343003e-03,1.397017e-03,1.375538e-03,1.382239e-03,1.379263e-03,1.395705e-03,1.383288e-03,1.387615e-03,1.284713e-03,1.215253e-03,1.098851e-03,1.048954e-03,1.113501e-03,1.175782e-03,1.370054e-03,1.380729e-03,1.399595e-03,1.380319e-03,1.407926e-03,1.384459e-03,1.401258e-03,1.365198e-03,1.334312e-03,1.307826e-03,1.282905e-03,1.258293e-03,1.228474e-03,1.203438e-03,1.136321e-03,1.041534e-03,9.222420e-04,7.966531e-04,1.568558e-04,1.239283e-04,9.093913e-05,5.837921e-05,2.538780e-05,1.714852e-05,2.848205e-05,2.718476e-05,3.086662e-06,-1.062525e-05,-4.412313e-06,1.602786e-05,3.569525e-05,5.882168e-05,7.189268e-05,6.974329e-05,6.353712e-05,6.193731e-05,6.569024e-05,4.472118e-05,1.742312e-05,2.006107e-05,3.691269e-05,5.396637e-05,7.115939e-05,8.647406e-05,9.824169e-05,1.053526e-04,1.041115e-04,1.016544e-04,1.005040e-04,1.027547e-04,1.043971e-04,-1.351793e-03,-1.309095e-03,-1.262610e-03,-1.252382e-03,-1.282308e-03,-1.308635e-03,-1.323446e-03,-1.322704e-03,-1.297033e-03,-1.274224e-03,-1.259939e-03,-1.240820e-03,-1.219900e-03,-1.204345e-03,-1.201654e-03,-1.246681e-03,-1.297258e-03,-1.309880e-03,-1.295858e-03,-1.288073e-03,-1.285802e-03,-1.293801e-03,-1.304599e-03,-1.306512e-03,-1.303299e-03,-1.296388e-03,-1.287785e-03,-1.279519e-03,-1.272937e-03,-1.270905e-03,-1.282446e-03,-1.299450e-03,-1.317455e-03,6.879765e-05,5.753391e-05,4.570279e-05,3.949407e-05,6.141719e-05,1.135119e-04,1.744508e-04,2.235898e-04,2.429440e-04,2.294521e-04,2.039165e-04,1.933279e-04,1.836640e-04,1.798523e-04,1.592176e-04,1.220184e-04,8.478439e-05,6.490719e-05,8.045202e-05,1.279536e-04,1.908499e-04,2.516701e-04,2.974622e-04,3.252642e-04,3.347585e-04,3.258376e-04,2.980392e-04,2.521102e-04,1.843078e-04,1.161663e-04,3.263427e-05,-5.895277e-05,-1.488315e-04,1.263879e-03,1.427028e-03,1.586705e-03,1.711286e-03,1.794166e-03,1.835210e-03,1.834016e-03,1.785549e-03,1.708583e-03,1.596238e-03,1.481890e-03,1.376690e-03,1.311889e-03,1.324650e-03,1.373856e-03,1.478320e-03,1.593605e-03,1.726892e-03,1.839222e-03,1.909650e-03,1.914049e-03,1.871514e-03,1.794670e-03,1.699451e-03,1.597886e-03,1.501178e-03,1.420162e-03,1.367964e-03,1.348742e-03,1.293271e-03,1.185058e-03,1.021351e-03,8.606959e-04
-4.972148e-05,3.410719e-04,1.058668e-04,1.613030e-05,1.827214e-04,-3.073944e-04,6.994836e-05,3.357321e-04,7.391962e-05,1.370907e-05,-5.464783e-05,6.497927e-04,-1.400921e-03,-1.459378e-03,-1.451744e-03,-1.418425e-03,-1.438687e-03,-1.437398e-03,-1.466253e-03,-1.457542e-03,-1.414519e-03,-1.266495e-03,-1.165874e-03,-1.120714e-03,-1.152289e-03,-1.218936e-03,-1.310198e-03,-1.410848e-03,-1.451428e-03,-1.448071e-03,-1.404050e-03,-1.461990e-03,-1.485011e-03,-1.528513e-03,-1.521271e-03,-1.457761e-03,-1.377380e-03,-1.290141e-03,-1.209842e-03,-1.164524e-03,-1.120559e-03,-1.110946e-03,-1.149374e-03,-1.213347e-03,-1.254481e-03,-1.455372e-04,-1.228120e-04,-9.993855e-05,-7.859396e-05,-5.599352e-05,-5.756646e-05,-8.373883e-05,-9.396196e-05,-7.641596e-05,-6.578941e-05,-5.976607e-05,-5.137319e-05,-3.922938e-05,-3.133301e-05,-3.758915e-05,-5.406858e-05,-7.710835e-05,-1.071850e-04,-1.242486e-04,-9.709351e-05,-4.460477e-05,-9.457206e-06,7.684076e-06,1.699344e-05,1.772069e-05,9.579970e-06,-7.948183e-06,-3.491313e-05,-7.302007e-05,-1.070380e-04,-1.520811e-04,-2.073700e-04,-2.606455e-04,-1.546713e-03,-1.590104e-03,-1.631514e-03,-1.619185e-03,-1.567560e-03,-1.519316e-03,-1.491755e-03,-1.485924e-03,-1.507741e-03,-1.521364e-03,-1.528059e-03,-1.530535e-03,-1.531690e-03,-1.534943e-03,-1.535759e-03,-1.535512e-03,-1.514544e-03,-1.532658e-03,-1.569956e-03,-1.591624e-03,-1.599044e-03,-1.587260e-03,-1.555976e-03,-1.520569e-03,-1.484602e-03,-1.452437e-03,-1.427534e-03,-1.416169e-03,-1.414106e-03,-1.416525e-03,-1.424553e-03,-1.424890e-03,-1.423760e-03,-3.655831e-04,-4.008918e-04,-4.366153e-04,-4.639179e-04,-4.582301e-04,-4.070663e-04,-3.308874e-04,-2.571632e-04,-2.172553e-04,-2.122543e-04,-2.237016e-04,-2.251766e-04,-2.341192e-04,-2.450141e-04,-2.805831e-04,-3.415826e-04,-4.033014e-04,-4.411346e-04,-4.294223e-04,-3.799689e-04,-3.100980e-04,-2.313090e-04,-1.641437e-04,-1.159228e-04,-8.856067e-05,-8.463029e-05,-1.068465e-04,-1.566984e-04,-2.404359e-04,-3.298340e-04,-4.370120e-04,-5.491977e-04,-6.596813e-04,-4.904825e-03,-4.744258e-03,-4.580072e-03,-4.436081e-03,-4.326987e-03,-4.237454e-03,-4.168889e-03,-4.107751e-03,-4.025761e-03,-3.913072e-03,-3.814526e-03,-3.760963e-03,-3.781899e-03,-3.865950e-03,-4.040249e-03,-4.223834e-03,-4.336738e-03,-4.347922e-03,-4.296143e-03,-4.243917e-03,-4.208700e-03,-4.193311e-03,-4.159894e-03,-4.097873e-03,-4.019999e-03,-3.933321e-03,-3.847082e-03,-3.767448e-03,-3.710766e-03,-3.712479e-03,-3.741660e-03,-3.808442e-03,-3.870978e-03
1.042088e-03,-1.412319e-04,-1.519701e-03,-1.984404e-05,-1.046548e-03,-1.410596e-03,-9.909789e-04,-8.024900e-05,-1.394553e-03,4.787803e-05,1.269309e-03,-1.400921e-03,1.340815e-01,5.458251e-02,7.532856e-03,3.808037e-03,1.324949e-02,1.659183e-02,1.777715e-02,1.704117e-02,1.725072e-02,1.666834e-02,1.620034e-02,1.452965e-02,1.326926e-02,1.356160e-02,1.451003e-02,1.668749e-02,1.716928e-02,1.722657e-02,1.683319e-02,1.736651e-02,1.730743e-02,1.763527e-02,1.729002e-02,1.668879e-02,1.605587e-02,1.542352e-02,1.485828e-02,1.448157e-02,1.415630e-02,1.380775e-02,1.345832e-02,1.315539e-02,1.274001e-02,-4.826645e-03,-3.748797e-03,-2.668940e-03,-1.575227e-03,-3.356724e-04,7.936882e-04,1.806700e-03,2.361894e-03,2.147654e-03,1.657477e-03,1.133375e-03,7.110694e-04,3.453461e-04,1.269137e-04,3.824508e-05,-4.093170e-06,3.220382e-05,1.815819e-04,3.214409e-04,6.719984e-05,-3.704234e-04,-4.864826e-04,-3.895540e-04,-2.614616e-04,-1.014245e-04,7.083592e-05,2.405757e-04,3.936429e-04,5.085872e-04,5.375773e-04,5.814374e-04,6.808150e-04,7.688863e-04,-3.207585e-02,-2.243558e-02,-1.262028e-02,-5.358159e-03,-5.912021e-04,2.056815e-03,3.146961e-03,3.287668e-03,3.129736e-03,2.599139e-03,1.850033e-03,1.203544e-03,7.633557e-04,5.304632e-04,3.626567e-04,-1.861515e-05,-4.734600e-04,-4.152754e-04,-4.408747e-05,2.180561e-04,3.645123e-04,3.127736e-04,1.135665e-04,-4.323911e-05,-1.652081e-04,-2.351711e-04,-2.461507e-04,-1.751358e-04,-5.382184e-05,7.332634e-05,1.692053e-04,2.246206e-04,2.702220e-04,7.217545e-04,7.903063e-04,8.590182e-04,9.124655e-04,9.355920e-04,9.461212e-04,9.126378e-04,8.471414e-04,8.072823e-04,7.651097e-04,7.268651e-04,7.037938e-04,6.963901e-04,7.139771e-04,7.547706e-04,8.040985e-04,8.426235e-04,8.564102e-04,8.389724e-04,8.408996e-04,8.649751e-04,8.568817e-04,8.406696e-04,8.276579e-04,8.146817e-04,8.048470e-04,7.995573e-04,8.007555e-04,8.099073e-04,8.126092e-04,8.053620e-04,7.912460e-04,7.771638e-04,1.793306e-03,1.186046e-03,5.494581e-04,2.755513e-04,2.314637e-04,2.875188e-04,3.958050e-04,4.885457e-04,5.182509e-04,5.385213e-04,5.481465e-04,5.397801e-04,5.159543e-04,4.943264e-04,4.961339e-04,5.288971e-04,5.981895e-04,6.009151e-04,5.692716e-04,5.698450e-04,6.027897e-04,6.597960e-04,7.126665e-04,7.314920e-04,7.255758e-04,6.981840e-04,6.543213e-04,5.980752e-04,5.354338e-04,4.503138e-04,3.379517e-04,2.074067e-04,7.551535e-05
1.087275e-03,-1.356042e-04,-1.574356e-03,-5.886720e-06,-1.063611e-03,-1.466128e-03,-1.019637e-03,-6.771551e-05,-1.459688e-03,5.400894e-05,1.343003e-03,-1.459378e-03,5.458251e-02,3.903592e-02,1.599136e-02,1.302862e-02,1.569822e-02,1.698309e-02,1.785746e-02,1.759808e-02,1.783023e-02,1.678456e-02,1.601870e-02,1.460739e-02,1.383414e-02,1.433710e-02,1.531026e-02,1.744814e-02,1.781514e-02,1.788204e-02,1.750823e-02,1.807068e-02,1.800561e-02,1.834334e-02,1.799088e-02,1.737087e-02,1.671731e-02,1.606218e-02,1.547395e-02,1.507716e-02,1.473080e-02,1.435918e-02,1.398396e-02,1.365872e-02,1.321636e-02,-9.322054e-04,-7.611506e-04,-5.906570e-04,-4.025705e-04,-1.415210e-04,3.285845e-04,9.474051e-04,1.282252e-03,1.066918e-03,7.437819e-04,4.675278e-04,2.812749e-04,9.881897e-05,8.705921e-06,-5.709573e-06,-1.272507e-05,3.198741e-05,1.770918e-04,3.070953e-04,2.813817e-05,-4.390424e-04,-5.683558e-04,-4.711424e-04,-3.372180e-04,-1.668853e-04,1.825814e-05,2.017649e-04,3.678827e-04,4.929767e-04,5.269931e-04,5.759684e-04,6.826622e-04,7.776177e-04,-1.639876e-02,-1.095639e-02,-5.389587e-03,-1.631990e-03,4.032544e-04,1.384109e-03,1.697146e-03,1.672130e-03,1.701437e-03,1.543106e-03,1.219956e-03,9.358437e-04,7.464796e-04,6.289416e-04,4.750168e-04,3.904537e-05,-4.904738e-04,-4.765053e-04,-1.223211e-04,1.327160e-04,2.773798e-04,2.220446e-04,1.626049e-05,-1.434429e-04,-2.654364e-04,-3.323999e-04,-3.375912e-04,-2.576467e-04,-1.259001e-04,1.244731e-05,1.186518e-04,1.829965e-04,2.371036e-04,6.473021e-04,7.235488e-04,7.997173e-04,8.672192e-04,9.338819e-04,9.710360e-04,9.486320e-04,8.813925e-04,8.280062e-04,7.676910e-04,7.138678e-04,6.840650e-04,6.764317e-04,6.970678e-04,7.414306e-04,7.930515e-04,8.322474e-04,8.435079e-04,8.222976e-04,8.235178e-04,8.496195e-04,8.420900e-04,8.250295e-04,8.103902e-04,7.953135e-04,7.834300e-04,7.766159e-04,7.772755e-04,7.874356e-04,7.960589e-04,7.966027e-04,7.905130e-04,7.844491e-04,1.499040e-03,1.085862e-03,6.490862e-04,4.835071e-04,4.979757e-04,5.624114e-04,6.390486e-04,6.856814e-04,6.756149e-04,6.674920e-04,6.573736e-04,6.393755e-04,6.175547e-04,6.045511e-04,6.155108e-04,6.606808e-04,7.417493e-04,7.495140e-04,7.189076e-04,7.222700e-04,7.571382e-04,8.127859e-04,8.603004e-04,8.700949e-04,8.534743e-04,8.153580e-04,7.624733e-04,7.007018e-04,6.374659e-04,5.581856e-04,4.536799e-04,3.278908e-04,2.008453e-04
1.102980e-03,-9.469007e-05,-1.586557e-03,7.847100e-06,-1.029649e-03,-1.502249e-03,-1.021450e-03,-2.190404e-05,-1.485538e-03,5.925892e-05,1.397017e-03,-1.451744e-03,7.532856e-03,1.599136e-02,2.701967e-02,2.142311e-02,1.777310e-02,1.676556e-02,1.738815e-02,1.759083e-02,1.791297e-02,1.649521e-02,1.548570e-02,1.435294e-02,1.402722e-02,1.468706e-02,1.565247e-02,1.771296e-02,1.796921e-02,1.804524e-02,1.769808e-02,1.827152e-02,1.820148e-02,1.854018e-02,1.818858e-02,1.756802e-02,1.691377e-02,1.625638e-02,1.566390e-02,1.525923e-02,1.490353e-02,1.451866e-02,1.412416e-02,1.378022e-02,1.331876e-02,2.130039e-03,1.527802e-03,9.225701e-04,3.400927e-04,-2.380430e-04,-2.886712e-04,4.137164e-05,2.320375e-04,6.186103e-05,-8.275379e-05,-1.241046e-04,-9.877389e-05,-1.204534e-04,-9.989418e-05,-5.131472e-05,-2.880289e-05,2.160628e-05,1.596748e-04,2.792929e-04,-1.273228e-05,-4.921750e-04,-6.267996e-04,-5.288087e-04,-3.908347e-04,-2.141979e-04,-2.177686e-05,1.687348e-04,3.404618e-04,4.681189e-04,5.019029e-04,5.495628e-04,6.551252e-04,7.489213e-04,-5.638447e-04,7.946091e-04,2.223202e-03,2.481526e-03,1.726522e-03,9.570754e-04,3.967637e-04,1.083829e-04,2.382688e-04,3.892714e-04,4.517703e-04,5.068950e-04,5.578592e-04,5.554949e-04,4.238066e-04,-4.955664e-05,-6.325390e-04,-6.584912e-04,-3.284626e-04,-8.660961e-05,5.224046e-05,-5.501487e-06,-2.119153e-04,-3.693457e-04,-4.870129e-04,-5.481348e-04,-5.465826e-04,-4.596166e-04,-3.210726e-04,-1.755937e-04,-6.282046e-05,8.206987e-06,6.890763e-05,5.399850e-04,6.204664e-04,7.005893e-04,7.788844e-04,8.871262e-04,9.516056e-04,9.452761e-04,8.831202e-04,8.210168e-04,7.452126e-04,6.771924e-04,6.423431e-04,6.345778e-04,6.569439e-04,7.003615e-04,7.475012e-04,7.810652e-04,7.864792e-04,7.634424e-04,7.688519e-04,8.030274e-04,8.034189e-04,7.918260e-04,7.799086e-04,7.650892e-04,7.512893e-04,7.406492e-04,7.359338e-04,7.391756e-04,7.454246e-04,7.441003e-04,7.359038e-04,7.278939e-04,1.013856e-03,7.925421e-04,5.540956e-04,5.078852e-04,5.960544e-04,6.812928e-04,7.340824e-04,7.382025e-04,6.898215e-04,6.534648e-04,6.227431e-04,5.928784e-04,5.675250e-04,5.553976e-04,5.661354e-04,6.189706e-04,7.118041e-04,7.311468e-04,7.104452e-04,7.230285e-04,7.618179e-04,8.148811e-04,8.555508e-04,8.558235e-04,8.286721e-04,7.806131e-04,7.198953e-04,6.542944e-04,5.917016e-04,5.182145e-04,4.231095e-04,3.018593e-04,1.796652e-04
1.079223e-03,-8.409173e-05,-1.536979e-03,2.119966e-05,-9.858198e-04,-1.458531e-03,-9.838440e-04,-9.859714e-06,-1.454709e-03,6.215600e-05,1.375538e-03,-1.418425e-03,3.808037e-03,1.302862e-02,2.142311e-02,2.901554e-02,1.884335e-02,1.660071e-02,1.657156e-02,1.713780e-02,1.744435e-02,1.572370e-02,1.444051e-02,1.346697e-02,1.357827e-02,1.446236e-02,1.542743e-02,1.732577e-02,1.746368e-02,1.753571e-02,1.722980e-02,1.779647e-02,1.772155e-02,1.804663e-02,1.771096e-02,1.711182e-02,1.647938e-02,1.584166e-02,1.526418e-02,1.486468e-02,1.450995e-02,1.412756e-02,1.373256e-02,1.338971e-02,1.293235e-02,1.049831e-02,8.289710e-03,6.075899e-03,3.891277e-03,1.650716e-03,2.493751e-04,-3.366769e-04,-6.727273e-04,-9.911176e-04,-1.032069e-03,-8.346344e-04,-5.451544e-04,-3.463391e-04,-1.719830e-04,-4.093970e-05,1.452272e-05,6.106261e-05,1.730220e-04,2.615693e-04,-4.879851e-05,-5.362647e-04,-6.818998e-04,-5.933225e-04,-4.593128e-04,-2.827673e-04,-8.753994e-05,1.075318e-04,2.845020e-04,4.168884e-04,4.554801e-04,5.067280e-04,6.142663e-04,7.103829e-04,2.620752e-03,2.580992e-03,2.573540e-03,1.774377e-03,2.308979e-04,-8.561672e-04,-1.350178e-03,-1.351409e-03,-8.667845e-04,-3.373858e-04,7.564055e-05,3.924569e-04,6.026696e-04,6.562416e-04,5.137668e-04,4.427609e-06,-6.193572e-04,-6.889078e-04,-3.952024e-04,-1.726614e-04,-4.039950e-05,-9.392216e-05,-2.901829e-04,-4.376042e-04,-5.455816e-04,-5.982367e-04,-5.900386e-04,-4.993408e-04,-3.593687e-04,-2.120117e-04,-9.565944e-05,-1.948917e-05,4.660818e-05,4.121694e-04,4.964128e-04,5.799767e-04,6.685165e-04,8.173908e-04,9.142570e-04,9.214407e-04,8.591676e-04,7.854520e-04,6.957911e-04,6.160262e-04,5.750050e-04,5.657682e-04,5.890406e-04,6.343715e-04,6.825557e-04,7.162623e-04,7.200269e-04,6.952379e-04,6.993657e-04,7.328902e-04,7.338262e-04,7.225877e-04,7.104701e-04,6.951979e-04,6.807821e-04,6.695211e-04,6.642773e-04,6.673565e-04,6.768756e-04,6.806808e-04,6.784663e-04,6.763970e-04,9.500357e-04,8.038207e-04,6.456922e-04,6.267375e-04,7.290052e-04,8.123726e-04,8.494587e-04,8.359364e-04,7.760964e-04,7.295653e-04,6.910156e-04,6.595785e-04,6.398906e-04,6.361273e-04,6.529559e-04,7.111973e-04,8.068372e-04,8.281568e-04,8.088694e-04,8.230593e-04,8.615131e-04,9.104095e-04,9.437852e-04,9.357357e-04,9.003463e-04,8.453320e-04,7.800986e-04,7.136591e-04,6.548619e-04,5.922309e-04,5.111887e-04,4.030419e-04,2.940814e-04
