6.369307e-04,-2.413968e-06,4.024620e-05,4.306509e-04,-8.014960e-05,-1.257980e-04,3.608864e-04,2.727126e-06,-2.138602e-04,4.479840e-04,8.234673e-05,-7.171696e-05,1.216731e-03,1.275998e-03,1.345491e-03,1.289109e-03,1.301324e-03,1.207820e-03,1.192985e-03,1.290425e-03,1.264477e-03,1.319838e-03,1.305584e-03,1.229145e-03,1.167312e-03,1.034016e-03,9.397331e-04,9.639522e-04,1.077094e-03,1.279627e-03,1.289091e-03,1.270796e-03,1.303788e-03,1.258944e-03,1.289966e-03,1.221771e-03,1.212016e-03,1.288056e-03,1.223708e-03,1.192335e-03,1.134091e-03,1.034113e-03,9.149605e-04,8.159363e-04,7.118664e-04,-1.944224e-03,-1.969160e-03,-1.994310e-03,-2.018622e-03,-2.046319e-03,-2.058948e-03,-2.028736e-03,-1.967596e-03,-1.896656e-03,-1.878533e-03,-1.884874e-03,-1.883172e-03,-1.869421e-03,-1.860437e-03,-1.863207e-03,-1.870832e-03,-1.888172e-03,-1.906203e-03,-1.922812e-03,-1.934753e-03,-1.936613e-03,-1.942171e-03,-1.976985e-03,-2.008809e-03,-2.012730e-03,-1.984146e-03,-1.937660e-03,-1.905840e-03,-1.878837e-03,-1.861834e-03,-1.841028e-03,-1.819116e-03,-1.797319e-03,-1.885426e-04,-1.174996e-04,-4.532796e-05,1.019434e-05,2.491295e-05,2.518308e-05,4.303299e-05,7.025979e-05,1.001409e-04,1.241775e-04,1.341425e-04,1.111132e-04,6.803246e-05,3.146532e-05,-5.263930e-06,-3.083875e-05,-6.348161e-05,-1.131000e-04,-1.546672e-04,-1.594155e-04,-1.294636e-04,-8.467295e-05,-5.054090e-05,-2.805833e-05,-2.315600e-05,-4.430126e-05,-7.344931e-05,-7.824943e-05,-6.777429e-05,-4.307742e-05,-9.745521e-06,2.248492e-05,5.482348e-05,1.475889e-03,1.318278e-03,1.161506e-03,9.962527e-04,8.378614e-04,6.919706e-04,5.910660e-04,5.710746e-04,5.946372e-04,6.365397e-04,6.489942e-04,6.208437e-04,5.710683e-04,5.207562e-04,4.944207e-04,5.305678e-04,6.598693e-04,7.890519e-04,8.536586e-04,8.606067e-04,8.366144e-04,7.801323e-04,7.227427e-04,6.804675e-04,6.848109e-04,7.032250e-04,6.838332e-04,6.256660e-04,5.255345e-04,3.982760e-04,2.473682e-04,1.302151e-04,1.146455e-05,-2.840543e-04,-3.196858e-04,-3.559324e-04,-3.886327e-04,-4.040478e-04,-3.840616e-04,-3.261057e-04,-2.585847e-04,-1.977488e-04,-1.552005e-04,-1.487032e-04,-1.739261e-04,-2.023123e-04,-1.990023e-04,-2.111263e-04,-2.205642e-04,-2.502666e-04,-2.994826e-04,-3.520902e-04,-3.943330e-04,-3.942234e-04,-3.407701e-04,-2.466628e-04,-1.336704e-04,-2.643782e-05,4.799216e-05,7.541083e-05,4.373879e-05,-3.797852e-05,-1.432947e-04,-2.669326e-04,-4.144472e-04,-5.575190e-04
-2.413968e-06,7.187723e-04,-9.081894e-06,-2.340102e-07,4.751037e-04,-3.365240e-04,-2.562661e-05,5.704620e-04,-4.191703e-05,1.634885e-05,4.127680e-04,4.030037e-04,-1.251669e-04,-1.622168e-04,-1.798119e-04,-1.728838e-04,-1.905579e-04,-2.268701e-04,-2.382368e-04,-2.329678e-04,-2.133778e-04,-2.386120e-04,-1.898702e-04,-1.997530e-04,-1.881197e-04,-2.002064e-04,-1.734322e-04,-1.376010e-04,-1.032448e-04,-1.388959e-04,-1.891118e-04,-2.110931e-04,-2.125696e-04,-2.081188e-04,-2.139739e-04,-2.023231e-04,-1.719923e-04,-1.809450e-04,-1.646053e-04,-1.806059e-04,-1.829914e-04,-1.279166e-04,-9.797883e-05,-5.044147e-05,2.634541e-05,4.940894e-04,4.123484e-04,3.304562e-04,2.491788e-04,1.656898e-04,9.294645e-05,3.090854e-05,-1.293273e-05,-3.081580e-05,-2.843990e-05,-2.518421e-05,-3.298162e-05,-3.941467e-05,-3.721925e-05,-4.445925e-05,-4.654329e-05,-5.229039e-05,-6.259627e-05,-7.299156e-05,-8.091682e-05,-8.221605e-05,-6.611445e-05,-4.249344e-05,-1.343595e-05,1.409580e-05,3.220548e-05,3.230938e-05,2.572276e-05,-3.853993e-06,-5.991938e-05,-1.363972e-04,-2.272182e-04,-3.156158e-04,-3.004841e-03,-2.993201e-03,-2.982278e-03,-2.951791e-03,-2.917598e-03,-2.876079e-03,-2.835595e-03,-2.798253e-03,-2.759272e-03,-2.716011e-03,-2.663943e-03,-2.602297e-03,-2.561830e-03,-2.538420e-03,-2.539481e-03,-2.570199e-03,-2.604555e-03,-2.638930e-03,-2.642527e-03,-2.653654e-03,-2.667359e-03,-2.670279e-03,-2.670040e-03,-2.665516e-03,-2.657277e-03,-2.644497e-03,-2.626334e-03,-2.620287e-03,-2.617894e-03,-2.604499e-03,-2.582600e-03,-2.543118e-03,-2.501423e-03,-6.227599e-04,-6.434685e-04,-6.624563e-04,-6.883672e-04,-7.107569e-04,-6.923786e-04,-6.092540e-04,-4.936596e-04,-3.747791e-04,-2.813228e-04,-2.336972e-04,-2.494835e-04,-3.145288e-04,-3.814863e-04,-4.399904e-04,-4.448446e-04,-4.668198e-04,-5.424741e-04,-6.315100e-04,-6.856952e-04,-6.679589e-04,-5.807654e-04,-4.480474e-04,-2.943089e-04,-1.475566e-04,-5.720010e-05,-2.403168e-05,-5.055001e-05,-1.354039e-04,-2.758120e-04,-5.027315e-04,-7.779313e-04,-1.045716e-03,-2.265776e-03,-2.079471e-03,-1.892648e-03,-1.712903e-03,-1.542960e-03,-1.395963e-03,-1.283872e-03,-1.237189e-03,-1.263788e-03,-1.357490e-03,-1.480401e-03,-1.598147e-03,-1.674795e-03,-1.739309e-03,-1.810945e-03,-1.866527e-03,-1.935742e-03,-1.939187e-03,-1.877080e-03,-1.748256e-03,-1.596585e-03,-1.458738e-03,-1.370056e-03,-1.356777e-03,-1.408762e-03,-1.480504e-03,-1.551561e-03,-1.616143e-03,-1.668425e-03,-1.741315e-03,-1.796296e-03,-1.887748e-03,-1.979001e-03
4.024620e-05,-9.081894e-06,6.677145e-04,3.564735e-04,6.618434e-05,1.866625e-04,1.961065e-04,-5.874496e-05,-3.353039e-04,3.662840e-04,-1.464657e-04,1.062366e-04,-1.580639e-03,-1.706418e-03,-1.847700e-03,-1.778352e-03,-1.778908e-03,-1.719528e-03,-1.642118e-03,-1.753418e-03,-1.686698e-03,-1.737635e-03,-1.800066e-03,-1.613416e-03,-1.477778e-03,-1.376050e-03,-1.376214e-03,-1.444630e-03,-1.572590e-03,-1.772534e-03,-1.753440e-03,-1.758001e-03,-1.770930e-03,-1.690948e-03,-1.785545e-03,-1.771620e-03,-1.776874e-03,-1.785416e-03,-1.585450e-03,-1.456642e-03,-1.384264e-03,-1.372663e-03,-1.424384e-03,-1.465177e-03,-1.495638e-03,-1.863643e-03,-1.800433e-03,-1.737113e-03,-1.674199e-03,-1.609329e-03,-1.551811e-03,-1.548979e-03,-1.625309e-03,-1.699696e-03,-1.725973e-03,-1.701790e-03,-1.647400e-03,-1.593558e-03,-1.555421e-03,-1.536034e-03,-1.529838e-03,-1.550433e-03,-1.583367e-03,-1.625936e-03,-1.672106e-03,-1.718098e-03,-1.722481e-03,-1.673147e-03,-1.587590e-03,-1.544452e-03,-1.543633e-03,-1.548055e-03,-1.547650e-03,-1.549552e-03,-1.554011e-03,-1.552545e-03,-1.557456e-03,-1.561364e-03,4.104364e-04,2.959756e-04,1.795702e-04,9.245682e-05,7.291629e-05,1.091179e-04,1.520365e-04,1.889132e-04,2.125213e-04,2.171802e-04,1.927977e-04,1.581518e-04,1.471546e-04,1.548201e-04,1.604333e-04,1.757521e-04,2.108064e-04,2.766325e-04,3.375871e-04,3.495600e-04,3.227887e-04,3.007461e-04,2.980092e-04,3.087728e-04,3.310290e-04,3.644695e-04,3.745387e-04,3.539600e-04,3.113956e-04,2.676410e-04,2.330748e-04,2.011207e-04,1.712051e-04,-4.430076e-03,-4.550025e-03,-4.671173e-03,-4.775340e-03,-4.889213e-03,-4.985769e-03,-5.049379e-03,-5.063759e-03,-5.002203e-03,-4.895269e-03,-4.750421e-03,-4.569726e-03,-4.421805e-03,-4.334588e-03,-4.317945e-03,-4.371342e-03,-4.449306e-03,-4.564351e-03,-4.681759e-03,-4.820601e-03,-4.954810e-03,-5.057399e-03,-5.126997e-03,-5.123800e-03,-5.046781e-03,-4.915781e-03,-4.743522e-03,-4.581108e-03,-4.455641e-03,-4.361562e-03,-4.294441e-03,-4.203236e-03,-4.112156e-03,2.834703e-04,2.402664e-04,1.974370e-04,1.550752e-04,1.325902e-04,1.430631e-04,1.914939e-04,2.544765e-04,3.120350e-04,3.540188e-04,3.593364e-04,3.302276e-04,2.956965e-04,2.894733e-04,2.847309e-04,2.956132e-04,2.942067e-04,2.606904e-04,2.075273e-04,1.666730e-04,1.672981e-04,2.103060e-04,2.881554e-04,3.801537e-04,4.666194e-04,5.184400e-04,5.262249e-04,4.913626e-04,4.184917e-04,3.290865e-04,2.172772e-04,8.631721e-05,-4.092921e-05
4.306509e-04,-2.340102e-07,3.564735e-04,6.962540e-04,-2.877107e-05,-2.558259e-06,4.278488e-04,-2.597683e-05,-3.788799e-04,5.804886e-04,-1.304322e-05,3.466734e-06,9.709428e-05,8.366266e-05,6.993719e-05,7.478583e-05,8.871607e-05,5.200212e-05,8.394854e-05,8.506557e-05,8.842039e-05,9.585409e-05,4.885289e-05,9.961587e-05,1.415804e-04,8.982028e-05,1.196042e-05,-1.312314e-05,-1.136594e-06,5.523083e-05,8.709693e-05,8.074789e-05,1.035954e-04,1.103858e-04,6.757407e-05,1.684392e-05,3.154929e-07,5.338054e-05,1.087748e-04,1.514441e-04,1.547799e-04,9.297853e-05,-1.588892e-05,-1.071412e-04,-1.970445e-04,-2.806653e-03,-2.775484e-03,-2.744408e-03,-2.712948e-03,-2.682874e-03,-2.645923e-03,-2.610720e-03,-2.602160e-03,-2.588366e-03,-2.592405e-03,-2.588184e-03,-2.556345e-03,-2.509588e-03,-2.472108e-03,-2.454068e-03,-2.451730e-03,-2.476405e-03,-2.511248e-03,-2.552788e-03,-2.594333e-03,-2.629099e-03,-2.641839e-03,-2.645703e-03,-2.626919e-03,-2.610554e-03,-2.591244e-03,-2.558757e-03,-2.533305e-03,-2.511162e-03,-2.493498e-03,-2.465096e-03,-2.439303e-03,-2.413112e-03,5.367898e-05,5.028390e-05,4.675585e-05,4.651309e-05,5.200332e-05,7.775647e-05,1.187461e-04,1.612122e-04,1.965725e-04,2.154281e-04,2.064178e-04,1.629996e-04,1.164361e-04,8.884912e-05,6.341012e-05,5.457282e-05,4.940451e-05,4.472893e-05,4.031033e-05,3.592917e-05,3.656830e-05,5.434317e-05,7.812808e-05,1.026509e-04,1.215135e-04,1.268619e-04,1.133850e-04,1.034614e-04,9.523439e-05,1.002992e-04,1.157815e-04,1.305679e-04,1.467050e-04,-1.370470e-03,-1.552417e-03,-1.734354e-03,-1.913280e-03,-2.088752e-03,-2.244710e-03,-2.371630e-03,-2.438950e-03,-2.439826e-03,-2.380674e-03,-2.308764e-03,-2.244159e-03,-2.197786e-03,-2.138711e-03,-2.061580e-03,-1.993805e-03,-1.909571e-03,-1.873471e-03,-1.901784e-03,-1.993915e-03,-2.115826e-03,-2.238777e-03,-2.328035e-03,-2.361613e-03,-2.340903e-03,-2.299555e-03,-2.262452e-03,-2.229717e-03,-2.204561e-03,-2.155965e-03,-2.112887e-03,-2.036061e-03,-1.960339e-03,-1.544140e-04,-1.971242e-04,-2.401754e-04,-2.791276e-04,-2.856096e-04,-2.390724e-04,-1.584702e-04,-9.082628e-05,-4.405591e-05,-7.429416e-06,-1.326567e-05,-6.734954e-05,-1.168230e-04,-8.482399e-05,-3.158945e-05,1.657256e-05,1.679873e-06,-6.918080e-05,-1.609759e-04,-2.385975e-04,-2.595927e-04,-1.990998e-04,-6.546554e-05,9.272275e-05,2.146483e-04,2.660698e-04,2.521650e-04,1.915956e-04,1.081662e-04,5.433088e-05,1.678615e-06,-8.870289e-05,-1.729383e-04
-8.014960e-05,4.751037e-04,6.618434e-05,-2.877107e-05,6.682118e-04,-7.016336e-05,4.523993e-05,4.552433e-04,1.077920e-04,-1.703829e-05,3.903945e-04,2.293496e-04,-1.051331e-03,-1.156950e-03,-1.262207e-03,-1.216252e-03,-1.248130e-03,-1.212112e-03,-1.197844e-03,-1.275148e-03,-1.232041e-03,-1.282063e-03,-1.246808e-03,-1.145993e-03,-1.068557e-03,-1.010718e-03,-9.763678e-04,-9.910353e-04,-1.043160e-03,-1.200094e-03,-1.213891e-03,-1.220996e-03,-1.250899e-03,-1.213081e-03,-1.283033e-03,-1.246114e-03,-1.220343e-03,-1.246630e-03,-1.119952e-03,-1.065538e-03,-1.026843e-03,-9.477307e-04,-9.100018e-04,-8.580389e-04,-7.772107e-04,1.454479e-04,1.581003e-04,1.708116e-04,1.833039e-04,1.969005e-04,2.062349e-04,1.813746e-04,1.271392e-04,8.115616e-05,7.888998e-05,9.682723e-05,1.047299e-04,1.017424e-04,1.017779e-04,9.381574e-05,9.106736e-05,8.413117e-05,7.212112e-05,5.785409e-05,4.338803e-05,2.962208e-05,4.663687e-05,1.004031e-04,1.648299e-04,2.007110e-04,2.009993e-04,1.781795e-04,1.569329e-04,1.167700e-04,5.405525e-05,-2.639727e-05,-1.209375e-04,-2.131464e-04,-2.260311e-03,-2.307541e-03,-2.356877e-03,-2.375643e-03,-2.349243e-03,-2.294994e-03,-2.251506e-03,-2.219468e-03,-2.194595e-03,-2.172551e-03,-2.149629e-03,-2.107913e-03,-2.064958e-03,-2.030664e-03,-2.014912e-03,-2.024418e-03,-2.028447e-03,-2.017898e-03,-1.991695e-03,-2.006874e-03,-2.052081e-03,-2.088170e-03,-2.101798e-03,-2.097566e-03,-2.076484e-03,-2.037368e-03,-2.000979e-03,-1.997387e-03,-2.014020e-03,-2.029575e-03,-2.036761e-03,-2.028016e-03,-2.016819e-03,6.894775e-05,1.180310e-05,-4.566546e-05,-9.579415e-05,-1.162768e-04,-9.051854e-05,-1.753473e-05,7.680578e-05,1.637505e-04,2.192241e-04,2.306723e-04,2.012304e-04,1.583911e-04,1.339361e-04,9.804809e-05,8.119611e-05,5.910774e-05,1.998546e-05,-2.347931e-05,-5.416184e-05,-4.282474e-05,1.662193e-05,1.108935e-04,2.201471e-04,3.302314e-04,4.073089e-04,4.337758e-04,3.977831e-04,3.020093e-04,1.685288e-04,7.808944e-06,-1.721726e-04,-3.483074e-04,4.773235e-04,5.852986e-04,6.930074e-04,7.945244e-04,9.154051e-04,1.026366e-03,1.101814e-03,1.128523e-03,1.075857e-03,9.582293e-04,7.919661e-04,6.163680e-04,5.104645e-04,4.657897e-04,4.334307e-04,4.204503e-04,4.303834e-04,5.203486e-04,6.392098e-04,7.792932e-04,9.094405e-04,1.006754e-03,1.064721e-03,1.046385e-03,9.719132e-04,8.761682e-04,7.485956e-04,6.139762e-04,4.948301e-04,3.917125e-04,3.640373e-04,3.351849e-04,3.031337e-04
-1.257980e-04,-3.365240e-04,1.866625e-04,-2.558259e-06,-7.016336e-05,6.167809e-04,1.213615e-04,-3.362011e-04,1.866908e-04,-1.125634e-05,-1.631761e-04,-3.401169e-04,-1.600429e-03,-1.686936e-03,-1.809466e-03,-1.757236e-03,-1.767633e-03,-1.645293e-03,-1.590515e-03,-1.712820e-03,-1.673399e-03,-1.714027e-03,-1.765428e-03,-1.591852e-03,-1.482685e-03,-1.339902e-03,-1.314189e-03,-1.384974e-03,-1.539823e-03,-1.759723e-03,-1.716388e-03,-1.707052e-03,-1.750310e-03,-1.680370e-03,-1.748362e-03,-1.688803e-03,-1.700839e-03,-1.749458e-03,-1.607484e-03,-1.526371e-03,-1.458226e-03,-1.417564e-03,-1.369700e-03,-1.331615e-03,-1.297747e-03,-5.669103e-04,-4.421963e-04,-3.171414e-04,-1.934714e-04,-6.463316e-05,4.021400e-05,7.798974e-05,4.026212e-05,-2.313537e-05,-4.557532e-05,-2.912815e-05,6.867439e-07,1.597310e-05,1.926335e-05,2.758260e-05,3.548761e-05,4.161520e-05,4.558707e-05,4.395139e-05,3.519643e-05,1.384728e-05,5.927124e-06,3.915893e-05,8.094991e-05,7.642562e-05,3.130697e-05,-1.168336e-05,-3.067666e-05,-2.775624e-05,-3.022798e-06,3.257414e-05,7.082819e-05,1.084983e-04,1.823175e-03,1.746141e-03,1.667323e-03,1.596686e-03,1.584367e-03,1.600406e-03,1.603592e-03,1.595921e-03,1.573936e-03,1.538410e-03,1.485495e-03,1.440097e-03,1.434025e-03,1.444472e-03,1.468246e-03,1.511048e-03,1.576478e-03,1.671365e-03,1.734511e-03,1.743795e-03,1.706710e-03,1.656989e-03,1.627584e-03,1.613537e-03,1.617140e-03,1.642314e-03,1.653530e-03,1.637436e-03,1.604770e-03,1.555751e-03,1.505069e-03,1.449158e-03,1.393394e-03,2.905428e-04,3.207759e-04,3.512284e-04,3.786084e-04,3.841855e-04,3.572455e-04,3.037383e-04,2.415782e-04,1.836172e-04,1.370189e-04,1.185606e-04,1.310211e-04,1.554018e-04,1.627325e-04,1.775546e-04,1.841165e-04,2.015869e-04,2.374036e-04,2.783334e-04,3.095903e-04,3.090552e-04,2.679264e-04,1.922306e-04,1.002157e-04,1.698248e-05,-3.201244e-05,-4.287251e-05,-1.521164e-05,4.783729e-05,1.286811e-04,2.245393e-04,3.338615e-04,4.403243e-04,4.599870e-03,4.470631e-03,4.342982e-03,4.201802e-03,4.062150e-03,3.927844e-03,3.825085e-03,3.783727e-03,3.770897e-03,3.788727e-03,3.789775e-03,3.738672e-03,3.668016e-03,3.631738e-03,3.672415e-03,3.778035e-03,3.938544e-03,4.062611e-03,4.103075e-03,4.091241e-03,4.052834e-03,3.989078e-03,3.938966e-03,3.902694e-03,3.891559e-03,3.866455e-03,3.800943e-03,3.733387e-03,3.674004e-03,3.643270e-03,3.596263e-03,3.563951e-03,3.531164e-03
3.608864e-04,-2.562661e-05,1.961065e-04,4.278488e-04,4.523993e-05,1.213615e-04,6.465974e-04,-2.769629e-05,-4.058451e-05,4.413686e-04,-9.791846e-05,8.327756e-05,-1.162074e-03,-1.231206e-03,-1.311346e-03,-1.274471e-03,-1.273594e-03,-1.234752e-03,-1.144886e-03,-1.217488e-03,-1.177158e-03,-1.205423e-03,-1.256966e-03,-1.086033e-03,-9.733822e-04,-9.361949e-04,-9.936722e-04,-1.060783e-03,-1.156256e-03,-1.268734e-03,-1.229312e-03,-1.225666e-03,-1.228758e-03,-1.172839e-03,-1.261484e-03,-1.253946e-03,-1.273040e-03,-1.271860e-03,-1.116339e-03,-1.017152e-03,-9.536876e-04,-9.661101e-04,-1.030706e-03,-1.098857e-03,-1.156891e-03,-2.404856e-03,-2.312310e-03,-2.219688e-03,-2.127374e-03,-2.033783e-03,-1.945055e-03,-1.899224e-03,-1.927196e-03,-1.970080e-03,-1.993123e-03,-1.979219e-03,-1.941348e-03,-1.900537e-03,-1.866493e-03,-1.842278e-03,-1.826981e-03,-1.837852e-03,-1.861352e-03,-1.894921e-03,-1.932836e-03,-1.971559e-03,-1.977846e-03,-1.946467e-03,-1.893297e-03,-1.880113e-03,-1.897760e-03,-1.911971e-03,-1.916065e-03,-1.912912e-03,-1.901554e-03,-1.878213e-03,-1.861204e-03,-1.843204e-03,1.698496e-04,1.344543e-04,9.790680e-05,7.619662e-05,9.132674e-05,1.431926e-04,1.986119e-04,2.443272e-04,2.703471e-04,2.676006e-04,2.248456e-04,1.639711e-04,1.196075e-04,9.588645e-05,7.748459e-05,7.750544e-05,9.539698e-05,1.322728e-04,1.626676e-04,1.579295e-04,1.290749e-04,1.127730e-04,1.192750e-04,1.398299e-04,1.695052e-04,2.035419e-04,2.156255e-04,2.067072e-04,1.860326e-04,1.668484e-04,1.516924e-04,1.367638e-04,1.238515e-04,1.590751e-03,1.453841e-03,1.317742e-03,1.175496e-03,1.045848e-03,9.253090e-04,8.019473e-04,6.994846e-04,6.161464e-04,5.817443e-04,5.495385e-04,4.923372e-04,4.520870e-04,4.983091e-04,6.400290e-04,8.024952e-04,9.744958e-04,1.100473e-03,1.142984e-03,1.117979e-03,1.047830e-03,9.558456e-04,8.860208e-04,8.276517e-04,7.719562e-04,6.983557e-04,5.956347e-04,5.165041e-04,4.875024e-04,5.551802e-04,6.589324e-04,7.832120e-04,9.059737e-04,4.153176e-05,-3.938233e-06,-4.927063e-05,-9.219242e-05,-1.140491e-04,-9.837011e-05,-3.872151e-05,3.641617e-05,1.052694e-04,1.534868e-04,1.608027e-04,1.314826e-04,9.624110e-05,9.098563e-05,7.878968e-05,7.974865e-05,6.429682e-05,1.696783e-05,-4.506280e-05,-9.079428e-05,-8.743479e-05,-3.239037e-05,6.177444e-05,1.721510e-04,2.772624e-04,3.454398e-04,3.649151e-04,3.305699e-04,2.472172e-04,1.393841e-04,5.521047e-06,-1.519975e-04,-3.049852e-04
2.727126e-06,5.704620e-04,-5.874496e-05,-2.597683e-05,4.552433e-04,-3.362011e-04,-2.769629e-05,6.887594e-04,-4.300118e-06,-1.113808e-05,4.075646e-04,3.832519e-04,-9.472438e-05,-1.010815e-04,-8.606323e-05,-6.678106e-05,-7.163853e-05,-1.002076e-04,-1.137176e-04,-1.170090e-04,-1.203503e-04,-1.539899e-04,-9.886974e-05,-1.147434e-04,-9.753976e-05,-1.162073e-04,-9.612090e-05,-6.406063e-05,-2.336211e-05,-3.412203e-05,-6.752668e-05,-7.423061e-05,-7.535693e-05,-8.204186e-05,-1.042957e-04,-1.070386e-04,-8.080912e-05,-8.040758e-05,-6.324956e-05,-7.116665e-05,-7.217688e-05,-2.293495e-05,-8.058722e-06,1.955280e-05,7.400867e-05,3.867521e-04,3.383367e-04,2.897831e-04,2.418067e-04,1.918940e-04,1.515569e-04,1.187311e-04,1.004152e-04,9.964386e-05,1.094391e-04,1.099019e-04,9.613922e-05,8.449859e-05,8.494890e-05,7.864805e-05,7.726098e-05,7.251610e-05,6.363196e-05,5.444352e-05,4.715771e-05,4.521567e-05,6.014873e-05,8.286561e-05,1.097896e-04,1.388731e-04,1.616431e-04,1.647589e-04,1.570150e-04,1.225983e-04,6.097495e-05,-1.965749e-05,-1.136541e-04,-2.053959e-04,-2.829294e-03,-2.821743e-03,-2.814528e-03,-2.790793e-03,-2.769404e-03,-2.744196e-03,-2.722128e-03,-2.702705e-03,-2.678643e-03,-2.644789e-03,-2.594476e-03,-2.532404e-03,-2.492399e-03,-2.468981e-03,-2.468329e-03,-2.497136e-03,-2.533129e-03,-2.573312e-03,-2.583587e-03,-2.599414e-03,-2.616418e-03,-2.620113e-03,-2.616838e-03,-2.607629e-03,-2.594438e-03,-2.578335e-03,-2.556180e-03,-2.545451e-03,-2.540709e-03,-2.524864e-03,-2.502884e-03,-2.465205e-03,-2.425506e-03,1.177950e-04,1.317204e-05,-9.347855e-05,-1.811438e-04,-2.045801e-04,-1.523251e-04,-5.184400e-05,6.589536e-05,1.678573e-04,2.302284e-04,2.302376e-04,1.908480e-04,1.623530e-04,1.832896e-04,1.639718e-04,1.254897e-04,7.772008e-05,2.957862e-05,-1.839969e-05,-6.753329e-05,-7.652290e-05,-2.009125e-05,9.491553e-05,2.357596e-04,3.765941e-04,4.802058e-04,5.130670e-04,4.561219e-04,3.183678e-04,1.542462e-04,1.629075e-05,-1.182055e-04,-2.506072e-04,-2.222863e-03,-2.035481e-03,-1.847488e-03,-1.667753e-03,-1.501037e-03,-1.359965e-03,-1.254786e-03,-1.213529e-03,-1.242369e-03,-1.334817e-03,-1.452824e-03,-1.564502e-03,-1.638203e-03,-1.703661e-03,-1.773671e-03,-1.826297e-03,-1.891729e-03,-1.893682e-03,-1.831766e-03,-1.704982e-03,-1.557856e-03,-1.426606e-03,-1.345469e-03,-1.338654e-03,-1.395272e-03,-1.469689e-03,-1.540038e-03,-1.599660e-03,-1.643265e-03,-1.705959e-03,-1.753201e-03,-1.836127e-03,-1.918951e-03
-2.138602e-04,-4.191703e-05,-3.353039e-04,-3.788799e-04,1.077920e-04,1.866908e-04,-4.058451e-05,-4.300118e-06,7.167098e-04,-3.958071e-04,-1.283840e-04,1.101714e-04,-1.871457e-03,-1.937060e-03,-2.017334e-03,-1.965328e-03,-1.989524e-03,-1.866884e-03,-1.814986e-03,-1.930347e-03,-1.903464e-03,-1.966562e-03,-1.948581e-03,-1.786520e-03,-1.680286e-03,-1.529058e-03,-1.454776e-03,-1.514060e-03,-1.667190e-03,-1.928094e-03,-1.928261e-03,-1.916806e-03,-1.964580e-03,-1.902409e-03,-1.950602e-03,-1.850365e-03,-1.845220e-03,-1.940111e-03,-1.837413e-03,-1.788120e-03,-1.710920e-03,-1.591113e-03,-1.448708e-03,-1.323124e-03,-1.187514e-03,1.398424e-03,1.480703e-03,1.563265e-03,1.644671e-03,1.730477e-03,1.796353e-03,1.803452e-03,1.757892e-03,1.683494e-03,1.664386e-03,1.676617e-03,1.676181e-03,1.655701e-03,1.637192e-03,1.631112e-03,1.635257e-03,1.652661e-03,1.673381e-03,1.694669e-03,1.712932e-03,1.721062e-03,1.737822e-03,1.792478e-03,1.837816e-03,1.833753e-03,1.781297e-03,1.707804e-03,1.656097e-03,1.614530e-03,1.584335e-03,1.547973e-03,1.508501e-03,1.469464e-03,1.998359e-04,1.551015e-04,1.089775e-04,7.822838e-05,8.926222e-05,1.130527e-04,1.096441e-04,8.776257e-05,5.208287e-05,9.829199e-06,-3.172046e-05,-3.765780e-05,-1.196535e-05,1.539000e-05,4.621315e-05,6.882446e-05,1.057224e-04,1.677844e-04,2.172064e-04,2.141600e-04,1.669067e-04,1.060073e-04,6.575117e-05,4.409650e-05,4.626209e-05,8.051934e-05,1.201543e-04,1.274279e-04,1.178189e-04,9.036839e-05,5.678941e-05,2.704975e-05,-2.363704e-06,4.768069e-03,4.881060e-03,4.995331e-03,5.093729e-03,5.192845e-03,5.266153e-03,5.326428e-03,5.366399e-03,5.338716e-03,5.241184e-03,5.093356e-03,4.912824e-03,4.758831e-03,4.628034e-03,4.541992e-03,4.544935e-03,4.613892e-03,4.747917e-03,4.893809e-03,5.061763e-03,5.223399e-03,5.333842e-03,5.383187e-03,5.351108e-03,5.276794e-03,5.181745e-03,5.050990e-03,4.904589e-03,4.757532e-03,4.586660e-03,4.418040e-03,4.233213e-03,4.047720e-03,2.623947e-04,2.901764e-04,3.186343e-04,3.451674e-04,3.577367e-04,3.402696e-04,2.897826e-04,2.298554e-04,1.765883e-04,1.402338e-04,1.372170e-04,1.633549e-04,1.916034e-04,1.920508e-04,2.077132e-04,2.189938e-04,2.435380e-04,2.796983e-04,3.181278e-04,3.504157e-04,3.478418e-04,2.995453e-04,2.157705e-04,1.157519e-04,2.057734e-05,-4.645539e-05,-6.953861e-05,-3.676585e-05,4.209647e-05,1.439349e-04,2.595031e-04,3.943808e-04,5.256166e-04
4.479840e-04,1.634885e-05,3.662840e-04,5.804886e-04,-1.703829e-05,-1.125634e-05,4.413686e-04,-1.113808e-05,-3.958071e-04,7.556581e-04,7.434633e-06,1.076641e-05,1.581236e-04,1.297199e-04,1.022499e-04,8.485094e-05,9.569483e-05,3.756321e-05,7.837078e-05,1.146200e-04,1.521854e-04,1.824400e-04,1.275456e-04,1.635790e-04,1.728018e-04,1.180754e-04,3.130264e-05,2.322776e-05,4.683613e-05,9.640519e-05,1.105718e-04,9.434372e-05,1.152558e-04,1.244433e-04,9.875902e-05,5.046344e-05,4.667991e-05,1.077249e-04,1.800358e-04,2.329055e-04,2.221228e-04,1.223507e-04,-3.900035e-05,-1.894592e-04,-3.365591e-04,-2.697181e-03,-2.702849e-03,-2.708674e-03,-2.713865e-03,-2.721397e-03,-2.717359e-03,-2.701255e-03,-2.700731e-03,-2.687041e-03,-2.687511e-03,-2.675184e-03,-2.641329e-03,-2.602503e-03,-2.576466e-03,-2.567779e-03,-2.567430e-03,-2.590770e-03,-2.623940e-03,-2.663097e-03,-2.702225e-03,-2.734435e-03,-2.745991e-03,-2.750290e-03,-2.727740e-03,-2.703887e-03,-2.677327e-03,-2.637201e-03,-2.604389e-03,-2.574780e-03,-2.551480e-03,-2.519952e-03,-2.492074e-03,-2.463533e-03,-2.799845e-05,-3.202617e-05,-3.623777e-05,-3.752989e-05,-3.622467e-05,-1.300490e-05,3.494721e-05,9.018587e-05,1.394386e-04,1.688837e-04,1.624454e-04,1.202178e-04,7.219734e-05,3.480671e-05,-5.182404e-06,-2.744377e-05,-3.881177e-05,-4.378966e-05,-4.151122e-05,-3.455316e-05,-2.131106e-05,5.866520e-06,3.234513e-05,5.622216e-05,7.285299e-05,7.699219e-05,6.137167e-05,4.773597e-05,3.263535e-05,2.697408e-05,2.950507e-05,3.157145e-05,3.497425e-05,-1.423211e-03,-1.614628e-03,-1.806034e-03,-1.994240e-03,-2.178195e-03,-2.340417e-03,-2.469573e-03,-2.534438e-03,-2.529395e-03,-2.463056e-03,-2.385590e-03,-2.318114e-03,-2.271946e-03,-2.214760e-03,-2.140732e-03,-2.074435e-03,-1.989125e-03,-1.953257e-03,-1.983737e-03,-2.079473e-03,-2.204157e-03,-2.328387e-03,-2.416855e-03,-2.447013e-03,-2.420175e-03,-2.372794e-03,-2.331795e-03,-2.298574e-03,-2.277142e-03,-2.235889e-03,-2.203949e-03,-2.138564e-03,-2.074073e-03,-8.045656e-05,-1.579890e-04,-2.357634e-04,-3.111422e-04,-3.606189e-04,-3.548333e-04,-2.525557e-04,-8.362038e-05,9.067601e-05,2.058795e-04,2.359533e-04,2.049423e-04,1.425951e-04,6.616928e-05,-6.969439e-05,-1.562883e-04,-2.033861e-04,-2.534705e-04,-3.079596e-04,-3.402494e-04,-3.009265e-04,-2.015340e-04,-7.031087e-05,8.132097e-05,2.628679e-04,4.233706e-04,5.121787e-04,4.787569e-04,3.130944e-04,2.801899e-05,-3.296786e-04,-7.124575e-04,-1.089254e-03
8.234673e-05,4.127680e-04,-1.464657e-04,-1.304322e-05,3.903945e-04,-1.631761e-04,-9.791846e-05,4.075646e-04,-1.283840e-04,7.434633e-06,7.499459e-04,-3.234962e-05,1.359618e-03,1.476356e-03,1.609800e-03,1.574844e-03,1.603064e-03,1.521777e-03,1.446742e-03,1.547709e-03,1.498620e-03,1.524521e-03,1.583108e-03,1.400784e-03,1.300843e-03,1.183642e-03,1.168067e-03,1.256941e-03,1.420688e-03,1.625102e-03,1.590356e-03,1.568329e-03,1.581626e-03,1.519692e-03,1.582270e-03,1.545540e-03,1.561832e-03,1.596854e-03,1.453296e-03,1.340806e-03,1.271952e-03,1.254002e-03,1.247454e-03,1.245117e-03,1.256365e-03,4.902192e-04,3.923812e-04,2.943138e-04,1.971453e-04,9.622854e-05,1.103808e-05,-1.692075e-05,2.811620e-05,9.807239e-05,1.270133e-04,1.073417e-04,6.834235e-05,3.865204e-05,2.546423e-05,1.477287e-05,1.125298e-05,1.298284e-05,1.688065e-05,2.422182e-05,3.432093e-05,4.962748e-05,5.080028e-05,1.315155e-05,-3.791870e-05,-4.906438e-05,-2.272779e-05,8.294270e-06,2.895671e-05,3.646394e-05,2.865148e-05,8.078587e-06,-1.905841e-05,-4.504444e-05,-2.250295e-03,-2.163917e-03,-2.076742e-03,-2.008659e-03,-1.996997e-03,-2.019867e-03,-2.035477e-03,-2.036743e-03,-2.016566e-03,-1.969767e-03,-1.889989e-03,-1.810675e-03,-1.772277e-03,-1.758534e-03,-1.762501e-03,-1.787733e-03,-1.835118e-03,-1.912097e-03,-1.964261e-03,-1.979254e-03,-1.961756e-03,-1.933672e-03,-1.919183e-03,-1.915464e-03,-1.924846e-03,-1.951321e-03,-1.966507e-03,-1.961042e-03,-1.937136e-03,-1.897670e-03,-1.857563e-03,-1.808246e-03,-1.758360e-03,-9.604566e-06,-5.368119e-05,-9.804120e-05,-1.378093e-04,-1.502306e-04,-1.217879e-04,-5.684797e-05,2.180253e-05,9.382590e-05,1.464530e-04,1.617895e-04,1.372616e-04,9.800251e-05,7.823918e-05,5.178096e-05,4.229377e-05,2.575065e-05,-9.195873e-06,-4.992129e-05,-7.888368e-05,-7.065458e-05,-1.733967e-05,7.270690e-05,1.784158e-04,2.756566e-04,3.341523e-04,3.462364e-04,3.091562e-04,2.254366e-04,1.153881e-04,-1.601185e-05,-1.651519e-04,-3.107723e-04,1.360647e-03,1.548727e-03,1.739460e-03,1.893480e-03,2.011109e-03,2.079054e-03,2.126433e-03,2.147110e-03,2.099014e-03,1.998021e-03,1.853962e-03,1.657091e-03,1.471400e-03,1.311896e-03,1.237182e-03,1.279970e-03,1.366810e-03,1.497535e-03,1.626478e-03,1.790299e-03,1.957316e-03,2.079612e-03,2.146364e-03,2.125126e-03,2.041114e-03,1.913815e-03,1.748235e-03,1.595384e-03,1.481878e-03,1.363321e-03,1.216636e-03,1.018477e-03,8.220599e-04
-7.171696e-05,4.030037e-04,1.062366e-04,3.466734e-06,2.293496e-04,-3.401169e-04,8.327756e-05,3.832519e-04,1.101714e-04,1.076641e-05,-3.234962e-05,7.494025e-04,-1.862962e-03,-1.938182e-03,-2.000530e-03,-1.927502e-03,-1.926461e-03,-1.880244e-03,-1.796567e-03,-1.893294e-03,-1.846172e-03,-1.929823e-03,-1.919499e-03,-1.757451e-03,-1.618393e-03,-1.515312e-03,-1.462703e-03,-1.509139e-03,-1.625828e-03,-1.857787e-03,-1.894808e-03,-1.897682e-03,-1.905377e-03,-1.835558e-03,-1.906793e-03,-1.856074e-03,-1.842472e-03,-1.898660e-03,-1.749117e-03,-1.660080e-03,-1.573377e-03,-1.479878e-03,-1.440134e-03,-1.404055e-03,-1.337336e-03,1.299115e-04,1.256528e-04,1.213751e-04,1.172116e-04,1.131516e-04,1.110215e-04,7.055498e-05,-2.248188e-05,-1.128987e-04,-1.407352e-04,-1.265397e-04,-1.055217e-04,-8.341941e-05,-5.731207e-05,-4.303017e-05,-3.297927e-05,-3.952460e-05,-5.626391e-05,-7.844868e-05,-1.009879e-04,-1.198810e-04,-1.004904e-04,-3.294725e-05,5.422653e-05,9.808205e-05,9.406662e-05,6.060463e-05,2.941052e-05,-1.743401e-05,-7.647568e-05,-1.468551e-04,-2.324544e-04,-3.155273e-04,-1.766531e-03,-1.836235e-03,-1.907281e-03,-1.942957e-03,-1.939223e-03,-1.897033e-03,-1.859076e-03,-1.832715e-03,-1.816703e-03,-1.810647e-03,-1.813140e-03,-1.799350e-03,-1.777246e-03,-1.753978e-03,-1.745813e-03,-1.758712e-03,-1.762241e-03,-1.742045e-03,-1.699705e-03,-1.700899e-03,-1.734918e-03,-1.762319e-03,-1.772260e-03,-1.766622e-03,-1.744645e-03,-1.702379e-03,-1.662049e-03,-1.655759e-03,-1.668783e-03,-1.680752e-03,-1.690302e-03,-1.686363e-03,-1.679717e-03,-1.831965e-04,-2.378838e-04,-2.927060e-04,-3.417488e-04,-3.684368e-04,-3.568195e-04,-3.037418e-04,-2.295657e-04,-1.571216e-04,-1.075883e-04,-9.298115e-05,-1.106138e-04,-1.396265e-04,-1.532170e-04,-1.766277e-04,-1.869718e-04,-2.046815e-04,-2.414170e-04,-2.845032e-04,-3.186356e-04,-3.166617e-04,-2.722091e-04,-1.961076e-04,-1.035611e-04,-6.339543e-06,6.546804e-05,9.553817e-05,7.211801e-05,-3.126693e-06,-1.108120e-04,-2.436288e-04,-3.917023e-04,-5.365240e-04,-5.622527e-03,-5.416758e-03,-5.209977e-03,-5.003204e-03,-4.822761e-03,-4.664700e-03,-4.532035e-03,-4.467111e-03,-4.434041e-03,-4.437723e-03,-4.418422e-03,-4.353682e-03,-4.297146e-03,-4.309197e-03,-4.377701e-03,-4.475851e-03,-4.643741e-03,-4.808563e-03,-4.890123e-03,-4.875968e-03,-4.802118e-03,-4.699996e-03,-4.627168e-03,-4.582144e-03,-4.577339e-03,-4.573476e-03,-4.513743e-03,-4.423413e-03,-4.323002e-03,-4.268797e-03,-4.258406e-03,-4.294921e-03,-4.327885e-03
1.216731e-03,-1.251669e-04,-1.580639e-03,9.709428e-05,-1.051331e-03,-1.600429e-03,-1.162074e-03,-9.472438e-05,-1.871457e-03,1.581236e-04,1.359618e-03,-1.862962e-03,2.420798e-01,1.145522e-01,2.533257e-02,-4.788417e-03,6.196539e-03,1.825731e-02,2.049137e-02,2.146720e-02,2.017454e-02,1.976790e-02,2.102012e-02,2.054140e-02,1.954119e-02,1.710351e-02,1.551651e-02,1.560533e-02,1.721136e-02,2.021130e-02,2.047384e-02,2.039539e-02,2.057724e-02,1.973174e-02,2.055396e-02,1.995785e-02,1.997270e-02,2.054470e-02,1.885574e-02,1.786676e-02,1.700886e-02,1.626209e-02,1.577517e-02,1.535826e-02,1.480705e-02,-5.473490e-03,-4.847685e-03,-4.222853e-03,-3.594247e-03,-2.969246e-03,-2.221471e-03,-1.503246e-03,-2.055378e-04,1.265915e-03,2.103672e-03,2.125659e-03,1.705510e-03,1.179361e-03,6.685340e-04,1.910445e-04,-2.081996e-04,-4.147741e-04,-4.789661e-04,-4.198411e-04,-2.714900e-04,-3.636993e-05,-7.460949e-05,-6.203466e-04,-1.321881e-03,-1.520638e-03,-1.227035e-03,-7.892861e-04,-5.065368e-04,-2.641366e-04,-7.631826e-05,1.104516e-04,3.610056e-04,6.017463e-04,-6.676512e-02,-5.006383e-02,-3.310925e-02,-1.820510e-02,-7.455400e-03,4.716325e-05,4.401501e-03,6.367985e-03,6.624114e-03,5.854250e-03,4.769390e-03,3.473706e-03,2.118670e-03,1.050898e-03,3.743920e-04,3.011312e-05,-2.917487e-04,-8.181286e-04,-1.259148e-03,-1.180595e-03,-6.808115e-04,-1.801649e-04,6.560941e-05,1.093700e-04,-5.688218e-05,-4.666780e-04,-7.834343e-04,-7.467209e-04,-4.937797e-04,-1.442844e-04,2.003977e-04,5.048304e-04,7.943636e-04,-6.470770e-03,-5.516951e-03,-4.565836e-03,-3.646348e-03,-2.784262e-03,-2.145109e-03,-1.700588e-03,-1.454920e-03,-1.342401e-03,-1.270857e-03,-1.219738e-03,-1.185366e-03,-1.193490e-03,-1.227773e-03,-1.258218e-03,-1.282690e-03,-1.311667e-03,-1.356592e-03,-1.399448e-03,-1.430355e-03,-1.458126e-03,-1.468130e-03,-1.441864e-03,-1.389010e-03,-1.383753e-03,-1.427230e-03,-1.462503e-03,-1.450962e-03,-1.400847e-03,-1.328122e-03,-1.260102e-03,-1.192481e-03,-1.124178e-03,6.072562e-03,5.380265e-03,4.673327e-03,3.951424e-03,3.201804e-03,2.556218e-03,2.101555e-03,1.839770e-03,1.717518e-03,1.696554e-03,1.710855e-03,1.724261e-03,1.766947e-03,1.855842e-03,1.865494e-03,1.804500e-03,1.809920e-03,1.939608e-03,2.091474e-03,2.115668e-03,2.043370e-03,1.964386e-03,1.924668e-03,1.927832e-03,1.981303e-03,2.078372e-03,2.116001e-03,2.037675e-03,1.886691e-03,1.746059e-03,1.725992e-03,1.770157e-03,1.808653e-03
1.275998e-03,-1.622168e-04,-1.706418e-03,8.366266e-05,-1.156950e-03,-1.686936e-03,-1.231206e-03,-1.010815e-04,-1.937060e-03,1.297199e-04,1.476356e-03,-1.938182e-03,1.145522e-01,7.637292e-02,2.951596e-02,1.155982e-02,1.494735e-02,1.944678e-02,2.033533e-02,2.200272e-02,2.120448e-02,2.123848e-02,2.205115e-02,2.085924e-02,1.964643e-02,1.759657e-02,1.647347e-02,1.682717e-02,1.848419e-02,2.144515e-02,2.155937e-02,2.148748e-02,2.173808e-02,2.087373e-02,2.174662e-02,2.111101e-02,2.111714e-02,2.171781e-02,1.992187e-02,1.886664e-02,1.796191e-02,1.717718e-02,1.667282e-02,1.623411e-02,1.565458e-02,-1.010767e-03,-1.177642e-03,-1.346246e-03,-1.507978e-03,-1.687082e-03,-1.706602e-03,-1.324981e-03,-2.372472e-04,1.013016e-03,1.632695e-03,1.548129e-03,1.150130e-03,7.322831e-04,3.499599e-04,7.262885e-06,-2.757982e-04,-3.973318e-04,-4.011171e-04,-3.020541e-04,-1.297761e-04,1.189222e-04,6.925460e-05,-5.208295e-04,-1.277381e-03,-1.500730e-03,-1.198668e-03,-7.397719e-04,-4.398176e-04,-1.783192e-04,3.025369e-05,2.389038e-04,5.145718e-04,7.799271e-04,-3.840839e-02,-2.800369e-02,-1.741368e-02,-8.294612e-03,-2.198342e-03,1.658819e-03,3.751742e-03,4.554440e-03,4.479503e-03,3.931170e-03,3.339024e-03,2.610321e-03,1.748712e-03,1.029560e-03,5.529516e-04,2.776735e-04,-7.103218e-05,-6.843896e-04,-1.215385e-03,-1.180901e-03,-6.880180e-04,-1.811757e-04,6.728019e-05,1.099455e-04,-6.449510e-05,-4.947183e-04,-8.246778e-04,-7.797522e-04,-5.044089e-04,-1.274147e-04,2.412386e-04,5.669308e-04,8.768687e-04,-4.775524e-03,-4.088212e-03,-3.403087e-03,-2.733780e-03,-2.097310e-03,-1.619628e-03,-1.310843e-03,-1.156001e-03,-1.091235e-03,-1.033737e-03,-9.824250e-04,-9.464932e-04,-9.464177e-04,-9.648403e-04,-9.825959e-04,-1.000684e-03,-1.023580e-03,-1.057430e-03,-1.088715e-03,-1.109918e-03,-1.132302e-03,-1.139919e-03,-1.111372e-03,-1.059822e-03,-1.063341e-03,-1.119728e-03,-1.170275e-03,-1.171599e-03,-1.129888e-03,-1.057586e-03,-9.769596e-04,-8.935425e-04,-8.099611e-04,5.368916e-03,4.769742e-03,4.157402e-03,3.547240e-03,2.938737e-03,2.429566e-03,2.060556e-03,1.843104e-03,1.734678e-03,1.712207e-03,1.719052e-03,1.718254e-03,1.736986e-03,1.801216e-03,1.814309e-03,1.779997e-03,1.808220e-03,1.946110e-03,2.097960e-03,2.122650e-03,2.051097e-03,1.970727e-03,1.926395e-03,1.923918e-03,1.967722e-03,2.050589e-03,2.079701e-03,2.006675e-03,1.876529e-03,1.758627e-03,1.735653e-03,1.762325e-03,1.784666e-03
1.345491e-03,-1.798119e-04,-1.847700e-03,6.993719e-05,-1.262207e-03,-1.809466e-03,-1.311346e-03,-8.606323e-05,-2.017334e-03,1.022499e-04,1.609800e-03,-2.000530e-03,2.533257e-02,2.951596e-02,3.706486e-02,2.762820e-02,2.411661e-02,2.070921e-02,2.036451e-02,2.272862e-02,2.240695e-02,2.287362e-02,2.322870e-02,2.130689e-02,1.989233e-02,1.822968e-02,1.756152e-02,1.817681e-02,1.989191e-02,2.283308e-02,2.279754e-02,2.273308e-02,2.305524e-02,2.216489e-02,2.309449e-02,2.241503e-02,2.241365e-02,2.304701e-02,2.113074e-02,2.000139e-02,1.904389e-02,1.821706e-02,1.769180e-02,1.722851e-02,1.661782e-02,2.331876e-03,1.537915e-03,7.415108e-04,-4.514749e-05,-8.622596e-04,-1.484878e-03,-1.288775e-03,-2.996025e-04,7.938026e-04,1.220366e-03,1.027952e-03,6.383742e-04,3.116944e-04,4.278966e-05,-1.764313e-04,-3.508811e-04,-3.911729e-04,-3.353872e-04,-1.948530e-04,4.518860e-06,2.711350e-04,2.127106e-04,-4.232281e-04,-1.237877e-03,-1.485395e-03,-1.171300e-03,-6.878051e-04,-3.691780e-04,-8.854366e-05,1.395350e-04,3.682169e-04,6.671576e-04,9.552935e-04,-8.490726e-03,-4.664398e-03,-7.240981e-04,2.318534e-03,3.512922e-03,3.527955e-03,3.217932e-03,2.761581e-03,2.297203e-03,1.939191e-03,1.826408e-03,1.658894e-03,1.286288e-03,9.136719e-04,6.366939e-04,4.307734e-04,5.428776e-05,-6.500625e-04,-1.273638e-03,-1.281930e-03,-7.917309e-04,-2.744959e-04,-2.153308e-05,2.010179e-05,-1.641817e-04,-6.183135e-04,-9.637473e-04,-9.101987e-04,-6.102443e-04,-2.022179e-04,1.940013e-04,5.447539e-04,8.788520e-04,-3.127006e-03,-2.695067e-03,-2.264948e-03,-1.838314e-03,-1.424143e-03,-1.106311e-03,-9.322062e-04,-8.663708e-04,-8.464040e-04,-7.998253e-04,-7.467255e-04,-7.095825e-04,-7.024601e-04,-7.055057e-04,-7.122784e-04,-7.255066e-04,-7.440946e-04,-7.691243e-04,-7.911161e-04,-8.043862e-04,-8.213578e-04,-8.241645e-04,-7.887943e-04,-7.329982e-04,-7.402001e-04,-8.062952e-04,-8.712795e-04,-8.872364e-04,-8.581714e-04,-7.918197e-04,-7.044672e-04,-6.115532e-04,-5.188608e-04,4.163068e-03,3.725517e-03,3.276149e-03,2.840283e-03,2.427076e-03,2.093872e-03,1.834696e-03,1.672761e-03,1.581462e-03,1.555523e-03,1.552166e-03,1.536429e-03,1.531168e-03,1.569173e-03,1.581571e-03,1.568313e-03,1.611755e-03,1.752526e-03,1.903350e-03,1.930477e-03,1.863032e-03,1.785512e-03,1.739515e-03,1.733107e-03,1.767455e-03,1.836855e-03,1.860121e-03,1.795218e-03,1.688411e-03,1.593667e-03,1.567866e-03,1.575699e-03,1.580611e-03
1.289109e-03,-1.728838e-04,-1.778352e-03,7.478583e-05,-1.216252e-03,-1.757236e-03,-1.274471e-03,-6.678106e-05,-1.965328e-03,8.485094e-05,1.574844e-03,-1.927502e-03,-4.788417e-03,1.155982e-02,2.762820e-02,4.205552e-02,2.971431e-02,2.026336e-02,1.833929e-02,2.127743e-02,2.150168e-02,2.230272e-02,2.241038e-02,2.011277e-02,1.856289e-02,1.726871e-02,1.700920e-02,1.779739e-02,1.944806e-02,2.215811e-02,2.201626e-02,2.195681e-02,2.230787e-02,2.146784e-02,2.236498e-02,2.169807e-02,2.169073e-02,2.230639e-02,2.045427e-02,1.936067e-02,1.843237e-02,1.763399e-02,1.712651e-02,1.667773e-02,1.608703e-02,1.099822e-02,8.792755e-03,6.583969e-03,4.388364e-03,2.143999e-03,1.366311e-04,-5.884292e-04,-2.604104e-04,3.619228e-04,5.218780e-04,2.746487e-04,-2.264838e-05,-1.866986e-04,-2.916298e-04,-3.633298e-04,-4.204234e-04,-3.868032e-04,-2.905055e-04,-1.363245e-04,5.757892e-05,3.059755e-04,2.358126e-04,-3.929701e-04,-1.192254e-03,-1.439331e-03,-1.138449e-03,-6.699997e-04,-3.586014e-04,-8.308806e-05,1.416462e-04,3.668820e-04,6.597498e-04,9.422198e-04,6.418107e-03,6.922204e-03,7.495531e-03,7.424827e-03,6.017343e-03,3.873001e-03,2.251313e-03,1.148802e-03,5.449412e-04,3.824620e-04,6.258493e-04,8.765823e-04,8.906700e-04,7.993657e-04,6.846582e-04,5.354345e-04,1.562780e-04,-5.705161e-04,-1.222994e-03,-1.269020e-03,-8.221450e-04,-3.372727e-04,-9.808877e-05,-5.651828e-05,-2.294834e-04,-6.625929e-04,-9.905313e-04,-9.331103e-04,-6.383448e-04,-2.391910e-04,1.480683e-04,4.915193e-04,8.189028e-04,-2.454113e-03,-2.163990e-03,-1.875438e-03,-1.597402e-03,-1.316186e-03,-1.088651e-03,-9.970471e-04,-9.885372e-04,-9.991506e-04,-9.652777e-04,-9.139751e-04,-8.715722e-04,-8.512774e-04,-8.342005e-04,-8.267951e-04,-8.373022e-04,-8.597811e-04,-8.895034e-04,-9.151455e-04,-9.339573e-04,-9.567218e-04,-9.623324e-04,-9.271424e-04,-8.693720e-04,-8.728061e-04,-9.330626e-04,-9.918550e-04,-1.003973e-03,-9.727876e-04,-9.010801e-04,-8.008855e-04,-6.929759e-04,-5.854736e-04,2.947569e-03,2.754135e-03,2.552284e-03,2.351667e-03,2.140964e-03,1.968858e-03,1.795430e-03,1.664014e-03,1.568593e-03,1.522167e-03,1.491566e-03,1.450809e-03,1.428876e-03,1.464116e-03,1.491106e-03,1.497814e-03,1.551442e-03,1.692336e-03,1.838786e-03,1.864645e-03,1.798149e-03,1.722594e-03,1.678882e-03,1.671928e-03,1.697945e-03,1.753021e-03,1.764463e-03,1.698262e-03,1.601739e-03,1.526612e-03,1.518870e-03,1.539383e-03,1.557335e-03
