9.366743e-05,-3.031770e-06,-1.891098e-05,4.941547e-05,-2.149557e-05,-2.900104e-05,3.777084e-05,1.452870e-06,-2.459024e-05,4.918258e-05,1.964435e-05,-1.677878e-05,2.675363e-04,2.922416e-04,3.240405e-04,3.205431e-04,3.012407e-04,3.106622e-04,3.275529e-04,2.886922e-04,2.732855e-04,2.653752e-04,2.291992e-04,2.192396e-04,2.138647e-04,2.290637e-04,2.432303e-04,2.542420e-04,2.592795e-04,2.947673e-04,3.071974e-04,2.829697e-04,2.914200e-04,3.264117e-04,2.990433e-04,2.848796e-04,2.987251e-04,2.977047e-04,2.846224e-04,2.747587e-04,2.337992e-04,1.955687e-04,1.570475e-04,1.109397e-04,6.348835e-05,-1.042976e-04,-1.083768e-04,-1.122555e-04,-1.173746e-04,-1.303247e-04,-1.526087e-04,-1.801668e-04,-2.037346e-04,-2.162329e-04,-2.184680e-04,-2.152875e-04,-2.164274e-04,-2.160834e-04,-2.159841e-04,-2.153327e-04,-2.123278e-04,-2.055872e-04,-1.916054e-04,-1.731678e-04,-1.604465e-04,-1.592987e-04,-1.695025e-04,-1.811136e-04,-1.865826e-04,-1.854655e-04,-1.803028e-04,-1.771634e-04,-1.798111e-04,-1.804251e-04,-1.807902e-04,-1.793595e-04,-1.775321e-04,-1.758078e-04,-2.304383e-04,-1.822220e-04,-1.338113e-04,-8.661804e-05,-4.734260e-05,-1.753476e-05,5.775697e-06,1.784769e-05,1.687464e-05,8.834937e-06,3.556956e-06,-4.917070e-07,-6.678883e-07,4.725261e-06,1.171619e-05,1.878169e-05,2.266324e-05,1.684652e-05,1.256490e-06,-1.679419e-05,-3.402858e-05,-5.401809e-05,-6.797435e-05,-7.043769e-05,-6.229718e-05,-4.933876e-05,-3.555428e-05,-1.750883e-05,2.526907e-06,2.052155e-05,3.754401e-05,5.268193e-05,6.774937e-05,2.053000e-04,2.289675e-04,2.532935e-04,2.689248e-04,2.757419e-04,2.764853e-04,2.711792e-04,2.559303e-04,2.387949e-04,2.205394e-04,1.991645e-04,1.772681e-04,1.510580e-04,1.315060e-04,1.373597e-04,1.617112e-04,1.918089e-04,2.250099e-04,2.498216e-04,2.628964e-04,2.681292e-04,2.664627e-04,2.543051e-04,2.402579e-04,2.294769e-04,2.175205e-04,2.049633e-04,1.909020e-04,1.680781e-04,1.430507e-04,1.320900e-04,1.289753e-04,1.249332e-04,-1.410275e-04,-1.222709e-04,-1.035115e-04,-8.571701e-05,-6.629282e-05,-4.938952e-05,-4.179233e-05,-4.115369e-05,-4.733667e-05,-5.495731e-05,-5.629495e-05,-5.620484e-05,-5.447478e-05,-4.319094e-05,-2.756958e-05,-1.828071e-05,-1.698442e-05,-2.490791e-05,-3.846368e-05,-5.679083e-05,-7.548597e-05,-8.532048e-05,-8.545504e-05,-7.752008e-05,-6.528811e-05,-5.648662e-05,-5.493037e-05,-5.355892e-05,-5.109221e-05,-5.856871e-05,-7.702878e-05,-9.652843e-05,-1.158109e-04
-3.031770e-06,8.141623e-05,5.524640e-06,2.369752e-06,5.088111e-05,-3.969846e-05,-1.093724e-06,5.757348e-05,-8.780023e-06,4.015792e-06,3.883255e-05,5.144945e-05,-4.926630e-05,-6.626222e-05,-7.996545e-05,-6.706104e-05,-7.414485e-05,-8.158703e-05,-8.287888e-05,-5.465103e-05,-4.802932e-05,-4.333590e-05,-5.645814e-05,-5.674405e-05,-5.822327e-05,-5.989614e-05,-4.235818e-05,-4.443833e-05,-5.240464e-05,-6.349087e-05,-7.711679e-05,-6.106985e-05,-5.523950e-05,-6.571825e-05,-8.892463e-05,-6.718334e-05,-5.770102e-05,-5.317076e-05,-2.797335e-05,-1.498188e-05,-1.810680e-05,-2.679660e-05,-4.856770e-05,-4.968420e-05,-4.902539e-05,-4.471723e-05,-4.865640e-05,-5.258728e-05,-5.194162e-05,-4.686689e-05,-3.921508e-05,-2.956968e-05,-2.268686e-05,-1.854397e-05,-1.493976e-05,-1.153729e-05,-1.055641e-05,-1.240052e-05,-1.163169e-05,-8.886902e-06,-7.935123e-06,-9.486513e-06,-1.294457e-05,-1.980649e-05,-2.637431e-05,-2.882490e-05,-2.681959e-05,-1.820265e-05,-6.841807e-06,1.190390e-06,3.641377e-06,-7.943039e-08,-6.793100e-06,-1.593921e-05,-2.878140e-05,-4.616407e-05,-6.432579e-05,-8.227214e-05,-2.250395e-04,-2.423212e-04,-2.595909e-04,-2.723151e-04,-2.806859e-04,-2.869882e-04,-2.911198e-04,-2.895684e-04,-2.833686e-04,-2.757845e-04,-2.668548e-04,-2.583714e-04,-2.566167e-04,-2.618762e-04,-2.677723e-04,-2.724351e-04,-2.767521e-04,-2.800843e-04,-2.792479e-04,-2.763118e-04,-2.737397e-04,-2.694597e-04,-2.614187e-04,-2.529311e-04,-2.502971e-04,-2.535164e-04,-2.563681e-04,-2.584469e-04,-2.592973e-04,-2.596051e-04,-2.572187e-04,-2.507138e-04,-2.440896e-04,-2.625404e-04,-2.227789e-04,-1.827106e-04,-1.457507e-04,-1.148345e-04,-9.090458e-05,-7.569657e-05,-6.747101e-05,-7.248288e-05,-8.794076e-05,-1.040117e-04,-1.166140e-04,-1.179547e-04,-9.821177e-05,-6.738003e-05,-4.632704e-05,-4.211044e-05,-5.489318e-05,-7.772255e-05,-1.035679e-04,-1.293505e-04,-1.490396e-04,-1.583135e-04,-1.505001e-04,-1.295314e-04,-1.049038e-04,-8.514328e-05,-7.245273e-05,-7.431564e-05,-1.014232e-04,-1.450726e-04,-1.895032e-04,-2.337243e-04,-2.520749e-04,-2.501137e-04,-2.480817e-04,-2.469559e-04,-2.463060e-04,-2.457135e-04,-2.454369e-04,-2.454492e-04,-2.444356e-04,-2.387358e-04,-2.342615e-04,-2.396759e-04,-2.406955e-04,-2.366193e-04,-2.422364e-04,-2.506047e-04,-2.515181e-04,-2.495034e-04,-2.474544e-04,-2.465540e-04,-2.462321e-04,-2.460405e-04,-2.461305e-04,-2.450049e-04,-2.412424e-04,-2.330702e-04,-2.326806e-04,-2.434587e-04,-2.486852e-04,-2.470096e-04,-2.561167e-04,-2.726149e-04,-2.883347e-04
-1.891098e-05,5.524640e-06,1.106882e-04,4.118720e-05,2.391150e-05,4.443125e-05,2.481543e-05,-1.063682e-05,-3.285958e-05,3.977762e-05,-2.909595e-05,2.569949e-05,-3.731854e-04,-4.242777e-04,-4.790101e-04,-4.554550e-04,-4.428086e-04,-4.546333e-04,-4.824143e-04,-4.424000e-04,-3.826247e-04,-3.456466e-04,-2.997227e-04,-2.985253e-04,-3.345818e-04,-3.752662e-04,-4.226582e-04,-4.284122e-04,-4.227244e-04,-4.612005e-04,-4.330459e-04,-4.040049e-04,-4.167800e-04,-4.668636e-04,-4.434075e-04,-3.775091e-04,-3.609727e-04,-3.367666e-04,-3.192272e-04,-3.340250e-04,-3.671861e-04,-3.944856e-04,-4.124939e-04,-4.081973e-04,-4.019810e-04,-3.278331e-04,-3.325820e-04,-3.375321e-04,-3.346903e-04,-3.165266e-04,-2.844528e-04,-2.428662e-04,-1.989798e-04,-1.660439e-04,-1.485851e-04,-1.400599e-04,-1.329272e-04,-1.305885e-04,-1.307021e-04,-1.414626e-04,-1.576632e-04,-1.785873e-04,-2.090080e-04,-2.375907e-04,-2.510453e-04,-2.466041e-04,-2.251360e-04,-1.956455e-04,-1.714674e-04,-1.596981e-04,-1.556539e-04,-1.534316e-04,-1.470916e-04,-1.401177e-04,-1.295461e-04,-1.222692e-04,-1.160938e-04,-1.095904e-04,3.298648e-04,2.591079e-04,1.881520e-04,1.249568e-04,7.694101e-05,4.283829e-05,1.791810e-05,1.861569e-06,-1.195301e-07,7.685323e-06,1.363012e-05,1.731276e-05,1.394246e-05,5.189116e-06,-4.130061e-06,-1.605480e-05,-2.072388e-05,-1.029292e-05,7.510851e-06,2.274410e-05,3.556400e-05,5.124941e-05,6.505859e-05,6.867707e-05,5.928706e-05,4.782626e-05,3.970349e-05,3.514272e-05,3.788532e-05,4.731461e-05,5.901042e-05,7.621913e-05,9.326222e-05,-7.548771e-04,-7.602520e-04,-7.660874e-04,-7.643765e-04,-7.613969e-04,-7.586715e-04,-7.537407e-04,-7.353048e-04,-7.063798e-04,-6.807405e-04,-6.618308e-04,-6.499663e-04,-6.517733e-04,-6.665884e-04,-6.841996e-04,-7.026987e-04,-7.252254e-04,-7.451466e-04,-7.521256e-04,-7.518881e-04,-7.495576e-04,-7.453301e-04,-7.291012e-04,-7.038442e-04,-6.822259e-04,-6.707756e-04,-6.648180e-04,-6.610723e-04,-6.612755e-04,-6.611511e-04,-6.508596e-04,-6.340698e-04,-6.177196e-04,3.658831e-06,2.905480e-05,5.480890e-05,7.671947e-05,9.458542e-05,1.080291e-04,1.144259e-04,1.133088e-04,1.021075e-04,8.867825e-05,8.170169e-05,7.914440e-05,7.910697e-05,8.806759e-05,1.047037e-04,1.185507e-04,1.256653e-04,1.230986e-04,1.117179e-04,9.675529e-05,8.179306e-05,7.203732e-05,6.648997e-05,6.905743e-05,7.743338e-05,8.309112e-05,8.458675e-05,8.734556e-05,8.869340e-05,8.059547e-05,6.625074e-05,5.269334e-05,3.911580e-05
4.941547e-05,2.369752e-06,4.118720e-05,8.224724e-05,-2.977737e-06,2.400837e-07,4.920925e-05,-3.679181e-06,-4.169841e-05,6.005938e-05,-3.912841e-07,2.142575e-06,8.691385e-06,-2.941339e-06,-1.088385e-05,-9.270703e-07,-1.040665e-05,-9.902931e-06,-1.172865e-05,-1.940998e-05,4.049722e-06,2.077253e-05,1.742031e-05,8.668997e-06,-1.677669e-05,-2.869270e-05,-4.651616e-05,-4.232060e-05,-3.443550e-05,-2.616550e-05,1.581168e-06,-4.249799e-07,-6.216644e-07,-2.029887e-06,-1.232328e-05,1.465500e-05,3.561493e-05,5.012742e-05,5.198195e-05,3.594315e-05,-1.793268e-05,-6.518202e-05,-1.074808e-04,-1.441993e-04,-1.809305e-04,-2.763883e-04,-2.835952e-04,-2.907611e-04,-2.942502e-04,-2.950130e-04,-2.951479e-04,-2.938564e-04,-2.876619e-04,-2.783654e-04,-2.692318e-04,-2.603334e-04,-2.555803e-04,-2.526275e-04,-2.517460e-04,-2.571616e-04,-2.642475e-04,-2.713309e-04,-2.781964e-04,-2.805174e-04,-2.787958e-04,-2.760973e-04,-2.726216e-04,-2.653726e-04,-2.560491e-04,-2.486161e-04,-2.423500e-04,-2.386326e-04,-2.367370e-04,-2.321990e-04,-2.249011e-04,-2.178365e-04,-2.110909e-04,-2.042371e-04,-1.578923e-06,-4.067474e-06,-6.518539e-06,-5.292157e-06,-1.496978e-06,2.815115e-06,7.338609e-06,7.930826e-06,6.070870e-06,4.105922e-06,3.594559e-06,3.143810e-06,2.123887e-06,2.539803e-06,3.652295e-06,2.841409e-06,2.954837e-06,3.387096e-06,-1.445448e-07,-7.240950e-06,-1.496462e-05,-2.298197e-05,-2.670922e-05,-2.657106e-05,-2.509817e-05,-2.044551e-05,-1.265341e-05,1.104082e-06,2.090608e-05,4.265652e-05,6.468343e-05,8.817705e-05,1.115100e-04,-2.363921e-04,-2.367838e-04,-2.371300e-04,-2.378681e-04,-2.384357e-04,-2.386871e-04,-2.388642e-04,-2.402741e-04,-2.425155e-04,-2.474937e-04,-2.503176e-04,-2.452451e-04,-2.454441e-04,-2.512706e-04,-2.488172e-04,-2.419631e-04,-2.390541e-04,-2.372492e-04,-2.362810e-04,-2.358305e-04,-2.353228e-04,-2.345589e-04,-2.348235e-04,-2.371560e-04,-2.422746e-04,-2.520279e-04,-2.557298e-04,-2.490730e-04,-2.447908e-04,-2.436356e-04,-2.319409e-04,-2.136727e-04,-1.960851e-04,-8.557219e-05,-7.101741e-05,-5.648258e-05,-4.254997e-05,-2.306365e-05,-2.943572e-06,9.065803e-06,1.001854e-05,-6.017342e-06,-2.490351e-05,-2.754198e-05,-1.570860e-05,4.322453e-06,3.384939e-05,6.142707e-05,7.389486e-05,7.156138e-05,5.214757e-05,2.201836e-05,-9.505708e-06,-3.654503e-05,-4.904269e-05,-5.096365e-05,-4.753412e-05,-4.085890e-05,-3.669777e-05,-3.253295e-05,-1.668248e-05,6.075804e-06,1.478440e-05,5.173146e-06,-8.014631e-06,-2.074634e-05
-2.149557e-05,5.088111e-05,2.391150e-05,-2.977737e-06,9.724815e-05,1.852095e-05,1.987774e-05,4.737603e-05,3.057046e-05,-1.748847e-06,3.378206e-05,2.526234e-05,-3.053762e-04,-3.489280e-04,-3.947782e-04,-3.757382e-04,-3.680096e-04,-3.816951e-04,-3.998843e-04,-3.442034e-04,-3.081717e-04,-2.873617e-04,-2.651140e-04,-2.601161e-04,-2.730547e-04,-2.971791e-04,-3.066929e-04,-3.134933e-04,-3.202140e-04,-3.610712e-04,-3.679110e-04,-3.346288e-04,-3.395348e-04,-3.812176e-04,-3.750853e-04,-3.256025e-04,-3.173135e-04,-3.034015e-04,-2.698067e-04,-2.599167e-04,-2.584207e-04,-2.593266e-04,-2.650295e-04,-2.427190e-04,-2.177058e-04,-1.070433e-04,-1.112080e-04,-1.155513e-04,-1.130726e-04,-9.808993e-05,-7.180679e-05,-3.795442e-05,-6.965906e-06,1.310265e-05,2.262808e-05,2.622366e-05,2.921924e-05,2.772228e-05,2.798541e-05,2.622171e-05,2.069028e-05,1.010996e-05,-8.650763e-06,-3.132433e-05,-4.548666e-05,-4.470589e-05,-2.950250e-05,-6.295151e-06,1.340461e-05,2.219335e-05,2.129286e-05,1.525454e-05,1.078697e-05,3.877293e-06,-4.273605e-06,-1.785141e-05,-3.266511e-05,-4.712740e-05,5.999617e-05,-3.090451e-06,-6.634958e-05,-1.228292e-04,-1.668757e-04,-1.999222e-04,-2.248820e-04,-2.368458e-04,-2.336530e-04,-2.217611e-04,-2.101529e-04,-2.000287e-04,-1.997027e-04,-2.095061e-04,-2.205654e-04,-2.313250e-04,-2.370164e-04,-2.315608e-04,-2.156758e-04,-1.984157e-04,-1.833189e-04,-1.652882e-04,-1.484964e-04,-1.409794e-04,-1.478935e-04,-1.622541e-04,-1.750494e-04,-1.872228e-04,-1.957265e-04,-1.999472e-04,-2.007605e-04,-1.953554e-04,-1.899110e-04,-5.165866e-05,-2.664803e-05,-1.367570e-06,2.138930e-05,4.032348e-05,5.359655e-05,5.721695e-05,5.384338e-05,4.583792e-05,3.758320e-05,3.376910e-05,3.042945e-05,2.864115e-05,3.554357e-05,4.832532e-05,5.850400e-05,6.405916e-05,6.342675e-05,5.742605e-05,4.540395e-05,3.074627e-05,1.977739e-05,1.418207e-05,1.766425e-05,2.707577e-05,3.460654e-05,3.573131e-05,3.459424e-05,3.235650e-05,2.264228e-05,6.686809e-06,-8.838978e-06,-2.433609e-05,2.700018e-04,2.686130e-04,2.676438e-04,2.609130e-04,2.537446e-04,2.468687e-04,2.363243e-04,2.158258e-04,1.965887e-04,1.910629e-04,1.937013e-04,1.917453e-04,1.876907e-04,1.815303e-04,1.711185e-04,1.692567e-04,1.854576e-04,2.113848e-04,2.318984e-04,2.432054e-04,2.506442e-04,2.565577e-04,2.517625e-04,2.374131e-04,2.208198e-04,2.042273e-04,1.829264e-04,1.606121e-04,1.540447e-04,1.669374e-04,1.813378e-04,1.915494e-04,2.020100e-04
-2.900104e-05,-3.969846e-05,4.443125e-05,2.400837e-07,1.852095e-05,1.094276e-04,3.003952e-05,-3.906577e-05,4.364025e-05,2.905410e-07,-2.378308e-05,-4.120368e-05,-3.921388e-04,-4.291437e-04,-4.749503e-04,-4.653058e-04,-4.407177e-04,-4.481900e-04,-4.753174e-04,-4.422258e-04,-3.959290e-04,-3.697885e-04,-3.100942e-04,-3.048063e-04,-3.280339e-04,-3.631850e-04,-4.124265e-04,-4.194658e-04,-4.130986e-04,-4.539750e-04,-4.342310e-04,-4.118544e-04,-4.303474e-04,-4.772490e-04,-4.289461e-04,-3.886029e-04,-3.903114e-04,-3.745998e-04,-3.703358e-04,-3.836225e-04,-3.827022e-04,-3.754319e-04,-3.535760e-04,-3.232923e-04,-2.920444e-04,-1.316941e-04,-1.314155e-04,-1.314077e-04,-1.284761e-04,-1.136853e-04,-8.591807e-05,-4.992071e-05,-1.278741e-05,1.231782e-05,2.152484e-05,2.192501e-05,2.596447e-05,2.841976e-05,2.865290e-05,2.054315e-05,8.698523e-06,-6.943404e-06,-3.223014e-05,-5.688688e-05,-6.823605e-05,-6.360996e-05,-4.424255e-05,-2.334391e-05,-1.186737e-05,-1.081679e-05,-1.400797e-05,-1.334577e-05,-4.564496e-06,5.042154e-06,1.932497e-05,3.287054e-05,4.588525e-05,5.906528e-05,5.008285e-04,4.352866e-04,3.694761e-04,3.065787e-04,2.555375e-04,2.179151e-04,1.887747e-04,1.685101e-04,1.626549e-04,1.670459e-04,1.678897e-04,1.668413e-04,1.629827e-04,1.570973e-04,1.509943e-04,1.428759e-04,1.418693e-04,1.563894e-04,1.788411e-04,1.990496e-04,2.165841e-04,2.356785e-04,2.468965e-04,2.437160e-04,2.291002e-04,2.141202e-04,2.009287e-04,1.874892e-04,1.774833e-04,1.731330e-04,1.693975e-04,1.682865e-04,1.670052e-04,1.045253e-04,8.843626e-05,7.235464e-05,5.716545e-05,3.984297e-05,2.346861e-05,1.281881e-05,8.297460e-06,1.309397e-05,2.137720e-05,2.580997e-05,2.844741e-05,2.916242e-05,2.134915e-05,7.418244e-06,-2.980227e-06,-6.569342e-06,-4.328194e-07,1.348836e-05,3.039519e-05,4.605916e-05,5.318863e-05,5.198521e-05,4.449804e-05,3.388516e-05,2.676508e-05,2.564902e-05,2.538515e-05,2.585175e-05,3.406680e-05,4.839992e-05,6.228351e-05,7.614642e-05,6.713164e-04,6.893535e-04,7.081764e-04,7.174172e-04,7.180191e-04,7.146254e-04,7.087396e-04,6.905652e-04,6.635003e-04,6.344582e-04,6.095976e-04,5.986006e-04,5.938114e-04,5.964575e-04,6.163612e-04,6.438650e-04,6.691405e-04,6.914380e-04,7.016785e-04,7.051189e-04,7.054137e-04,7.000476e-04,6.803368e-04,6.555259e-04,6.356331e-04,6.211195e-04,6.186063e-04,6.256533e-04,6.241791e-04,6.128058e-04,6.063141e-04,6.033830e-04,5.998454e-04
3.777084e-05,-1.093724e-06,2.481543e-05,4.920925e-05,1.987774e-05,3.003952e-05,9.695666e-05,2.673289e-06,2.181619e-05,4.808377e-05,-1.869913e-05,2.252588e-05,-2.783265e-04,-3.209073e-04,-3.655746e-04,-3.469776e-04,-3.406783e-04,-3.490060e-04,-3.689901e-04,-3.383199e-04,-2.869854e-04,-2.532709e-04,-2.199256e-04,-2.231497e-04,-2.591590e-04,-2.926375e-04,-3.307706e-04,-3.336240e-04,-3.273920e-04,-3.546908e-04,-3.297296e-04,-3.099778e-04,-3.194825e-04,-3.552995e-04,-3.391409e-04,-2.799608e-04,-2.592105e-04,-2.339620e-04,-2.185393e-04,-2.359722e-04,-2.785699e-04,-3.151505e-04,-3.453187e-04,-3.569533e-04,-3.671680e-04,-2.924269e-04,-3.019562e-04,-3.116573e-04,-3.146522e-04,-3.055025e-04,-2.857694e-04,-2.584285e-04,-2.279300e-04,-2.044377e-04,-1.916406e-04,-1.843041e-04,-1.777260e-04,-1.740222e-04,-1.714981e-04,-1.779316e-04,-1.888314e-04,-2.035770e-04,-2.258686e-04,-2.466492e-04,-2.560802e-04,-2.528624e-04,-2.376630e-04,-2.158550e-04,-1.976557e-04,-1.892065e-04,-1.865967e-04,-1.853855e-04,-1.806949e-04,-1.742699e-04,-1.641960e-04,-1.568260e-04,-1.504002e-04,-1.436851e-04,2.120292e-04,1.606986e-04,1.091962e-04,6.438372e-05,3.156155e-05,9.348754e-06,-5.996022e-06,-1.582519e-05,-1.604716e-05,-9.864614e-06,-5.313825e-06,-2.874453e-06,-6.276064e-06,-1.335078e-05,-2.043422e-05,-2.971666e-05,-3.339634e-05,-2.581578e-05,-1.346455e-05,-3.855527e-06,3.678577e-06,1.307711e-05,2.239103e-05,2.533202e-05,1.914602e-05,1.261897e-05,9.724252e-06,1.114588e-05,1.936644e-05,3.272896e-05,4.773613e-05,6.734648e-05,8.677429e-05,3.144659e-04,3.085990e-04,3.031149e-04,2.926538e-04,2.826790e-04,2.745740e-04,2.658049e-04,2.454377e-04,2.173629e-04,1.914583e-04,1.794684e-04,1.903269e-04,2.081423e-04,2.236724e-04,2.414679e-04,2.586310e-04,2.718888e-04,2.821292e-04,2.839418e-04,2.821123e-04,2.802080e-04,2.768461e-04,2.611677e-04,2.328462e-04,2.022145e-04,1.760776e-04,1.691343e-04,1.853629e-04,2.071957e-04,2.260887e-04,2.466340e-04,2.677226e-04,2.885516e-04,-5.866039e-05,-3.170103e-05,-4.426490e-06,1.946559e-05,3.965468e-05,5.491315e-05,6.172074e-05,6.095782e-05,5.037960e-05,3.792166e-05,3.245295e-05,2.987173e-05,2.952093e-05,3.965273e-05,5.707568e-05,7.044371e-05,7.652119e-05,7.241794e-05,5.992752e-05,4.321218e-05,2.604061e-05,1.491072e-05,9.979451e-06,1.487753e-05,2.615350e-05,3.404348e-05,3.539613e-05,3.696266e-05,3.812196e-05,2.896195e-05,1.103832e-05,-6.701318e-06,-2.436229e-05
1.452870e-06,5.757348e-05,-1.063682e-05,-3.679181e-06,4.737603e-05,-3.906577e-05,2.673289e-06,7.473920e-05,5.349487e-06,-2.133554e-06,3.785019e-05,4.743566e-05,-3.061850e-05,-4.558219e-05,-5.770428e-05,-4.833272e-05,-5.521880e-05,-6.233168e-05,-6.220434e-05,-3.618088e-05,-3.381795e-05,-3.137130e-05,-4.602961e-05,-4.545098e-05,-4.198682e-05,-4.112200e-05,-2.258711e-05,-2.462795e-05,-3.371733e-05,-4.328455e-05,-5.896591e-05,-4.440959e-05,-3.790970e-05,-4.553961e-05,-6.663414e-05,-5.030710e-05,-4.434854e-05,-4.161883e-05,-1.619369e-05,-2.386137e-06,-2.924911e-06,-8.188142e-06,-2.569511e-05,-2.722817e-05,-2.701601e-05,-9.877096e-06,-1.357206e-05,-1.726109e-05,-1.716565e-05,-1.352298e-05,-7.788201e-06,-4.589921e-07,3.957830e-06,6.205573e-06,8.820511e-06,1.181176e-05,1.264496e-05,1.071085e-05,1.109180e-05,1.404055e-05,1.594226e-05,1.592413e-05,1.481096e-05,1.032075e-05,5.322674e-06,3.418359e-06,4.860296e-06,1.163759e-05,2.049874e-05,2.624895e-05,2.669587e-05,2.140614e-05,1.385297e-05,4.566385e-06,-7.781231e-06,-2.379221e-05,-4.052394e-05,-5.706463e-05,-2.195348e-04,-2.343083e-04,-2.490719e-04,-2.600802e-04,-2.675925e-04,-2.734964e-04,-2.774855e-04,-2.758972e-04,-2.701103e-04,-2.632872e-04,-2.548479e-04,-2.463543e-04,-2.436480e-04,-2.475948e-04,-2.524323e-04,-2.560579e-04,-2.596845e-04,-2.631979e-04,-2.629613e-04,-2.605296e-04,-2.584383e-04,-2.548969e-04,-2.481211e-04,-2.409429e-04,-2.388902e-04,-2.420885e-04,-2.445764e-04,-2.462567e-04,-2.470919e-04,-2.479626e-04,-2.467839e-04,-2.423523e-04,-2.377777e-04,1.241631e-05,2.992696e-05,4.751738e-05,6.360667e-05,8.235796e-05,9.824703e-05,1.012641e-04,9.385434e-05,8.247490e-05,7.702859e-05,8.338728e-05,8.892319e-05,8.667080e-05,8.553203e-05,8.941580e-05,9.508922e-05,1.023737e-04,1.061140e-04,1.033856e-04,9.107980e-05,7.609136e-05,7.071359e-05,7.354845e-05,8.118030e-05,8.829082e-05,8.404051e-05,6.753919e-05,5.369974e-05,5.151969e-05,5.413616e-05,5.740564e-05,6.307786e-05,6.856657e-05,-2.311974e-04,-2.322189e-04,-2.331947e-04,-2.346854e-04,-2.366255e-04,-2.381642e-04,-2.386409e-04,-2.382585e-04,-2.361121e-04,-2.297817e-04,-2.257299e-04,-2.311599e-04,-2.319174e-04,-2.283619e-04,-2.346661e-04,-2.434921e-04,-2.449921e-04,-2.429636e-04,-2.400082e-04,-2.372296e-04,-2.348695e-04,-2.338521e-04,-2.341827e-04,-2.343193e-04,-2.323221e-04,-2.251456e-04,-2.241062e-04,-2.335988e-04,-2.382194e-04,-2.359078e-04,-2.433048e-04,-2.577952e-04,-2.715480e-04
-2.459024e-05,-8.780023e-06,-3.285958e-05,-4.169841e-05,3.057046e-05,4.364025e-05,2.181619e-05,5.349487e-06,1.172652e-04,-4.220036e-05,-2.923418e-05,2.545761e-05,-4.031381e-04,-4.423674e-04,-4.912109e-04,-4.834572e-04,-4.585970e-04,-4.709662e-04,-4.953812e-04,-4.387873e-04,-4.058355e-04,-3.878461e-04,-3.377360e-04,-3.289559e-04,-3.366556e-04,-3.668150e-04,-3.934208e-04,-4.029379e-04,-4.048762e-04,-4.535384e-04,-4.633555e-04,-4.321768e-04,-4.451878e-04,-4.930685e-04,-4.517511e-04,-4.172109e-04,-4.262311e-04,-4.181640e-04,-4.005341e-04,-3.956872e-04,-3.625929e-04,-3.305734e-04,-2.946272e-04,-2.434689e-04,-1.904309e-04,6.529785e-05,6.522826e-05,6.482967e-05,6.723747e-05,8.172468e-05,1.097593e-04,1.458623e-04,1.779346e-04,1.948227e-04,1.968416e-04,1.912439e-04,1.910224e-04,1.893291e-04,1.890243e-04,1.871966e-04,1.830038e-04,1.744135e-04,1.557876e-04,1.322610e-04,1.179956e-04,1.197152e-04,1.366893e-04,1.557843e-04,1.655399e-04,1.642988e-04,1.562838e-04,1.498510e-04,1.506968e-04,1.493820e-04,1.488442e-04,1.454130e-04,1.412536e-04,1.373010e-04,3.110423e-04,2.441747e-04,1.769845e-04,1.125794e-04,6.032192e-05,2.185960e-05,-7.411694e-06,-2.220642e-05,-1.917584e-05,-6.484200e-06,2.033127e-06,7.779472e-06,6.476507e-06,-3.025616e-06,-1.462079e-05,-2.689353e-05,-3.320061e-05,-2.459102e-05,-2.801285e-06,2.132110e-05,4.394238e-05,6.993497e-05,8.843935e-05,9.146763e-05,7.985743e-05,6.275953e-05,4.590951e-05,2.565625e-05,5.632846e-06,-9.984254e-06,-2.378608e-05,-3.386875e-05,-4.394827e-05,7.800304e-04,8.019486e-04,8.247478e-04,8.370826e-04,8.376884e-04,8.307901e-04,8.168438e-04,7.905807e-04,7.638325e-04,7.437706e-04,7.238292e-04,7.008147e-04,6.862866e-04,6.847494e-04,6.917714e-04,7.087966e-04,7.379036e-04,7.735767e-04,8.013684e-04,8.164119e-04,8.219978e-04,8.162264e-04,7.935451e-04,7.670593e-04,7.484675e-04,7.408667e-04,7.332833e-04,7.177937e-04,7.007656e-04,6.868507e-04,6.696203e-04,6.483953e-04,6.273568e-04,1.444159e-04,1.279118e-04,1.114471e-04,9.582952e-05,7.773916e-05,6.144564e-05,5.394917e-05,5.311333e-05,5.795480e-05,6.427303e-05,6.603537e-05,6.763644e-05,6.767698e-05,5.889505e-05,4.594727e-05,3.781648e-05,3.615048e-05,4.207692e-05,5.296978e-05,6.916100e-05,8.614913e-05,9.479625e-05,9.443651e-05,8.716597e-05,7.582547e-05,6.680988e-05,6.468495e-05,6.417127e-05,6.344620e-05,7.116123e-05,8.826437e-05,1.064957e-04,1.245311e-04
4.918258e-05,4.015792e-06,3.977762e-05,6.005938e-05,-1.748847e-06,2.905410e-07,4.808377e-05,-2.133554e-06,-4.220036e-05,8.326152e-05,3.753753e-06,8.889027e-07,1.114959e-05,3.378190e-06,-2.593292e-07,1.116899e-05,2.109252e-06,3.365707e-06,1.622848e-06,-8.898207e-06,1.089336e-05,2.528035e-05,2.235098e-05,1.620386e-05,-7.840961e-06,-1.524958e-05,-2.733058e-05,-2.242439e-05,-1.722869e-05,-1.192754e-05,1.226532e-05,7.976239e-06,7.816740e-06,9.240123e-06,-8.637506e-07,2.612902e-05,4.882618e-05,6.295586e-05,6.192003e-05,4.394323e-05,-9.499624e-06,-5.890194e-05,-1.056622e-04,-1.448481e-04,-1.839782e-04,-2.761348e-04,-2.824064e-04,-2.886169e-04,-2.913185e-04,-2.918776e-04,-2.924442e-04,-2.920799e-04,-2.870991e-04,-2.790024e-04,-2.709285e-04,-2.632018e-04,-2.595626e-04,-2.570512e-04,-2.557719e-04,-2.601442e-04,-2.662267e-04,-2.724121e-04,-2.783552e-04,-2.799394e-04,-2.779139e-04,-2.754386e-04,-2.727343e-04,-2.662305e-04,-2.570579e-04,-2.489415e-04,-2.414275e-04,-2.362109e-04,-2.332572e-04,-2.283832e-04,-2.216993e-04,-2.158033e-04,-2.102324e-04,-2.045526e-04,-1.642362e-05,-1.601056e-05,-1.554038e-05,-1.156030e-05,-5.599851e-06,2.294286e-07,5.722189e-06,6.678212e-06,4.448489e-06,1.462005e-06,-6.490087e-07,-3.225101e-06,-6.675535e-06,-8.055017e-06,-7.759189e-06,-8.182800e-06,-6.884875e-06,-4.967317e-06,-6.856760e-06,-1.226541e-05,-1.851245e-05,-2.561993e-05,-2.874155e-05,-2.806220e-05,-2.617924e-05,-2.188560e-05,-1.551424e-05,-4.152466e-06,1.227455e-05,3.048096e-05,4.925772e-05,6.980575e-05,9.021328e-05,-2.395221e-04,-2.384907e-04,-2.373990e-04,-2.368924e-04,-2.365406e-04,-2.361664e-04,-2.359994e-04,-2.372027e-04,-2.392204e-04,-2.441104e-04,-2.472273e-04,-2.428094e-04,-2.434974e-04,-2.490242e-04,-2.457088e-04,-2.382212e-04,-2.350094e-04,-2.332910e-04,-2.326617e-04,-2.326316e-04,-2.325534e-04,-2.320910e-04,-2.323814e-04,-2.342543e-04,-2.385929e-04,-2.475938e-04,-2.510832e-04,-2.450632e-04,-2.421048e-04,-2.429844e-04,-2.339024e-04,-2.182446e-04,-2.032552e-04,-1.622378e-04,-1.087156e-04,-5.462144e-05,-7.330928e-06,2.927562e-05,5.343036e-05,6.025520e-05,5.786228e-05,5.173936e-05,4.407769e-05,3.484549e-05,1.305682e-05,-1.340280e-05,-2.083776e-05,-5.832297e-06,1.474162e-05,3.185615e-05,4.158509e-05,4.250640e-05,3.004295e-05,1.000766e-05,-5.944510e-06,-1.200091e-05,2.188959e-06,2.920340e-05,4.957164e-05,4.874318e-05,3.163027e-05,5.122939e-06,-3.398140e-05,-7.804201e-05,-1.183524e-04,-1.588762e-04
1.964435e-05,3.883255e-05,-2.909595e-05,-3.912841e-07,3.378206e-05,-2.378308e-05,-1.869913e-05,3.785019e-05,-2.923418e-05,3.753753e-06,9.838360e-05,-2.789678e-05,2.982820e-04,3.295340e-04,3.684194e-04,3.620839e-04,3.423433e-04,3.491784e-04,3.713913e-04,3.455047e-04,3.076755e-04,2.850646e-04,2.346822e-04,2.291158e-04,2.485876e-04,2.811427e-04,3.254808e-04,3.311762e-04,3.241988e-04,3.549990e-04,3.398720e-04,3.235442e-04,3.370773e-04,3.727400e-04,3.315570e-04,2.973747e-04,2.966614e-04,2.856578e-04,2.876322e-04,2.999409e-04,2.985768e-04,2.925369e-04,2.718138e-04,2.462188e-04,2.200541e-04,8.615486e-05,8.731144e-05,8.871228e-05,8.789218e-05,7.737632e-05,5.617678e-05,2.833149e-05,-5.061621e-07,-1.966474e-05,-2.590051e-05,-2.488719e-05,-2.669457e-05,-2.744810e-05,-2.634411e-05,-1.911635e-05,-9.852969e-06,1.729521e-06,2.067099e-05,3.914961e-05,4.750797e-05,4.385229e-05,2.873844e-05,1.260954e-05,3.917102e-06,3.268480e-06,5.613874e-06,4.806654e-06,-1.846739e-06,-8.672710e-06,-1.929086e-05,-2.985483e-05,-4.009922e-05,-5.044477e-05,-3.854600e-04,-3.381326e-04,-2.905622e-04,-2.452100e-04,-2.095581e-04,-1.850011e-04,-1.672514e-04,-1.561989e-04,-1.559607e-04,-1.629138e-04,-1.658930e-04,-1.660738e-04,-1.629425e-04,-1.569424e-04,-1.493665e-04,-1.390450e-04,-1.340168e-04,-1.415794e-04,-1.561598e-04,-1.702488e-04,-1.838608e-04,-2.001232e-04,-2.111879e-04,-2.116265e-04,-2.036099e-04,-1.952971e-04,-1.878477e-04,-1.798168e-04,-1.745678e-04,-1.742415e-04,-1.743008e-04,-1.760672e-04,-1.776877e-04,-6.057124e-05,-4.472317e-05,-2.882483e-05,-1.426908e-05,9.764902e-07,1.449231e-05,2.228769e-05,2.411567e-05,1.809003e-05,9.414828e-06,4.491903e-06,1.374708e-06,2.063238e-07,7.579061e-06,2.127989e-05,3.199845e-05,3.668640e-05,3.297646e-05,2.221560e-05,8.097637e-06,-5.660566e-06,-1.284341e-05,-1.348425e-05,-8.285020e-06,2.721379e-07,6.051578e-06,6.568072e-06,6.337143e-06,5.034537e-06,-4.038576e-06,-1.910093e-05,-3.370536e-05,-4.828860e-05,2.642232e-04,2.845836e-04,3.056605e-04,3.164852e-04,3.195015e-04,3.191823e-04,3.166177e-04,3.019753e-04,2.796995e-04,2.560453e-04,2.283124e-04,2.015135e-04,1.955649e-04,2.128495e-04,2.356657e-04,2.571158e-04,2.793714e-04,2.997965e-04,3.091925e-04,3.105313e-04,3.075445e-04,2.978401e-04,2.742668e-04,2.478775e-04,2.339490e-04,2.400513e-04,2.519139e-04,2.541675e-04,2.455708e-04,2.243845e-04,1.844070e-04,1.349309e-04,8.618114e-05
-1.677878e-05,5.144945e-05,2.569949e-05,2.142575e-06,2.526234e-05,-4.120368e-05,2.252588e-05,4.743566e-05,2.545761e-05,8.889027e-07,-2.789678e-05,1.229551e-04,-3.515274e-04,-4.051549e-04,-4.616911e-04,-4.384572e-04,-4.295342e-04,-4.470422e-04,-4.699251e-04,-4.057632e-04,-3.623668e-04,-3.335250e-04,-3.044318e-04,-3.017321e-04,-3.213254e-04,-3.534611e-04,-3.721596e-04,-3.811242e-04,-3.852495e-04,-4.280213e-04,-4.316512e-04,-3.931717e-04,-3.973900e-04,-4.458907e-04,-4.393672e-04,-3.789342e-04,-3.674216e-04,-3.498999e-04,-3.147707e-04,-3.106066e-04,-3.158906e-04,-3.239107e-04,-3.382078e-04,-3.216984e-04,-3.021806e-04,-1.380137e-04,-1.445412e-04,-1.512997e-04,-1.496946e-04,-1.327340e-04,-1.019771e-04,-6.224708e-05,-2.566825e-05,-2.304033e-06,8.207096e-06,1.228771e-05,1.635273e-05,1.550610e-05,1.611613e-05,1.314253e-05,5.542628e-06,-7.774702e-06,-3.056483e-05,-5.764989e-05,-7.488382e-05,-7.516149e-05,-5.854093e-05,-3.198015e-05,-8.915179e-06,1.885197e-06,2.399932e-06,-1.886771e-06,-3.319384e-06,-6.878346e-06,-1.143692e-05,-2.206178e-05,-3.406407e-05,-4.567666e-05,5.084690e-05,-1.712363e-05,-8.531832e-05,-1.451952e-04,-1.898095e-04,-2.209514e-04,-2.426448e-04,-2.501619e-04,-2.412369e-04,-2.245648e-04,-2.101514e-04,-1.987551e-04,-1.990494e-04,-2.112919e-04,-2.259258e-04,-2.416502e-04,-2.522581e-04,-2.500449e-04,-2.356818e-04,-2.189598e-04,-2.032472e-04,-1.826041e-04,-1.615768e-04,-1.498647e-04,-1.538397e-04,-1.652973e-04,-1.747461e-04,-1.834620e-04,-1.885025e-04,-1.890292e-04,-1.859678e-04,-1.760262e-04,-1.660444e-04,-1.200278e-04,-9.367569e-05,-6.706481e-05,-4.274849e-05,-2.179746e-05,-6.345898e-06,-7.966707e-07,-2.340564e-06,-9.162929e-06,-1.708753e-05,-2.062623e-05,-2.299137e-05,-2.395388e-05,-1.683184e-05,-3.915944e-06,5.967729e-06,1.016464e-05,7.362831e-06,-9.376236e-07,-1.503114e-05,-3.125446e-05,-4.265041e-05,-4.743314e-05,-4.230560e-05,-3.105748e-05,-2.206450e-05,-1.927170e-05,-1.854631e-05,-1.981035e-05,-2.921830e-05,-4.443927e-05,-5.891075e-05,-7.338023e-05,-8.090063e-04,-8.095339e-04,-8.104624e-04,-8.038598e-04,-7.985356e-04,-7.935508e-04,-7.817832e-04,-7.536876e-04,-7.237239e-04,-6.998296e-04,-6.855655e-04,-6.835042e-04,-6.783374e-04,-6.710803e-04,-6.788131e-04,-6.995104e-04,-7.260035e-04,-7.573714e-04,-7.794601e-04,-7.882211e-04,-7.914427e-04,-7.935417e-04,-7.823559e-04,-7.569527e-04,-7.283675e-04,-6.990337e-04,-6.793667e-04,-6.746211e-04,-6.732384e-04,-6.748609e-04,-6.889139e-04,-7.077030e-04,-7.256941e-04
2.675363e-04,-4.926630e-05,-3.731854e-04,8.691385e-06,-3.053762e-04,-3.921388e-04,-2.783265e-04,-3.061850e-05,-4.031381e-04,1.114959e-05,2.982820e-04,-3.515274e-04,6.057901e-02,3.112857e-02,8.215649e-03,-4.562560e-03,-6.868120e-03,-2.419813e-03,3.776445e-03,7.026254e-03,7.409180e-03,6.363526e-03,4.727483e-03,3.191909e-03,2.480237e-03,2.503570e-03,3.152832e-03,3.596427e-03,3.800802e-03,4.584834e-03,4.767748e-03,4.474035e-03,4.533709e-03,5.010813e-03,4.674453e-03,4.090496e-03,4.004421e-03,3.839605e-03,3.669253e-03,3.753669e-03,3.786035e-03,3.803735e-03,3.764182e-03,3.517537e-03,3.250432e-03,-2.102489e-02,-1.716248e-02,-1.328098e-02,-9.612150e-03,-6.572541e-03,-4.181037e-03,-2.325020e-03,-9.266035e-04,4.853236e-05,6.792019e-04,9.817010e-04,1.016076e-03,8.920931e-04,6.599164e-04,4.797393e-04,3.387082e-04,2.644931e-04,3.555090e-04,5.324003e-04,6.377384e-04,5.994018e-04,4.018482e-04,1.499586e-04,-2.923651e-05,-8.688881e-05,-6.683326e-05,-4.238176e-05,-7.568603e-05,-9.793637e-05,-1.386959e-04,-1.443593e-04,-1.402107e-04,-1.389306e-04,-9.873613e-03,-7.093405e-03,-4.294129e-03,-1.707388e-03,2.474356e-04,1.556486e-03,2.300767e-03,2.541855e-03,2.406166e-03,1.975131e-03,1.396534e-03,7.909943e-04,3.471664e-04,9.822369e-05,-8.755625e-06,5.032683e-05,1.672096e-04,1.754003e-04,8.421465e-05,-1.793710e-05,-1.220002e-04,-2.934226e-04,-4.500477e-04,-4.980071e-04,-4.120228e-04,-2.849678e-04,-1.783352e-04,-7.199691e-05,-2.563600e-06,9.863780e-06,-6.551201e-07,-6.127534e-05,-1.211369e-04,1.046735e-04,-2.342024e-05,-1.544715e-04,-2.665208e-04,-3.100957e-04,-3.039511e-04,-2.733717e-04,-2.381651e-04,-2.140203e-04,-1.979663e-04,-1.828280e-04,-1.738691e-04,-1.706985e-04,-1.681940e-04,-1.640166e-04,-1.596926e-04,-1.616712e-04,-1.820413e-04,-2.171688e-04,-2.400825e-04,-2.451499e-04,-2.254342e-04,-1.903310e-04,-1.694740e-04,-1.637234e-04,-1.696609e-04,-1.793296e-04,-1.842028e-04,-1.850461e-04,-1.856357e-04,-1.839655e-04,-1.804474e-04,-1.771086e-04,1.655054e-04,1.877570e-05,-1.315243e-04,-2.587367e-04,-3.025329e-04,-2.914468e-04,-2.657449e-04,-2.410244e-04,-2.199847e-04,-2.038148e-04,-1.848837e-04,-1.677046e-04,-1.562747e-04,-1.458898e-04,-1.422851e-04,-1.524738e-04,-1.737629e-04,-1.877230e-04,-1.887189e-04,-1.995042e-04,-2.121271e-04,-2.078390e-04,-1.893166e-04,-1.862750e-04,-1.917991e-04,-1.913690e-04,-1.882560e-04,-1.834542e-04,-1.769359e-04,-1.781168e-04,-1.935381e-04,-2.160702e-04,-2.380180e-04
2.922416e-04,-6.626222e-05,-4.242777e-04,-2.941339e-06,-3.489280e-04,-4.291437e-04,-3.209073e-04,-4.558219e-05,-4.423674e-04,3.378190e-06,3.295340e-04,-4.051549e-04,3.112857e-02,2.028927e-02,7.985560e-03,6.256071e-04,-9.634487e-04,1.457453e-03,4.990508e-03,6.488371e-03,6.474104e-03,5.765870e-03,4.572630e-03,3.664954e-03,3.379876e-03,3.580437e-03,4.135763e-03,4.426633e-03,4.543042e-03,5.249946e-03,5.310657e-03,4.961653e-03,5.063305e-03,5.620066e-03,5.261378e-03,4.623698e-03,4.543258e-03,4.351063e-03,4.136228e-03,4.207726e-03,4.236753e-03,4.246487e-03,4.195336e-03,3.907408e-03,3.595894e-03,-1.088261e-02,-8.660386e-03,-6.422274e-03,-4.333086e-03,-2.716175e-03,-1.570497e-03,-7.966097e-04,-2.811295e-04,7.790878e-05,3.406443e-04,4.764452e-04,4.584279e-04,3.752784e-04,2.367636e-04,1.655091e-04,1.430905e-04,1.885019e-04,3.855576e-04,6.422496e-04,7.883434e-04,7.533279e-04,5.322931e-04,2.458268e-04,3.962246e-05,-2.891442e-05,-8.839552e-06,1.787849e-05,-1.962434e-05,-4.603035e-05,-9.381017e-05,-1.012687e-04,-9.739552e-05,-9.682825e-05,-7.331328e-03,-5.302738e-03,-3.258269e-03,-1.362710e-03,5.884113e-05,1.010068e-03,1.571234e-03,1.766543e-03,1.646763e-03,1.308478e-03,9.149101e-04,5.304926e-04,2.897414e-04,2.061158e-04,2.132057e-04,3.235132e-04,4.277315e-04,3.838978e-04,2.225587e-04,5.412583e-05,-1.046961e-04,-3.216799e-04,-5.077105e-04,-5.604762e-04,-4.550851e-04,-3.018265e-04,-1.712658e-04,-4.250471e-05,4.280559e-05,6.415872e-05,5.947825e-05,-2.494710e-06,-6.363239e-05,8.792473e-05,-2.184168e-05,-1.344890e-04,-2.322035e-04,-2.700864e-04,-2.633807e-04,-2.283929e-04,-1.862171e-04,-1.617446e-04,-1.506865e-04,-1.454579e-04,-1.453832e-04,-1.484372e-04,-1.499335e-04,-1.473558e-04,-1.440545e-04,-1.465779e-04,-1.665029e-04,-2.007078e-04,-2.200871e-04,-2.200582e-04,-1.956294e-04,-1.566336e-04,-1.346452e-04,-1.293557e-04,-1.350082e-04,-1.447227e-04,-1.520180e-04,-1.560475e-04,-1.587475e-04,-1.594414e-04,-1.591261e-04,-1.589160e-04,1.478841e-04,3.453697e-05,-8.230919e-05,-1.829489e-04,-2.146653e-04,-2.052264e-04,-1.909148e-04,-1.799238e-04,-1.611491e-04,-1.458593e-04,-1.341442e-04,-1.251290e-04,-1.192793e-04,-1.130874e-04,-1.107019e-04,-1.177876e-04,-1.335054e-04,-1.402019e-04,-1.334804e-04,-1.396908e-04,-1.502814e-04,-1.456239e-04,-1.277011e-04,-1.281164e-04,-1.380210e-04,-1.401147e-04,-1.371681e-04,-1.323257e-04,-1.282122e-04,-1.324875e-04,-1.484265e-04,-1.706190e-04,-1.923577e-04
3.240405e-04,-7.996545e-05,-4.790101e-04,-1.088385e-05,-3.947782e-04,-4.749503e-04,-3.655746e-04,-5.770428e-05,-4.912109e-04,-2.593292e-07,3.684194e-04,-4.616911e-04,8.215649e-03,7.985560e-03,8.351059e-03,5.801163e-03,5.087034e-03,5.424380e-03,6.293245e-03,6.013568e-03,5.583919e-03,5.206062e-03,4.455199e-03,4.187505e-03,4.339879e-03,4.727533e-03,5.194930e-03,5.332845e-03,5.358701e-03,5.992724e-03,5.928165e-03,5.518853e-03,5.665601e-03,6.310494e-03,5.922602e-03,5.225089e-03,5.151368e-03,4.929710e-03,4.668052e-03,4.726779e-03,4.749211e-03,4.747363e-03,4.679581e-03,4.343255e-03,3.979957e-03,-5.770987e-04,-2.593616e-05,5.361491e-04,1.006341e-03,1.168103e-03,1.044059e-03,7.180617e-04,3.388547e-04,7.582323e-05,-3.073266e-05,-6.049437e-05,-1.299171e-04,-1.701813e-04,-2.125938e-04,-1.719160e-04,-7.238762e-05,9.639502e-05,4.043857e-04,7.456806e-04,9.350474e-04,9.029017e-04,6.552889e-04,3.307263e-04,9.551070e-05,1.591794e-05,3.682035e-05,6.622612e-05,2.369730e-05,-7.558149e-06,-6.347560e-05,-7.351306e-05,-7.058686e-05,-7.143657e-05,-4.716947e-03,-3.459658e-03,-2.191429e-03,-1.015142e-03,-1.477761e-04,4.340363e-04,8.078986e-04,9.583168e-04,8.577443e-04,6.161662e-04,4.126497e-04,2.542742e-04,2.208711e-04,3.064177e-04,4.304375e-04,5.939282e-04,6.855903e-04,5.869781e-04,3.508260e-04,1.114737e-04,-1.062530e-04,-3.731484e-04,-5.914896e-04,-6.493154e-04,-5.224154e-04,-3.402535e-04,-1.831924e-04,-2.910831e-05,7.467521e-05,1.067177e-04,1.094228e-04,4.709096e-05,-1.431779e-05,2.672970e-05,-5.942501e-05,-1.482094e-04,-2.261098e-04,-2.542118e-04,-2.444103e-04,-2.036678e-04,-1.540191e-04,-1.296852e-04,-1.246277e-04,-1.299230e-04,-1.387857e-04,-1.483232e-04,-1.536587e-04,-1.514548e-04,-1.480265e-04,-1.508316e-04,-1.710092e-04,-2.056491e-04,-2.229333e-04,-2.189963e-04,-1.901892e-04,-1.468028e-04,-1.227844e-04,-1.170671e-04,-1.222271e-04,-1.320724e-04,-1.414899e-04,-1.486899e-04,-1.543597e-04,-1.581762e-04,-1.613752e-04,-1.646430e-04,1.033571e-04,2.590436e-05,-5.466501e-05,-1.248925e-04,-1.414976e-04,-1.320394e-04,-1.288500e-04,-1.321779e-04,-1.165689e-04,-1.028846e-04,-9.882921e-05,-9.890329e-05,-9.890825e-05,-9.582049e-05,-9.348602e-05,-9.683193e-05,-1.065946e-04,-1.061152e-04,-9.218647e-05,-9.505308e-05,-1.050988e-04,-1.009476e-04,-8.380206e-05,-8.723931e-05,-1.004795e-04,-1.037739e-04,-1.006124e-04,-9.624710e-05,-9.504428e-05,-1.035886e-04,-1.227607e-04,-1.478611e-04,-1.725781e-04
3.205431e-04,-6.706104e-05,-4.554550e-04,-9.270703e-07,-3.757382e-04,-4.653058e-04,-3.469776e-04,-4.833272e-05,-4.834572e-04,1.116899e-05,3.620839e-04,-4.384572e-04,-4.562560e-03,6.256071e-04,5.801163e-03,1.016973e-02,9.617082e-03,8.172430e-03,6.559654e-03,4.864673e-03,4.345196e-03,4.430596e-03,4.060633e-03,4.207784e-03,4.597646e-03,5.013626e-03,5.320320e-03,5.315182e-03,5.296794e-03,5.838202e-03,5.709074e-03,5.305461e-03,5.464259e-03,6.096413e-03,5.721363e-03,5.065039e-03,5.010035e-03,4.798001e-03,4.539701e-03,4.584085e-03,4.588750e-03,4.568101e-03,4.483056e-03,4.141186e-03,3.773306e-03,6.367673e-03,6.022614e-03,5.686223e-03,5.227566e-03,4.459222e-03,3.433918e-03,2.254789e-03,1.126808e-03,3.065444e-04,-1.619961e-04,-3.790185e-04,-5.253263e-04,-5.654299e-04,-5.569972e-04,-4.546149e-04,-2.861943e-04,-5.007770e-05,3.032580e-04,6.685766e-04,8.705534e-04,8.471715e-04,6.106967e-04,2.984600e-04,7.246452e-05,-3.624491e-06,1.670057e-05,4.428273e-05,1.554398e-06,-3.079638e-05,-8.749362e-05,-1.003201e-04,-1.006838e-04,-1.046748e-04,-3.879440e-03,-2.825671e-03,-1.763224e-03,-8.228752e-04,-1.905128e-04,1.854598e-04,4.137471e-04,4.749914e-04,3.022932e-04,5.675553e-05,-5.724427e-05,-7.693679e-05,2.632693e-05,2.220678e-04,4.248129e-04,6.203401e-04,7.031408e-04,5.862723e-04,3.323332e-04,7.655380e-05,-1.536257e-04,-4.235276e-04,-6.381670e-04,-6.910451e-04,-5.621941e-04,-3.796539e-04,-2.207366e-04,-6.413643e-05,4.415114e-05,8.339351e-05,9.464049e-05,4.355141e-05,-6.656844e-06,-9.035108e-05,-1.662970e-04,-2.446285e-04,-3.089699e-04,-3.235158e-04,-3.003987e-04,-2.458354e-04,-1.844364e-04,-1.580316e-04,-1.590994e-04,-1.743418e-04,-1.902197e-04,-2.047626e-04,-2.122993e-04,-2.074833e-04,-2.013998e-04,-2.037564e-04,-2.238666e-04,-2.583477e-04,-2.764519e-04,-2.742474e-04,-2.474660e-04,-2.054475e-04,-1.805535e-04,-1.727566e-04,-1.766315e-04,-1.855558e-04,-1.935293e-04,-2.007751e-04,-2.091767e-04,-2.156122e-04,-2.203064e-04,-2.251604e-04,2.004229e-05,-4.891577e-05,-1.204844e-04,-1.765265e-04,-1.797888e-04,-1.605282e-04,-1.547922e-04,-1.593437e-04,-1.402837e-04,-1.244320e-04,-1.247927e-04,-1.335360e-04,-1.398452e-04,-1.375907e-04,-1.340057e-04,-1.343521e-04,-1.389086e-04,-1.355335e-04,-1.218191e-04,-1.268190e-04,-1.401852e-04,-1.394139e-04,-1.246029e-04,-1.268106e-04,-1.362056e-04,-1.355069e-04,-1.314754e-04,-1.290773e-04,-1.301533e-04,-1.423686e-04,-1.680696e-04,-2.003243e-04,-2.320928e-04
