3.708748e-04,-4.562673e-06,1.683181e-05,2.533093e-04,-4.789616e-05,-7.033690e-05,2.117039e-04,-3.297578e-06,-1.184449e-04,2.634043e-04,4.201827e-05,-4.636678e-05,7.635152e-04,7.744081e-04,7.792754e-04,7.561767e-04,7.633696e-04,7.322117e-04,7.668652e-04,7.580695e-04,7.725127e-04,7.282507e-04,6.943997e-04,6.091017e-04,5.282102e-04,5.062920e-04,5.576043e-04,6.964382e-04,7.708792e-04,7.474502e-04,7.598116e-04,7.212209e-04,7.149070e-04,7.193469e-04,7.523333e-04,7.280492e-04,7.284421e-04,7.611243e-04,7.140194e-04,6.988079e-04,6.578319e-04,5.825241e-04,5.046474e-04,4.318736e-04,3.580368e-04,-1.352128e-03,-1.334389e-03,-1.316750e-03,-1.298730e-03,-1.282142e-03,-1.255101e-03,-1.216341e-03,-1.176851e-03,-1.160508e-03,-1.150108e-03,-1.127581e-03,-1.096729e-03,-1.080380e-03,-1.071444e-03,-1.070286e-03,-1.077035e-03,-1.089183e-03,-1.101889e-03,-1.108691e-03,-1.115889e-03,-1.133892e-03,-1.157808e-03,-1.189473e-03,-1.212840e-03,-1.212472e-03,-1.188875e-03,-1.153631e-03,-1.125524e-03,-1.099621e-03,-1.076531e-03,-1.047871e-03,-1.019934e-03,-9.917574e-04,-3.862450e-05,-9.991446e-06,1.924491e-05,3.851773e-05,4.293071e-05,5.082962e-05,6.764893e-05,8.549310e-05,9.795694e-05,9.872051e-05,7.984550e-05,6.278862e-05,5.088462e-05,3.961416e-05,2.319766e-05,-1.396731e-05,-6.085795e-05,-8.889155e-05,-9.055687e-05,-7.733547e-05,-6.364154e-05,-4.964538e-05,-3.828746e-05,-3.144283e-05,-3.121944e-05,-4.198732e-05,-5.249794e-05,-4.506746e-05,-2.877877e-05,-4.130765e-07,3.032344e-05,6.056741e-05,9.090958e-05,9.319239e-04,8.397096e-04,7.472717e-04,6.530616e-04,5.644880e-04,4.873960e-04,4.462069e-04,4.318467e-04,4.265068e-04,4.112761e-04,3.863529e-04,3.565435e-04,3.442002e-04,3.513974e-04,4.141014e-04,5.001427e-04,5.592859e-04,5.780362e-04,5.750645e-04,5.498717e-04,5.151707e-04,4.789358e-04,4.517480e-04,4.360632e-04,4.468054e-04,4.584256e-04,4.395454e-04,3.930601e-04,3.238906e-04,2.444149e-04,1.646060e-04,1.155075e-04,6.358721e-05,-1.873915e-04,-2.060640e-04,-2.250029e-04,-2.405967e-04,-2.391033e-04,-2.156902e-04,-1.795520e-04,-1.463912e-04,-1.200310e-04,-1.088308e-04,-1.107060e-04,-1.023689e-04,-9.051298e-05,-8.826499e-05,-9.224039e-05,-1.208824e-04,-1.605006e-04,-2.022811e-04,-2.276184e-04,-2.247843e-04,-1.972121e-04,-1.519649e-04,-9.572889e-05,-3.320811e-05,2.560854e-05,6.578178e-05,7.705605e-05,5.127303e-05,-7.954970e-06,-7.600161e-05,-1.605425e-04,-2.553884e-04,-3.479152e-04
-4.562673e-06,4.032844e-04,2.839985e-07,-2.420256e-06,2.727106e-04,-1.832650e-04,-1.202234e-05,3.283309e-04,-2.248950e-05,5.435810e-06,2.204104e-04,2.211912e-04,-1.501629e-04,-1.626931e-04,-1.611328e-04,-1.768565e-04,-1.918330e-04,-1.887397e-04,-1.889501e-04,-1.732922e-04,-1.797865e-04,-1.328778e-04,-1.259458e-04,-1.282341e-04,-1.580161e-04,-1.856125e-04,-1.607792e-04,-1.321643e-04,-1.730709e-04,-1.774002e-04,-1.712656e-04,-1.611837e-04,-1.719270e-04,-1.846278e-04,-1.951075e-04,-1.940318e-04,-1.796689e-04,-1.795351e-04,-1.537640e-04,-1.641134e-04,-1.558889e-04,-9.401225e-05,-5.340994e-05,3.235074e-05,1.310334e-04,-6.503693e-05,-5.462538e-05,-4.420786e-05,-3.382494e-05,-2.362224e-05,-1.136504e-05,-1.822371e-06,1.159635e-05,2.951805e-05,3.845358e-05,3.203799e-05,2.165782e-05,1.470036e-05,9.900605e-06,1.120560e-05,-1.726134e-06,-2.348129e-05,-4.597270e-05,-6.087791e-05,-6.053256e-05,-5.067787e-05,-3.408014e-05,-1.404037e-05,6.648826e-06,2.417937e-05,3.391892e-05,3.218605e-05,2.412665e-05,-2.801811e-06,-5.297558e-05,-1.202449e-04,-1.930482e-04,-2.647362e-04,-1.655934e-03,-1.639934e-03,-1.622988e-03,-1.600832e-03,-1.583298e-03,-1.566501e-03,-1.555594e-03,-1.544057e-03,-1.526926e-03,-1.498674e-03,-1.459758e-03,-1.428898e-03,-1.406189e-03,-1.405060e-03,-1.410098e-03,-1.434006e-03,-1.454053e-03,-1.466819e-03,-1.482771e-03,-1.487880e-03,-1.487535e-03,-1.482763e-03,-1.475431e-03,-1.467145e-03,-1.459710e-03,-1.454152e-03,-1.452488e-03,-1.466065e-03,-1.485687e-03,-1.501540e-03,-1.503603e-03,-1.492692e-03,-1.480823e-03,-3.605353e-04,-3.696356e-04,-3.778935e-04,-3.930119e-04,-4.018207e-04,-3.807677e-04,-3.303035e-04,-2.729003e-04,-2.247350e-04,-1.978657e-04,-2.012135e-04,-2.161974e-04,-2.337308e-04,-2.392505e-04,-2.421243e-04,-2.866695e-04,-3.549688e-04,-4.157122e-04,-4.427236e-04,-4.328589e-04,-3.931447e-04,-3.321089e-04,-2.587756e-04,-1.796793e-04,-1.051989e-04,-5.710460e-05,-3.871033e-05,-5.417366e-05,-1.058460e-04,-1.907020e-04,-3.331390e-04,-4.981616e-04,-6.593008e-04,-1.202719e-03,-1.106331e-03,-1.010622e-03,-9.162836e-04,-8.242767e-04,-7.495267e-04,-7.084832e-04,-7.110170e-04,-7.542049e-04,-8.167420e-04,-8.800433e-04,-9.211719e-04,-9.715557e-04,-1.001891e-03,-1.031514e-03,-1.039343e-03,-1.019115e-03,-9.701055e-04,-9.040012e-04,-8.359953e-04,-7.738423e-04,-7.278793e-04,-7.088553e-04,-7.224897e-04,-7.631290e-04,-8.009135e-04,-8.278135e-04,-8.442235e-04,-8.587773e-04,-8.904870e-04,-9.290168e-04,-9.980697e-04,-1.065131e-03
1.683181e-05,2.839985e-07,3.731068e-04,1.928497e-04,4.043975e-05,1.015839e-04,1.044244e-04,-2.690846e-05,-1.803314e-04,1.984191e-04,-7.870591e-05,7.074296e-05,-1.043930e-03,-1.056145e-03,-1.060904e-03,-1.022998e-03,-1.045282e-03,-9.900777e-04,-1.021362e-03,-1.006401e-03,-1.028138e-03,-1.010981e-03,-8.941252e-04,-8.221615e-04,-7.609389e-04,-7.841761e-04,-8.515772e-04,-9.824507e-04,-1.039253e-03,-1.008265e-03,-1.002718e-03,-9.341600e-04,-9.274266e-04,-9.430812e-04,-1.019266e-03,-1.013599e-03,-1.010160e-03,-1.000872e-03,-8.862975e-04,-8.251087e-04,-7.694472e-04,-7.964724e-04,-8.460375e-04,-9.027727e-04,-9.453497e-04,-1.102949e-03,-1.063178e-03,-1.023307e-03,-9.838082e-04,-9.429234e-04,-9.112748e-04,-9.110634e-04,-9.192143e-04,-9.081958e-04,-8.822557e-04,-8.559277e-04,-8.414618e-04,-8.472465e-04,-8.671229e-04,-8.990111e-04,-9.304233e-04,-9.579501e-04,-9.811780e-04,-1.001396e-03,-1.001474e-03,-9.751299e-04,-9.284332e-04,-8.636250e-04,-7.896858e-04,-7.615417e-04,-7.727132e-04,-7.926003e-04,-8.096533e-04,-8.241490e-04,-8.287061e-04,-8.266793e-04,-8.322860e-04,-8.362596e-04,9.938383e-05,8.987770e-05,7.959372e-05,8.296904e-05,1.068474e-04,1.335072e-04,1.425120e-04,1.373753e-04,1.191792e-04,8.852369e-05,6.011539e-05,4.753102e-05,4.344908e-05,4.121266e-05,5.126036e-05,8.793423e-05,1.413239e-04,1.713822e-04,1.728962e-04,1.681859e-04,1.674028e-04,1.685389e-04,1.722358e-04,1.777295e-04,1.848339e-04,1.950704e-04,1.909212e-04,1.733182e-04,1.552606e-04,1.440125e-04,1.338795e-04,1.272522e-04,1.220336e-04,-2.580839e-03,-2.640526e-03,-2.699279e-03,-2.754484e-03,-2.807368e-03,-2.838547e-03,-2.844305e-03,-2.802645e-03,-2.725939e-03,-2.623414e-03,-2.513261e-03,-2.432269e-03,-2.383435e-03,-2.383738e-03,-2.405395e-03,-2.459243e-03,-2.529330e-03,-2.606719e-03,-2.688022e-03,-2.755518e-03,-2.815446e-03,-2.856698e-03,-2.873700e-03,-2.852044e-03,-2.796102e-03,-2.716240e-03,-2.621173e-03,-2.541507e-03,-2.486634e-03,-2.448926e-03,-2.415987e-03,-2.361408e-03,-2.307884e-03,1.002913e-04,8.537896e-05,7.032561e-05,5.717752e-05,5.374684e-05,6.463128e-05,8.651628e-05,1.057136e-04,1.180272e-04,1.170611e-04,1.058269e-04,1.004047e-04,9.921352e-05,9.805275e-05,9.685794e-05,8.025115e-05,5.340976e-05,2.534049e-05,1.338116e-05,2.046350e-05,4.527757e-05,8.294785e-05,1.294666e-04,1.795620e-04,2.253214e-04,2.483105e-04,2.453738e-04,2.178175e-04,1.686793e-04,1.137445e-04,4.314861e-05,-3.516501e-05,-1.116252e-04
2.533093e-04,-2.420256e-06,1.928497e-04,3.953180e-04,-1.821023e-05,-2.095938e-06,2.448330e-04,-1.792900e-05,-2.054432e-04,3.292775e-04,-9.572836e-06,-1.264873e-06,4.425068e-05,5.402731e-05,6.325746e-05,7.140364e-05,6.557986e-05,7.418398e-05,7.850977e-05,7.587579e-05,6.948503e-05,4.268353e-05,8.617241e-05,5.824590e-05,2.272703e-05,-1.077124e-05,-1.075764e-05,3.202132e-05,6.655278e-05,7.049917e-05,8.823908e-05,9.893039e-05,9.840396e-05,9.202806e-05,6.997105e-05,5.286021e-05,5.137496e-05,7.781945e-05,9.934531e-05,1.195468e-04,1.265498e-04,5.546620e-05,-2.465597e-05,-1.100888e-04,-1.890574e-04,-1.753554e-03,-1.718795e-03,-1.684055e-03,-1.649238e-03,-1.614725e-03,-1.577446e-03,-1.550032e-03,-1.525756e-03,-1.507340e-03,-1.483738e-03,-1.447729e-03,-1.409772e-03,-1.394833e-03,-1.394605e-03,-1.410087e-03,-1.432768e-03,-1.458728e-03,-1.483709e-03,-1.503157e-03,-1.511857e-03,-1.514357e-03,-1.509773e-03,-1.500219e-03,-1.478473e-03,-1.465436e-03,-1.456629e-03,-1.442812e-03,-1.431885e-03,-1.419310e-03,-1.399380e-03,-1.368743e-03,-1.342719e-03,-1.315635e-03,2.123585e-05,4.473985e-05,6.832498e-05,9.119574e-05,1.127590e-04,1.366295e-04,1.541325e-04,1.623018e-04,1.576669e-04,1.365319e-04,1.006464e-04,7.670789e-05,6.350693e-05,5.342455e-05,4.639401e-05,3.677565e-05,2.824980e-05,2.159075e-05,2.004102e-05,2.710971e-05,3.685406e-05,4.805012e-05,5.875541e-05,6.702155e-05,7.115173e-05,6.843418e-05,5.814957e-05,5.563048e-05,6.183507e-05,8.230436e-05,1.037622e-04,1.256197e-04,1.483046e-04,-6.939540e-04,-7.956202e-04,-8.968598e-04,-9.978597e-04,-1.091836e-03,-1.171252e-03,-1.223860e-03,-1.239252e-03,-1.222674e-03,-1.194243e-03,-1.165481e-03,-1.138481e-03,-1.082334e-03,-1.030622e-03,-9.690716e-04,-9.275697e-04,-9.268385e-04,-9.668328e-04,-1.030536e-03,-1.099120e-03,-1.161897e-03,-1.210790e-03,-1.235495e-03,-1.233648e-03,-1.211376e-03,-1.188179e-03,-1.177221e-03,-1.176126e-03,-1.174948e-03,-1.156095e-03,-1.131070e-03,-1.075912e-03,-1.023155e-03,-1.028095e-04,-1.235899e-04,-1.446474e-04,-1.615463e-04,-1.560272e-04,-1.278687e-04,-9.511829e-05,-7.649273e-05,-6.223830e-05,-6.444263e-05,-8.168343e-05,-7.211691e-05,-2.953225e-05,1.014425e-05,2.283160e-05,-1.289667e-05,-7.198974e-05,-1.367079e-04,-1.809751e-04,-1.840377e-04,-1.461249e-04,-8.059582e-05,3.291520e-06,9.020303e-05,1.513948e-04,1.702060e-04,1.520777e-04,1.078442e-04,5.324995e-05,2.453880e-05,-1.651200e-05,-7.712061e-05,-1.342249e-04
-4.789616e-05,2.727106e-04,4.043975e-05,-1.821023e-05,3.743926e-04,-3.573014e-05,2.422452e-05,2.688179e-04,6.112886e-05,-1.418801e-05,2.111746e-04,1.297079e-04,-6.676598e-04,-7.144656e-04,-7.448059e-04,-7.495784e-04,-7.839394e-04,-7.598998e-04,-7.836039e-04,-7.588375e-04,-7.764401e-04,-7.240377e-04,-6.686735e-04,-6.102700e-04,-5.598468e-04,-5.691307e-04,-5.809737e-04,-6.616551e-04,-7.455168e-04,-7.214800e-04,-7.292756e-04,-6.900896e-04,-7.026008e-04,-7.278625e-04,-7.766481e-04,-7.691799e-04,-7.562418e-04,-7.587497e-04,-6.774103e-04,-6.524257e-04,-6.134256e-04,-5.358240e-04,-4.792929e-04,-3.794669e-04,-2.655369e-04,1.613919e-04,1.568805e-04,1.524364e-04,1.477409e-04,1.437861e-04,1.352187e-04,1.139932e-04,9.769100e-05,1.028595e-04,1.108112e-04,1.025753e-04,8.244529e-05,5.941580e-05,3.465854e-05,1.681335e-05,-2.727328e-06,-2.126508e-05,-3.674330e-05,-4.831918e-05,-4.245462e-05,-1.606560e-05,2.405064e-05,7.488666e-05,1.248096e-04,1.506087e-04,1.498065e-04,1.308018e-04,1.070560e-04,6.634243e-05,6.721741e-06,-6.643871e-05,-1.458861e-04,-2.240808e-04,-1.316924e-03,-1.325972e-03,-1.335211e-03,-1.328295e-03,-1.306913e-03,-1.284232e-03,-1.272828e-03,-1.265264e-03,-1.256394e-03,-1.241063e-03,-1.211423e-03,-1.185464e-03,-1.166672e-03,-1.167529e-03,-1.166142e-03,-1.153076e-03,-1.119973e-03,-1.097281e-03,-1.100908e-03,-1.107900e-03,-1.111528e-03,-1.113359e-03,-1.113296e-03,-1.111950e-03,-1.109828e-03,-1.105477e-03,-1.109004e-03,-1.135716e-03,-1.172060e-03,-1.205310e-03,-1.223678e-03,-1.229743e-03,-1.234514e-03,-6.960621e-05,-7.066369e-05,-7.176187e-05,-7.320724e-05,-6.527118e-05,-3.869288e-05,3.042679e-06,4.391547e-05,7.057001e-05,7.742801e-05,6.715128e-05,6.065548e-05,5.121110e-05,3.515878e-05,1.935273e-05,-1.075193e-05,-4.602564e-05,-8.030302e-05,-9.529879e-05,-8.388339e-05,-4.840821e-05,2.734951e-06,6.161994e-05,1.227697e-04,1.801808e-04,2.196032e-04,2.300969e-04,2.044301e-04,1.431924e-04,6.709977e-05,-2.808851e-05,-1.307796e-04,-2.314695e-04,2.650313e-04,3.360254e-04,4.054605e-04,4.764863e-04,5.518097e-04,6.034134e-04,6.212450e-04,5.906732e-04,5.166395e-04,4.144194e-04,3.147750e-04,2.589496e-04,2.175247e-04,1.963535e-04,1.894801e-04,2.330076e-04,3.053887e-04,3.816439e-04,4.555955e-04,5.159368e-04,5.669287e-04,5.985783e-04,6.048001e-04,5.757279e-04,5.238702e-04,4.702290e-04,4.074497e-04,3.491605e-04,2.983116e-04,2.584302e-04,2.481144e-04,2.263017e-04,2.041867e-04
-7.033690e-05,-1.832650e-04,1.015839e-04,-2.095938e-06,-3.573014e-05,3.492251e-04,6.764391e-05,-1.846150e-04,1.126562e-04,-6.783313e-06,-7.850373e-05,-1.877992e-04,-9.262594e-04,-9.713659e-04,-1.016331e-03,-9.954285e-04,-1.013514e-03,-9.725396e-04,-9.991292e-04,-9.869023e-04,-1.002938e-03,-1.005048e-03,-9.203085e-04,-8.168740e-04,-6.867458e-04,-6.595780e-04,-7.352926e-04,-9.209723e-04,-9.828978e-04,-9.455738e-04,-9.683067e-04,-9.174107e-04,-9.091847e-04,-9.172465e-04,-9.729218e-04,-9.531438e-04,-9.593933e-04,-9.710878e-04,-8.925176e-04,-8.427736e-04,-7.948305e-04,-7.955219e-04,-7.911305e-04,-8.129983e-04,-8.328640e-04,2.314837e-04,2.102517e-04,1.891100e-04,1.676487e-04,1.476073e-04,1.169730e-04,7.055575e-05,2.171609e-05,-1.480562e-06,-2.914843e-06,-4.297693e-07,-8.679823e-06,-2.648350e-05,-4.981445e-05,-7.546804e-05,-8.126438e-05,-7.215875e-05,-5.868366e-05,-5.382656e-05,-4.920008e-05,-2.904283e-05,1.094053e-06,4.281197e-05,8.241806e-05,8.456118e-05,5.694361e-05,2.624653e-05,7.441739e-06,4.327668e-06,2.161887e-05,4.907993e-05,7.533688e-05,1.018742e-04,9.642927e-04,9.190321e-04,8.720280e-04,8.393107e-04,8.351417e-04,8.360884e-04,8.340897e-04,8.274002e-04,8.140507e-04,7.906165e-04,7.699950e-04,7.585719e-04,7.492039e-04,7.481300e-04,7.607624e-04,8.214257e-04,9.031419e-04,9.547723e-04,9.723697e-04,9.668473e-04,9.588441e-04,9.475514e-04,9.364105e-04,9.271604e-04,9.221365e-04,9.255680e-04,9.223337e-04,9.098067e-04,8.955175e-04,8.764432e-04,8.513780e-04,8.223089e-04,7.935201e-04,1.918938e-04,2.120115e-04,2.321485e-04,2.501688e-04,2.552979e-04,2.432421e-04,2.215731e-04,2.009507e-04,1.830008e-04,1.724752e-04,1.685405e-04,1.586315e-04,1.484759e-04,1.468020e-04,1.520204e-04,1.761651e-04,2.098680e-04,2.469104e-04,2.741876e-04,2.801145e-04,2.630556e-04,2.297162e-04,1.849694e-04,1.346217e-04,8.721120e-05,5.498307e-05,4.284130e-05,5.300663e-05,8.441443e-05,1.227534e-04,1.754778e-04,2.342523e-04,2.915146e-04,2.656049e-03,2.590344e-03,2.524792e-03,2.452867e-03,2.378653e-03,2.305754e-03,2.256234e-03,2.221100e-03,2.197110e-03,2.162156e-03,2.113701e-03,2.069380e-03,2.069892e-03,2.109922e-03,2.186952e-03,2.272489e-03,2.327723e-03,2.347710e-03,2.349404e-03,2.327429e-03,2.294623e-03,2.258455e-03,2.230570e-03,2.208090e-03,2.200540e-03,2.180135e-03,2.134339e-03,2.090067e-03,2.058587e-03,2.042382e-03,2.021107e-03,2.012721e-03,2.002876e-03
2.117039e-04,-1.202234e-05,1.044244e-04,2.448330e-04,2.422452e-05,6.764391e-05,3.706863e-04,-1.340085e-05,-1.236130e-05,2.525448e-04,-5.557573e-05,5.120029e-05,-6.837895e-04,-7.135782e-04,-7.381092e-04,-7.199037e-04,-7.402752e-04,-6.948139e-04,-7.074605e-04,-6.983289e-04,-7.201985e-04,-7.261770e-04,-6.322170e-04,-5.831418e-04,-5.437095e-04,-5.644694e-04,-6.070733e-04,-6.952965e-04,-7.319369e-04,-7.096660e-04,-7.012206e-04,-6.477019e-04,-6.371897e-04,-6.436763e-04,-7.000697e-04,-6.976343e-04,-7.030544e-04,-6.991104e-04,-6.130879e-04,-5.598894e-04,-5.138411e-04,-5.550072e-04,-6.111855e-04,-6.840634e-04,-7.428933e-04,-1.214044e-03,-1.196464e-03,-1.178830e-03,-1.161393e-03,-1.143210e-03,-1.129915e-03,-1.139454e-03,-1.156089e-03,-1.155727e-03,-1.136864e-03,-1.108747e-03,-1.083691e-03,-1.076415e-03,-1.080303e-03,-1.096981e-03,-1.117283e-03,-1.138383e-03,-1.158716e-03,-1.178039e-03,-1.183310e-03,-1.170826e-03,-1.144026e-03,-1.103835e-03,-1.056287e-03,-1.044042e-03,-1.059454e-03,-1.077447e-03,-1.088673e-03,-1.090704e-03,-1.075781e-03,-1.051097e-03,-1.033965e-03,-1.015209e-03,9.514843e-05,7.770120e-05,5.963902e-05,5.340022e-05,6.625165e-05,8.720893e-05,1.010923e-04,1.063334e-04,1.000675e-04,7.901414e-05,5.344808e-05,4.000832e-05,3.377690e-05,2.923635e-05,3.599623e-05,6.194792e-05,9.886791e-05,1.188074e-04,1.183563e-04,1.139596e-04,1.116107e-04,1.103540e-04,1.108796e-04,1.128742e-04,1.164991e-04,1.229174e-04,1.198581e-04,1.105296e-04,1.042661e-04,1.049410e-04,1.038376e-04,1.048140e-04,1.071382e-04,9.929798e-04,9.281383e-04,8.631995e-04,7.945696e-04,7.284461e-04,6.555255e-04,5.859019e-04,5.206479e-04,4.708477e-04,4.199440e-04,3.674823e-04,3.448835e-04,3.988805e-04,4.850219e-04,5.850101e-04,6.765213e-04,7.271804e-04,7.319346e-04,7.080539e-04,6.673484e-04,6.285737e-04,5.932291e-04,5.705944e-04,5.505020e-04,5.231365e-04,4.755293e-04,4.050201e-04,3.480661e-04,3.334306e-04,3.818138e-04,4.510935e-04,5.368043e-04,6.205580e-04,-2.053062e-05,-3.780067e-05,-5.523162e-05,-7.032772e-05,-7.332653e-05,-5.769184e-05,-2.821174e-05,-8.170605e-07,1.860524e-05,2.246683e-05,1.417120e-05,1.322573e-05,1.481182e-05,1.249725e-05,8.520371e-06,-1.614007e-05,-5.236657e-05,-8.953186e-05,-1.073293e-04,-9.990025e-05,-7.011817e-05,-2.399109e-05,3.291612e-05,9.539599e-05,1.541168e-04,1.885678e-04,1.925822e-04,1.630607e-04,1.027517e-04,3.266244e-05,-5.674070e-05,-1.557860e-04,-2.524920e-04
-3.297578e-06,3.283309e-04,-2.690846e-05,-1.792900e-05,2.688179e-04,-1.846150e-04,-1.340085e-05,3.994517e-04,7.116314e-07,-1.118225e-05,2.208689e-04,2.168577e-04,-1.541424e-04,-1.511286e-04,-1.366880e-04,-1.418779e-04,-1.496162e-04,-1.455697e-04,-1.517830e-04,-1.499798e-04,-1.649509e-04,-1.220169e-04,-1.141053e-04,-1.143359e-04,-1.440674e-04,-1.665238e-04,-1.433091e-04,-1.051100e-04,-1.401540e-04,-1.393834e-04,-1.299602e-04,-1.204955e-04,-1.326656e-04,-1.480269e-04,-1.599174e-04,-1.640069e-04,-1.526702e-04,-1.524551e-04,-1.316453e-04,-1.411222e-04,-1.296990e-04,-6.268874e-05,-1.426450e-05,7.857093e-05,1.827691e-04,4.005048e-05,4.507047e-05,5.009801e-05,5.508098e-05,5.996474e-05,6.661134e-05,7.020062e-05,7.724314e-05,8.837616e-05,9.111273e-05,8.372350e-05,7.800177e-05,7.805429e-05,7.982158e-05,8.573620e-05,7.733285e-05,5.928865e-05,3.920755e-05,2.482172e-05,2.358004e-05,3.048165e-05,4.322331e-05,5.907641e-05,7.558481e-05,9.200868e-05,1.033827e-04,1.028266e-04,9.416033e-05,6.537043e-05,1.333167e-05,-5.484749e-05,-1.278115e-04,-1.998362e-04,-1.661507e-03,-1.638773e-03,-1.615021e-03,-1.588435e-03,-1.567602e-03,-1.548990e-03,-1.537882e-03,-1.526826e-03,-1.510194e-03,-1.481440e-03,-1.444155e-03,-1.415073e-03,-1.392491e-03,-1.390824e-03,-1.397087e-03,-1.424279e-03,-1.447924e-03,-1.462278e-03,-1.478150e-03,-1.482761e-03,-1.481519e-03,-1.475796e-03,-1.467738e-03,-1.459228e-03,-1.452330e-03,-1.448552e-03,-1.447953e-03,-1.462050e-03,-1.482412e-03,-1.498644e-03,-1.501222e-03,-1.491764e-03,-1.481409e-03,-1.572347e-05,-4.669079e-05,-7.850425e-05,-1.002953e-04,-9.463014e-05,-6.156447e-05,-1.417320e-05,2.936916e-05,5.704016e-05,6.268543e-05,5.731431e-05,7.292342e-05,8.610433e-05,6.467646e-05,3.207346e-05,-7.311106e-06,-4.358347e-05,-9.005769e-05,-1.252442e-04,-1.258528e-04,-8.772960e-05,-2.421278e-05,5.444931e-05,1.391159e-04,2.196744e-04,2.786817e-04,2.947096e-04,2.556860e-04,1.663486e-04,7.710985e-05,-6.028247e-07,-7.352952e-05,-1.453937e-04,-1.192831e-03,-1.096726e-03,-1.001197e-03,-9.076540e-04,-8.178254e-04,-7.458996e-04,-7.073196e-04,-7.111770e-04,-7.543522e-04,-8.155144e-04,-8.771839e-04,-9.187885e-04,-9.698116e-04,-9.988851e-04,-1.026765e-03,-1.033330e-03,-1.012385e-03,-9.621328e-04,-8.952655e-04,-8.279430e-04,-7.681141e-04,-7.254706e-04,-7.102773e-04,-7.277967e-04,-7.720565e-04,-8.124105e-04,-8.395419e-04,-8.531194e-04,-8.619852e-04,-8.880031e-04,-9.218675e-04,-9.862538e-04,-1.048720e-03
-1.184449e-04,-2.248950e-05,-1.803314e-04,-2.054432e-04,6.112886e-05,1.126562e-04,-1.236130e-05,7.116314e-07,4.066396e-04,-2.155746e-04,-7.536368e-05,6.948234e-05,-1.083978e-03,-1.141677e-03,-1.190504e-03,-1.173882e-03,-1.196185e-03,-1.150544e-03,-1.190135e-03,-1.197776e-03,-1.229808e-03,-1.200118e-03,-1.125349e-03,-1.001955e-03,-8.615781e-04,-8.200310e-04,-8.786243e-04,-1.076139e-03,-1.185828e-03,-1.153920e-03,-1.181215e-03,-1.140911e-03,-1.144736e-03,-1.159073e-03,-1.201330e-03,-1.166481e-03,-1.153219e-03,-1.175740e-03,-1.091375e-03,-1.059768e-03,-1.012400e-03,-9.337552e-04,-8.564338e-04,-7.784120e-04,-6.949572e-04,1.306126e-03,1.267728e-03,1.229456e-03,1.190718e-03,1.153761e-03,1.103655e-03,1.035837e-03,9.614625e-04,9.185329e-04,8.939308e-04,8.713489e-04,8.485464e-04,8.355599e-04,8.269458e-04,8.273208e-04,8.390223e-04,8.573952e-04,8.754541e-04,8.834473e-04,8.908720e-04,9.114949e-04,9.391165e-04,9.761388e-04,1.002754e-03,1.002669e-03,9.749664e-04,9.345999e-04,9.054354e-04,8.792883e-04,8.556783e-04,8.260107e-04,7.948059e-04,7.638572e-04,1.515302e-04,8.642291e-05,2.022435e-05,-2.700730e-05,-4.310157e-05,-5.209199e-05,-6.186143e-05,-6.870520e-05,-7.054348e-05,-6.476650e-05,-4.512903e-05,-2.472185e-05,-8.147307e-06,2.807579e-06,2.050502e-05,7.239608e-05,1.410968e-04,1.815566e-04,1.821584e-04,1.603078e-04,1.357674e-04,1.097226e-04,8.702829e-05,7.124504e-05,6.600207e-05,7.844103e-05,9.287825e-05,8.642571e-05,6.995707e-05,4.310519e-05,1.652047e-05,-7.080741e-06,-3.038806e-05,2.702702e-03,2.781600e-03,2.859482e-03,2.931708e-03,2.992715e-03,3.030304e-03,3.054408e-03,3.040109e-03,2.978165e-03,2.878638e-03,2.762338e-03,2.657688e-03,2.561685e-03,2.515666e-03,2.516635e-03,2.577399e-03,2.668934e-03,2.775448e-03,2.892304e-03,2.985998e-03,3.055599e-03,3.094699e-03,3.097945e-03,3.059668e-03,3.001998e-03,2.934573e-03,2.851552e-03,2.767695e-03,2.683077e-03,2.585123e-03,2.488689e-03,2.378648e-03,2.268859e-03,1.842331e-04,1.998606e-04,2.158094e-04,2.283495e-04,2.246801e-04,2.021809e-04,1.691481e-04,1.400596e-04,1.176164e-04,1.087748e-04,1.116165e-04,1.048663e-04,9.562315e-05,9.438013e-05,9.672444e-05,1.178321e-04,1.476730e-04,1.800155e-04,2.000094e-04,1.976514e-04,1.755564e-04,1.396122e-04,9.533900e-05,4.627181e-05,-1.332166e-06,-3.638507e-05,-4.733587e-05,-2.620023e-05,2.414346e-05,8.328501e-05,1.548155e-04,2.345400e-04,3.124947e-04
2.634043e-04,5.435810e-06,1.984191e-04,3.292775e-04,-1.418801e-05,-6.783313e-06,2.525448e-04,-1.118225e-05,-2.155746e-04,4.332976e-04,-6.546953e-07,2.204233e-06,7.578116e-05,7.764524e-05,7.863403e-05,7.792528e-05,7.360125e-05,8.184067e-05,1.024055e-04,1.253269e-04,1.350714e-04,1.117896e-04,1.322856e-04,9.292111e-05,4.311115e-05,1.764000e-06,9.591102e-06,5.229746e-05,7.897918e-05,6.823795e-05,8.271631e-05,8.998602e-05,9.711103e-05,1.020221e-04,9.179195e-05,7.514812e-05,7.755859e-05,1.086117e-04,1.371438e-04,1.619842e-04,1.545842e-04,6.871701e-05,-3.843389e-05,-1.481482e-04,-2.484336e-04,-1.867327e-03,-1.826833e-03,-1.786378e-03,-1.745774e-03,-1.705734e-03,-1.661101e-03,-1.622720e-03,-1.585994e-03,-1.554388e-03,-1.519595e-03,-1.481806e-03,-1.449726e-03,-1.439847e-03,-1.440827e-03,-1.455290e-03,-1.479232e-03,-1.507724e-03,-1.535372e-03,-1.556095e-03,-1.565762e-03,-1.570692e-03,-1.568801e-03,-1.562008e-03,-1.540572e-03,-1.524992e-03,-1.512076e-03,-1.492858e-03,-1.475831e-03,-1.456305e-03,-1.432758e-03,-1.402842e-03,-1.378669e-03,-1.353210e-03,-1.114339e-05,9.409747e-06,3.007805e-05,4.962493e-05,6.697107e-05,8.860614e-05,1.081944e-04,1.207453e-04,1.215610e-04,1.052081e-04,7.685518e-05,5.543494e-05,3.894253e-05,2.526771e-05,1.802948e-05,8.240285e-06,-8.951982e-07,-5.342679e-06,-1.741425e-06,1.172035e-05,2.647589e-05,4.164829e-05,5.509176e-05,6.484581e-05,6.902004e-05,6.485901e-05,5.129934e-05,4.354599e-05,4.150172e-05,5.016842e-05,6.041029e-05,7.309086e-05,8.673995e-05,-7.294420e-04,-8.365411e-04,-9.432003e-04,-1.049527e-03,-1.147844e-03,-1.229516e-03,-1.281721e-03,-1.294352e-03,-1.273929e-03,-1.242001e-03,-1.210773e-03,-1.182469e-03,-1.125797e-03,-1.074457e-03,-1.012517e-03,-9.713308e-04,-9.720807e-04,-1.014521e-03,-1.080642e-03,-1.151355e-03,-1.215878e-03,-1.265708e-03,-1.290181e-03,-1.286610e-03,-1.261039e-03,-1.234313e-03,-1.220856e-03,-1.219278e-03,-1.220159e-03,-1.205489e-03,-1.186770e-03,-1.137564e-03,-1.090709e-03,-9.604550e-05,-1.296076e-04,-1.636465e-04,-1.931166e-04,-2.028952e-04,-1.730578e-04,-9.802525e-05,-1.003213e-05,5.456408e-05,8.310221e-05,8.084303e-05,6.582067e-05,1.644524e-05,-4.583890e-05,-8.040954e-05,-1.199575e-04,-1.646437e-04,-2.085716e-04,-2.216331e-04,-2.022557e-04,-1.586942e-04,-9.638557e-05,-2.397289e-05,6.067855e-05,1.688587e-04,2.663799e-04,3.159968e-04,2.849999e-04,1.625567e-04,-2.264509e-05,-2.472849e-04,-4.768814e-04,-7.038852e-04
4.201827e-05,2.204104e-04,-7.870591e-05,-9.572836e-06,2.111746e-04,-7.850373e-05,-5.557573e-05,2.208689e-04,-7.536368e-05,-6.546953e-07,4.097730e-04,-3.865580e-05,7.968286e-04,8.379934e-04,8.746166e-04,8.504738e-04,8.796578e-04,8.351542e-04,8.719709e-04,8.705804e-04,8.852548e-04,8.871804e-04,8.045076e-04,7.251201e-04,6.238903e-04,6.045856e-04,6.753911e-04,8.417582e-04,8.942018e-04,8.644978e-04,8.713588e-04,8.289575e-04,8.248709e-04,8.352007e-04,8.869144e-04,8.721586e-04,8.659133e-04,8.637480e-04,7.725496e-04,7.182927e-04,6.782036e-04,6.810720e-04,6.875967e-04,7.118474e-04,7.362726e-04,3.753805e-06,-2.454274e-06,-8.777153e-06,-1.467994e-05,-2.224925e-05,-1.738304e-05,1.329304e-05,5.474866e-05,7.473290e-05,7.351637e-05,6.292180e-05,5.659903e-05,5.985091e-05,7.051944e-05,8.652582e-05,9.190675e-05,8.900299e-05,8.339483e-05,8.272700e-05,7.855143e-05,6.060844e-05,3.271862e-05,-6.651751e-06,-4.661368e-05,-5.557850e-05,-3.591963e-05,-9.750296e-06,1.032156e-05,2.265722e-05,2.255854e-05,1.461389e-05,6.927539e-06,-8.045893e-07,-1.177968e-03,-1.135047e-03,-1.090864e-03,-1.062248e-03,-1.061617e-03,-1.065339e-03,-1.058649e-03,-1.042562e-03,-1.016314e-03,-9.796826e-04,-9.449302e-04,-9.249473e-04,-9.137664e-04,-9.141881e-04,-9.277384e-04,-9.784196e-04,-1.041213e-03,-1.077000e-03,-1.085578e-03,-1.077934e-03,-1.068524e-03,-1.057663e-03,-1.048601e-03,-1.043332e-03,-1.044144e-03,-1.055521e-03,-1.061607e-03,-1.056616e-03,-1.046069e-03,-1.031444e-03,-1.013072e-03,-9.908757e-04,-9.689069e-04,-5.700247e-05,-6.964685e-05,-8.232663e-05,-9.420068e-05,-9.429460e-05,-7.680286e-05,-4.860919e-05,-2.336010e-05,-5.358305e-06,4.805705e-07,-3.779751e-06,-1.407103e-06,1.637244e-06,-1.057453e-06,-7.322891e-06,-3.141461e-05,-6.425610e-05,-9.955730e-05,-1.223512e-04,-1.221458e-04,-9.807465e-05,-5.770088e-05,-6.877583e-06,4.810458e-05,9.892945e-05,1.322887e-04,1.418738e-04,1.246434e-04,8.117333e-05,2.761161e-05,-4.330782e-05,-1.223037e-04,-1.994742e-04,9.597645e-04,1.049000e-03,1.137597e-03,1.211151e-03,1.270610e-03,1.304077e-03,1.319635e-03,1.291986e-03,1.224451e-03,1.120921e-03,9.942833e-04,8.834157e-04,8.019671e-04,8.043787e-04,8.542280e-04,9.336602e-04,1.012600e-03,1.096756e-03,1.188662e-03,1.260790e-03,1.312398e-03,1.336792e-03,1.330234e-03,1.282276e-03,1.211338e-03,1.129563e-03,1.037299e-03,9.669317e-04,9.206434e-04,8.609422e-04,7.736774e-04,6.493716e-04,5.269888e-04
-4.636678e-05,2.211912e-04,7.074296e-05,-1.264873e-06,1.297079e-04,-1.877992e-04,5.120029e-05,2.168577e-04,6.948234e-05,2.204233e-06,-3.865580e-05,4.321374e-04,-1.232724e-03,-1.235896e-03,-1.223154e-03,-1.182139e-03,-1.199545e-03,-1.134397e-03,-1.178395e-03,-1.190489e-03,-1.235338e-03,-1.178459e-03,-1.068021e-03,-9.806735e-04,-9.369214e-04,-9.589005e-04,-1.006845e-03,-1.127502e-03,-1.229022e-03,-1.207603e-03,-1.195992e-03,-1.133399e-03,-1.133725e-03,-1.151475e-03,-1.213437e-03,-1.193545e-03,-1.173382e-03,-1.181902e-03,-1.067188e-03,-1.027700e-03,-9.688097e-04,-9.200654e-04,-9.037082e-04,-8.743620e-04,-8.235397e-04,-1.508772e-04,-1.185577e-04,-8.610463e-05,-5.417192e-05,-2.052818e-05,1.995739e-06,-1.118768e-05,-3.926591e-05,-4.376786e-05,-3.898064e-05,-3.552709e-05,-2.961229e-05,-1.986879e-05,-1.239010e-05,-8.604586e-06,-2.158311e-05,-4.537467e-05,-7.234605e-05,-9.655140e-05,-9.851228e-05,-7.637790e-05,-3.613205e-05,2.086641e-05,8.010220e-05,1.039636e-04,9.092365e-05,6.019652e-05,3.351170e-05,-1.376275e-06,-4.096981e-05,-9.133999e-05,-1.512327e-04,-2.091977e-04,-9.963382e-04,-1.015476e-03,-1.034304e-03,-1.038220e-03,-1.024822e-03,-1.008025e-03,-1.008431e-03,-1.015263e-03,-1.021959e-03,-1.020179e-03,-1.003247e-03,-9.790896e-04,-9.516248e-04,-9.371306e-04,-9.185320e-04,-8.991253e-04,-8.732280e-04,-8.660790e-04,-8.904831e-04,-9.159091e-04,-9.361877e-04,-9.509906e-04,-9.585526e-04,-9.579633e-04,-9.482752e-04,-9.252843e-04,-9.065994e-04,-9.121912e-04,-9.246989e-04,-9.366265e-04,-9.437613e-04,-9.392593e-04,-9.331957e-04,-2.145331e-04,-2.174728e-04,-2.203896e-04,-2.239449e-04,-2.201100e-04,-2.004004e-04,-1.666034e-04,-1.304656e-04,-1.042599e-04,-9.375176e-05,-9.815212e-05,-1.011621e-04,-1.063208e-04,-1.183994e-04,-1.310597e-04,-1.568882e-04,-1.882732e-04,-2.191177e-04,-2.335850e-04,-2.259169e-04,-1.985256e-04,-1.577151e-04,-1.097318e-04,-5.845757e-05,-9.057977e-06,2.576870e-05,3.642436e-05,1.640947e-05,-3.323183e-05,-9.493544e-05,-1.717137e-04,-2.530069e-04,-3.327920e-04,-3.201408e-03,-3.097823e-03,-2.993601e-03,-2.891858e-03,-2.805684e-03,-2.726436e-03,-2.669897e-03,-2.627867e-03,-2.599955e-03,-2.559139e-03,-2.510550e-03,-2.486795e-03,-2.519786e-03,-2.569870e-03,-2.654377e-03,-2.760177e-03,-2.839172e-03,-2.862425e-03,-2.846253e-03,-2.802627e-03,-2.752000e-03,-2.701137e-03,-2.663335e-03,-2.635806e-03,-2.632027e-03,-2.627043e-03,-2.587047e-03,-2.530812e-03,-2.475885e-03,-2.455215e-03,-2.464951e-03,-2.505652e-03,-2.542904e-03
7.635152e-04,-1.501629e-04,-1.043930e-03,4.425068e-05,-6.676598e-04,-9.262594e-04,-6.837895e-04,-1.541424e-04,-1.083978e-03,7.578116e-05,7.968286e-04,-1.232724e-03,1.062560e-01,4.701045e-02,9.837542e-03,2.553866e-03,9.190355e-03,1.224701e-02,1.325742e-02,1.319568e-02,1.320066e-02,1.326874e-02,1.263815e-02,1.126157e-02,9.493210e-03,9.061453e-03,9.720770e-03,1.173652e-02,1.293362e-02,1.260867e-02,1.262674e-02,1.192125e-02,1.187117e-02,1.203811e-02,1.275604e-02,1.253975e-02,1.246611e-02,1.257287e-02,1.141420e-02,1.087921e-02,1.024846e-02,9.930784e-03,9.768257e-03,9.658207e-03,9.418762e-03,-5.694508e-03,-4.731688e-03,-3.766881e-03,-2.814144e-03,-1.867634e-03,-1.024783e-03,-2.326601e-04,5.149545e-04,8.407229e-04,8.156043e-04,6.709831e-04,5.605087e-04,5.062696e-04,5.049512e-04,5.606241e-04,6.090550e-04,6.423914e-04,6.799006e-04,7.659255e-04,7.319589e-04,4.671841e-04,4.035168e-05,-5.510878e-04,-1.139841e-03,-1.296000e-03,-1.056450e-03,-6.899305e-04,-4.096996e-04,-1.636444e-04,1.918361e-06,1.698216e-04,3.972558e-04,6.124955e-04,-2.437106e-02,-1.747665e-02,-1.046972e-02,-4.869293e-03,-9.745448e-04,1.556612e-03,2.895000e-03,3.359940e-03,3.223814e-03,2.779646e-03,2.125758e-03,1.488387e-03,1.011664e-03,7.624303e-04,5.450024e-04,9.528779e-05,-5.008349e-04,-8.153403e-04,-7.531502e-04,-5.569048e-04,-3.883099e-04,-2.395967e-04,-1.382610e-04,-9.618975e-05,-1.293328e-04,-2.834760e-04,-3.640838e-04,-2.372252e-04,-5.017937e-05,1.600572e-04,3.676923e-04,5.319799e-04,6.855177e-04,7.530292e-04,5.084637e-04,2.621567e-04,9.676982e-05,-1.336364e-05,-8.033677e-05,-1.258985e-04,-1.791056e-04,-1.946416e-04,-1.725638e-04,-1.234426e-04,-7.732181e-05,-3.539548e-05,1.729452e-05,6.347601e-05,8.121414e-05,6.989698e-05,3.943743e-05,-1.893372e-05,-8.330888e-05,-1.334359e-04,-1.693327e-04,-1.822231e-04,-1.813143e-04,-1.798602e-04,-1.846891e-04,-1.774740e-04,-1.385582e-04,-7.435216e-05,-1.392677e-05,2.299166e-05,5.072861e-05,7.886771e-05,3.428653e-03,3.096434e-03,2.763177e-03,2.387082e-03,2.037261e-03,1.783691e-03,1.629602e-03,1.557791e-03,1.555957e-03,1.574996e-03,1.603020e-03,1.677412e-03,1.787623e-03,1.841318e-03,1.903231e-03,1.981374e-03,2.048791e-03,2.046555e-03,1.975498e-03,1.893622e-03,1.819686e-03,1.754339e-03,1.703654e-03,1.673296e-03,1.685871e-03,1.753285e-03,1.789209e-03,1.758950e-03,1.682080e-03,1.638355e-03,1.670660e-03,1.747638e-03,1.819221e-03
7.744081e-04,-1.626931e-04,-1.056145e-03,5.402731e-05,-7.144656e-04,-9.713659e-04,-7.135782e-04,-1.511286e-04,-1.141677e-03,7.764524e-05,8.379934e-04,-1.235896e-03,4.701045e-02,3.336364e-02,1.480745e-02,1.000088e-02,1.162335e-02,1.227518e-02,1.324970e-02,1.334809e-02,1.353180e-02,1.344335e-02,1.256843e-02,1.126763e-02,9.762528e-03,9.475320e-03,1.016962e-02,1.217678e-02,1.331652e-02,1.296535e-02,1.301651e-02,1.230786e-02,1.226427e-02,1.243732e-02,1.317324e-02,1.294658e-02,1.286717e-02,1.297601e-02,1.177658e-02,1.122128e-02,1.057207e-02,1.023364e-02,1.005469e-02,9.920168e-03,9.653559e-03,-3.171011e-03,-2.739836e-03,-2.308662e-03,-1.880459e-03,-1.478363e-03,-1.032306e-03,-4.152117e-04,2.146467e-04,4.808853e-04,4.611821e-04,3.715693e-04,3.304414e-04,3.400763e-04,4.015728e-04,5.064550e-04,5.892304e-04,6.443552e-04,6.944743e-04,7.879886e-04,7.538270e-04,4.785419e-04,3.415663e-05,-5.808522e-04,-1.192773e-03,-1.358540e-03,-1.114532e-03,-7.368605e-04,-4.454780e-04,-1.862380e-04,-5.526168e-06,1.789972e-04,4.243119e-04,6.571815e-04,-1.246027e-02,-8.385444e-03,-4.230054e-03,-1.078818e-03,8.339163e-04,1.924108e-03,2.452471e-03,2.565845e-03,2.409828e-03,2.135158e-03,1.730371e-03,1.319012e-03,1.003825e-03,8.390093e-04,6.439786e-04,1.668828e-04,-4.808274e-04,-8.350195e-04,-7.939764e-04,-6.076553e-04,-4.438872e-04,-2.956893e-04,-1.923681e-04,-1.471856e-04,-1.775108e-04,-3.316563e-04,-4.091541e-04,-2.710518e-04,-6.890232e-05,1.570372e-04,3.769906e-04,5.516129e-04,7.151523e-04,2.183528e-04,3.415970e-05,-1.511556e-04,-2.769998e-04,-3.507868e-04,-3.958707e-04,-4.388999e-04,-4.900326e-04,-5.022116e-04,-4.737640e-04,-4.128090e-04,-3.487519e-04,-2.886750e-04,-2.299082e-04,-1.876860e-04,-1.783093e-04,-1.976433e-04,-2.383418e-04,-3.103251e-04,-3.852615e-04,-4.416572e-04,-4.798449e-04,-4.909927e-04,-4.843154e-04,-4.763707e-04,-4.734717e-04,-4.566981e-04,-4.085363e-04,-3.351220e-04,-2.601157e-04,-2.013055e-04,-1.492017e-04,-9.686753e-05,2.815216e-03,2.527268e-03,2.237556e-03,1.926395e-03,1.663680e-03,1.488569e-03,1.392243e-03,1.355162e-03,1.371503e-03,1.398273e-03,1.423410e-03,1.486925e-03,1.589570e-03,1.651691e-03,1.723081e-03,1.798306e-03,1.855991e-03,1.848567e-03,1.777931e-03,1.699616e-03,1.629178e-03,1.567131e-03,1.518685e-03,1.489201e-03,1.498156e-03,1.558160e-03,1.591083e-03,1.566053e-03,1.501956e-03,1.465841e-03,1.489394e-03,1.547685e-03,1.601592e-03
7.792754e-04,-1.611328e-04,-1.060904e-03,6.325746e-05,-7.448059e-04,-1.016331e-03,-7.381092e-04,-1.366880e-04,-1.190504e-03,7.863403e-05,8.746166e-04,-1.223154e-03,9.837542e-03,1.480745e-02,2.171179e-02,1.715195e-02,1.407460e-02,1.214028e-02,1.315363e-02,1.339321e-02,1.374882e-02,1.351364e-02,1.242056e-02,1.121383e-02,9.966889e-03,9.805882e-03,1.052184e-02,1.250898e-02,1.358822e-02,1.321625e-02,1.329883e-02,1.259147e-02,1.255325e-02,1.272990e-02,1.347765e-02,1.324281e-02,1.315936e-02,1.326962e-02,1.204043e-02,1.146950e-02,1.080744e-02,1.045413e-02,1.026287e-02,1.011024e-02,9.824121e-03,-1.269857e-03,-1.270413e-03,-1.272976e-03,-1.269343e-03,-1.311157e-03,-1.162670e-03,-6.386543e-04,-7.714684e-05,1.564834e-04,1.503301e-04,1.107200e-04,1.270748e-04,1.884538e-04,3.018010e-04,4.480040e-04,5.599646e-04,6.339258e-04,6.953567e-04,7.959043e-04,7.631301e-04,4.814833e-04,2.537740e-05,-6.060066e-04,-1.234188e-03,-1.406593e-03,-1.159193e-03,-7.734896e-04,-4.741507e-04,-2.057995e-04,-1.467235e-05,1.810481e-04,4.382382e-04,6.828495e-04,-1.090697e-04,1.115914e-03,2.388844e-03,3.029634e-03,2.883447e-03,2.459509e-03,2.114760e-03,1.823674e-03,1.605423e-03,1.468717e-03,1.291643e-03,1.093504e-03,9.342247e-04,8.528656e-04,6.836555e-04,1.861319e-04,-5.041334e-04,-8.917644e-04,-8.699803e-04,-6.936115e-04,-5.352511e-04,-3.886086e-04,-2.844469e-04,-2.371625e-04,-2.652851e-04,-4.190956e-04,-4.938125e-04,-3.470534e-04,-1.331877e-04,1.051534e-04,3.350208e-04,5.184077e-04,6.904993e-04,-2.536402e-04,-3.958117e-04,-5.387410e-04,-6.398303e-04,-6.875071e-04,-7.167487e-04,-7.587540e-04,-8.057534e-04,-8.115006e-04,-7.739480e-04,-6.996921e-04,-6.171860e-04,-5.394199e-04,-4.750392e-04,-4.372177e-04,-4.377356e-04,-4.671447e-04,-5.196570e-04,-6.054112e-04,-6.898821e-04,-7.507421e-04,-7.889330e-04,-7.959445e-04,-7.811672e-04,-7.645986e-04,-7.526541e-04,-7.260955e-04,-6.697688e-04,-5.895598e-04,-5.035219e-04,-4.281530e-04,-3.576981e-04,-2.870637e-04,2.047251e-03,1.832768e-03,1.616425e-03,1.395269e-03,1.237091e-03,1.150200e-03,1.115029e-03,1.112101e-03,1.143760e-03,1.174967e-03,1.195007e-03,1.247525e-03,1.342158e-03,1.410638e-03,1.488217e-03,1.558793e-03,1.607013e-03,1.595522e-03,1.526590e-03,1.453394e-03,1.388284e-03,1.331216e-03,1.286147e-03,1.257945e-03,1.262805e-03,1.315193e-03,1.345286e-03,1.325433e-03,1.273646e-03,1.245350e-03,1.262503e-03,1.304625e-03,1.343339e-03
7.561767e-04,-1.768565e-04,-1.022998e-03,7.140364e-05,-7.495784e-04,-9.954285e-04,-7.199037e-04,-1.418779e-04,-1.173882e-03,7.792528e-05,8.504738e-04,-1.182139e-03,2.553866e-03,1.000088e-02,1.715195e-02,2.311204e-02,1.522177e-02,1.178367e-02,1.238161e-02,1.282015e-02,1.333554e-02,1.305293e-02,1.178618e-02,1.060776e-02,9.628874e-03,9.640967e-03,1.038635e-02,1.227275e-02,1.324931e-02,1.286739e-02,1.296900e-02,1.229507e-02,1.226499e-02,1.243857e-02,1.316311e-02,1.292903e-02,1.284359e-02,1.295231e-02,1.175225e-02,1.119381e-02,1.054779e-02,1.019547e-02,1.000050e-02,9.836486e-03,9.542582e-03,4.589244e-03,3.537939e-03,2.482711e-03,1.442120e-03,3.376734e-04,-4.304090e-04,-5.304963e-04,-3.565866e-04,-2.992088e-04,-3.187302e-04,-2.777472e-04,-1.500735e-04,7.501231e-06,2.001301e-04,3.988204e-04,5.423230e-04,6.319928e-04,6.971705e-04,7.929333e-04,7.546231e-04,4.711995e-04,1.661745e-05,-6.084167e-04,-1.228555e-03,-1.402717e-03,-1.164579e-03,-7.880766e-04,-4.931896e-04,-2.259880e-04,-3.110427e-05,1.696168e-04,4.301193e-04,6.783945e-04,3.539951e-03,3.689214e-03,3.863591e-03,3.632240e-03,2.778864e-03,1.851046e-03,1.300045e-03,1.002371e-03,9.182674e-04,9.836584e-04,1.032627e-03,1.024182e-03,9.896703e-04,9.627241e-04,8.008483e-04,2.927758e-04,-4.138185e-04,-8.217423e-04,-8.225878e-04,-6.645389e-04,-5.169487e-04,-3.751971e-04,-2.706518e-04,-2.187986e-04,-2.390725e-04,-3.820855e-04,-4.486300e-04,-2.989259e-04,-8.350442e-05,1.552927e-04,3.836049e-04,5.657869e-04,7.369299e-04,-3.196400e-04,-4.696987e-04,-6.201558e-04,-7.402269e-04,-7.956507e-04,-8.255291e-04,-8.737149e-04,-9.259411e-04,-9.367573e-04,-9.027382e-04,-8.289608e-04,-7.418056e-04,-6.553623e-04,-5.876350e-04,-5.506502e-04,-5.516810e-04,-5.802060e-04,-6.333718e-04,-7.222968e-04,-8.100726e-04,-8.740044e-04,-9.147813e-04,-9.236964e-04,-9.095836e-04,-8.932654e-04,-8.799557e-04,-8.507260e-04,-7.916124e-04,-7.076063e-04,-6.127711e-04,-5.215564e-04,-4.326095e-04,-3.437564e-04,1.387070e-03,1.252424e-03,1.116521e-03,9.827076e-04,9.189725e-04,9.109991e-04,9.290727e-04,9.558512e-04,1.000331e-03,1.035331e-03,1.054284e-03,1.101305e-03,1.192438e-03,1.265704e-03,1.346623e-03,1.412527e-03,1.452402e-03,1.435905e-03,1.366219e-03,1.294698e-03,1.232027e-03,1.178166e-03,1.136712e-03,1.112010e-03,1.116552e-03,1.163853e-03,1.191691e-03,1.175916e-03,1.134333e-03,1.115322e-03,1.132793e-03,1.170017e-03,1.204459e-03
