1.657240e-03,-1.005923e-05,3.956560e-05,1.034778e-03,-2.264624e-04,-3.604470e-04,8.743098e-04,1.713386e-05,-4.743974e-04,1.113702e-03,1.949033e-04,-1.620760e-04,3.228141e-03,3.426193e-03,3.607738e-03,3.450286e-03,3.523567e-03,3.323725e-03,3.222974e-03,3.474850e-03,3.371173e-03,3.372797e-03,3.415047e-03,3.270461e-03,3.140211e-03,2.845074e-03,2.565680e-03,2.586762e-03,2.828589e-03,3.368344e-03,3.451463e-03,3.380602e-03,3.567304e-03,3.368452e-03,3.503441e-03,3.335989e-03,3.376164e-03,3.513969e-03,3.290073e-03,3.119274e-03,2.967798e-03,2.568962e-03,2.214914e-03,1.929522e-03,1.641525e-03,-4.704235e-03,-4.751059e-03,-4.798395e-03,-4.843690e-03,-4.893829e-03,-4.912489e-03,-4.819564e-03,-4.635630e-03,-4.402588e-03,-4.320501e-03,-4.352618e-03,-4.385106e-03,-4.386437e-03,-4.418876e-03,-4.476859e-03,-4.526413e-03,-4.585158e-03,-4.635763e-03,-4.670719e-03,-4.680783e-03,-4.648894e-03,-4.612027e-03,-4.683058e-03,-4.750927e-03,-4.723118e-03,-4.600615e-03,-4.455971e-03,-4.337566e-03,-4.305921e-03,-4.310178e-03,-4.313424e-03,-4.319120e-03,-4.323569e-03,-5.181359e-04,-2.897476e-04,-5.819327e-05,9.940399e-05,1.321922e-04,1.031494e-04,1.037922e-04,1.229579e-04,1.540504e-04,1.885106e-04,2.220842e-04,1.867128e-04,1.091308e-04,5.293859e-05,-1.795701e-05,-6.515944e-05,-1.280530e-04,-2.427332e-04,-3.484180e-04,-3.430225e-04,-2.262523e-04,-6.477393e-05,2.043222e-05,4.239857e-05,2.690157e-07,-1.110034e-04,-2.090289e-04,-2.253140e-04,-1.945466e-04,-8.018689e-05,5.092246e-05,1.944799e-04,3.367835e-04,4.385546e-03,4.014509e-03,3.643378e-03,3.249862e-03,2.877655e-03,2.529561e-03,2.291570e-03,2.219987e-03,2.205286e-03,2.217881e-03,2.177335e-03,2.053890e-03,1.898237e-03,1.750522e-03,1.652074e-03,1.730052e-03,2.104749e-03,2.512121e-03,2.759111e-03,2.830958e-03,2.812237e-03,2.677230e-03,2.519322e-03,2.378099e-03,2.365408e-03,2.373924e-03,2.263134e-03,2.020333e-03,1.703462e-03,1.289295e-03,8.783434e-04,6.051186e-04,3.180764e-04,-8.927564e-04,-1.103126e-03,-1.315513e-03,-1.499238e-03,-1.590741e-03,-1.539033e-03,-1.352994e-03,-1.099772e-03,-8.492116e-04,-6.588759e-04,-5.887084e-04,-6.244490e-04,-6.864726e-04,-6.900156e-04,-7.388451e-04,-7.629991e-04,-8.608569e-04,-1.040799e-03,-1.230239e-03,-1.397501e-03,-1.455750e-03,-1.354097e-03,-1.103139e-03,-7.958101e-04,-5.083472e-04,-3.239307e-04,-2.838236e-04,-4.063513e-04,-6.303151e-04,-8.451622e-04,-1.161315e-03,-1.521076e-03,-1.872290e-03
-1.005923e-05,1.722739e-03,2.600864e-05,2.592207e-05,1.068625e-03,-8.467020e-04,-5.315168e-05,1.360181e-03,-1.029773e-04,3.104362e-05,9.034617e-04,1.075291e-03,-7.902686e-04,-7.279831e-04,-5.464068e-04,-4.748921e-04,-4.429341e-04,-5.257197e-04,-4.692225e-04,-5.566053e-04,-5.596917e-04,-6.327939e-04,-5.322338e-04,-4.356461e-04,-4.013851e-04,-5.088073e-04,-5.095703e-04,-4.130554e-04,-3.937394e-04,-3.955199e-04,-5.823487e-04,-6.007342e-04,-5.372032e-04,-4.831150e-04,-5.511821e-04,-5.837759e-04,-5.150537e-04,-5.408472e-04,-4.407614e-04,-3.313286e-04,-1.059070e-04,-1.148041e-04,-3.824729e-04,-6.785803e-04,-8.896946e-04,-3.822787e-04,-3.407867e-04,-2.993862e-04,-2.582678e-04,-2.245737e-04,-1.770184e-04,-1.487480e-04,-1.607266e-04,-1.716456e-04,-1.642534e-04,-1.545233e-04,-1.655110e-04,-1.504108e-04,-1.156499e-04,-1.078075e-04,-8.946772e-05,-1.054752e-04,-1.611919e-04,-2.280268e-04,-2.833251e-04,-3.012804e-04,-2.416320e-04,-1.462502e-04,-2.368686e-05,1.002910e-04,1.784555e-04,1.914481e-04,1.374998e-04,1.413647e-05,-1.344775e-04,-3.583855e-04,-6.172415e-04,-8.689646e-04,-6.701710e-03,-6.603895e-03,-6.499729e-03,-6.344337e-03,-6.215031e-03,-6.084377e-03,-5.994021e-03,-5.969802e-03,-5.980852e-03,-6.011209e-03,-6.037092e-03,-6.029827e-03,-6.029739e-03,-6.013693e-03,-6.019570e-03,-6.064569e-03,-6.098946e-03,-6.169772e-03,-6.167296e-03,-6.164496e-03,-6.168561e-03,-6.128699e-03,-6.088234e-03,-6.045068e-03,-6.002341e-03,-5.948027e-03,-5.895023e-03,-5.877154e-03,-5.840420e-03,-5.815196e-03,-5.803124e-03,-5.749950e-03,-5.692440e-03,-1.583915e-03,-1.682750e-03,-1.775594e-03,-1.907956e-03,-2.037511e-03,-2.062482e-03,-1.883613e-03,-1.568343e-03,-1.214514e-03,-9.122535e-04,-7.307588e-04,-7.270549e-04,-8.655257e-04,-1.003092e-03,-1.110255e-03,-1.080160e-03,-1.136109e-03,-1.382985e-03,-1.691766e-03,-1.910326e-03,-1.926561e-03,-1.749233e-03,-1.450069e-03,-1.103161e-03,-7.815766e-04,-5.931651e-04,-5.293636e-04,-5.782684e-04,-7.492565e-04,-1.070859e-03,-1.668071e-03,-2.344597e-03,-3.008669e-03,-7.107632e-03,-6.607207e-03,-6.111392e-03,-5.628873e-03,-5.137136e-03,-4.701522e-03,-4.353009e-03,-4.156162e-03,-4.136763e-03,-4.287624e-03,-4.490284e-03,-4.665834e-03,-4.765256e-03,-4.927593e-03,-5.142397e-03,-5.347948e-03,-5.626323e-03,-5.721519e-03,-5.630237e-03,-5.357491e-03,-5.011666e-03,-4.683438e-03,-4.445641e-03,-4.377182e-03,-4.462144e-03,-4.578107e-03,-4.677029e-03,-4.713736e-03,-4.856093e-03,-4.987489e-03,-5.067681e-03,-5.282051e-03,-5.484366e-03
3.956560e-05,2.600864e-05,1.775464e-03,9.027465e-04,2.470453e-04,4.736393e-04,4.805556e-04,-1.005975e-04,-8.775231e-04,9.599928e-04,-3.832160e-04,3.059968e-04,-4.229240e-03,-4.528052e-03,-4.788117e-03,-4.554714e-03,-4.704231e-03,-4.709843e-03,-4.597269e-03,-4.874800e-03,-4.580288e-03,-4.621489e-03,-4.651714e-03,-4.035626e-03,-3.697116e-03,-3.483504e-03,-3.634700e-03,-3.921766e-03,-4.216738e-03,-4.716051e-03,-4.716840e-03,-4.701773e-03,-4.821968e-03,-4.501509e-03,-4.749817e-03,-4.762214e-03,-4.767874e-03,-4.554929e-03,-3.961819e-03,-3.659898e-03,-3.514693e-03,-3.748615e-03,-4.094764e-03,-4.400097e-03,-4.641392e-03,-5.206898e-03,-5.003948e-03,-4.800823e-03,-4.598480e-03,-4.398563e-03,-4.208402e-03,-4.157044e-03,-4.261568e-03,-4.326607e-03,-4.248751e-03,-4.066199e-03,-3.877456e-03,-3.792136e-03,-3.784502e-03,-3.831984e-03,-3.913140e-03,-4.044508e-03,-4.177076e-03,-4.310073e-03,-4.429000e-03,-4.533395e-03,-4.521791e-03,-4.344857e-03,-4.062020e-03,-3.906216e-03,-3.877581e-03,-3.846245e-03,-3.812007e-03,-3.792318e-03,-3.780212e-03,-3.776256e-03,-3.810007e-03,-3.834753e-03,4.919068e-04,3.521706e-04,2.067412e-04,1.835641e-04,3.395644e-04,5.969890e-04,7.777506e-04,8.311691e-04,7.880992e-04,6.632583e-04,4.643069e-04,2.776441e-04,1.923215e-04,1.574014e-04,1.342037e-04,1.518571e-04,2.204600e-04,3.876014e-04,5.688306e-04,6.066526e-04,5.176046e-04,4.279908e-04,4.113925e-04,4.435235e-04,5.183685e-04,6.131282e-04,6.266864e-04,5.741016e-04,5.067062e-04,4.896593e-04,5.062953e-04,5.564232e-04,6.110893e-04,-1.197430e-02,-1.227111e-02,-1.256336e-02,-1.282119e-02,-1.311058e-02,-1.335357e-02,-1.351614e-02,-1.354809e-02,-1.336325e-02,-1.306411e-02,-1.269098e-02,-1.224573e-02,-1.188761e-02,-1.165624e-02,-1.159742e-02,-1.170255e-02,-1.186095e-02,-1.215219e-02,-1.246381e-02,-1.282423e-02,-1.316848e-02,-1.339794e-02,-1.354757e-02,-1.348911e-02,-1.320577e-02,-1.276335e-02,-1.227024e-02,-1.192605e-02,-1.169891e-02,-1.159719e-02,-1.153794e-02,-1.138686e-02,-1.124054e-02,8.576734e-04,7.168206e-04,5.783514e-04,4.218972e-04,2.997681e-04,2.706096e-04,3.785850e-04,5.697592e-04,7.586619e-04,9.085070e-04,9.620068e-04,9.033149e-04,8.165664e-04,7.995245e-04,7.739798e-04,8.015547e-04,7.921833e-04,6.889128e-04,5.313963e-04,3.998667e-04,3.797843e-04,4.848329e-04,7.042352e-04,9.592573e-04,1.183198e-03,1.280800e-03,1.242472e-03,1.076203e-03,8.499806e-04,6.414094e-04,3.497342e-04,3.458092e-05,-2.750835e-04
1.034778e-03,2.592207e-05,9.027465e-04,1.712043e-03,-4.329294e-05,-4.213764e-05,1.015380e-03,-3.089840e-05,-9.262686e-04,1.431512e-03,-6.911673e-05,6.391391e-05,1.836607e-04,1.816570e-04,1.902054e-04,2.024866e-04,1.770598e-04,1.657145e-05,-4.963406e-06,3.434620e-05,1.180429e-04,9.501544e-05,1.236372e-04,3.766888e-04,4.733387e-04,3.392565e-04,6.868192e-06,-1.559483e-04,-1.406447e-04,2.028361e-05,9.898255e-05,6.182230e-05,1.486297e-04,1.813936e-04,1.407011e-04,-1.169593e-05,5.863839e-06,2.299468e-04,3.862617e-04,4.487805e-04,4.356219e-04,-1.554981e-05,-4.744351e-04,-8.718571e-04,-1.233924e-03,-6.844910e-03,-6.772408e-03,-6.700214e-03,-6.626852e-03,-6.558834e-03,-6.471132e-03,-6.373773e-03,-6.290098e-03,-6.140509e-03,-6.027497e-03,-5.944434e-03,-5.856050e-03,-5.798635e-03,-5.807435e-03,-5.868606e-03,-5.945219e-03,-6.063224e-03,-6.179628e-03,-6.288063e-03,-6.372626e-03,-6.419297e-03,-6.395060e-03,-6.360360e-03,-6.259456e-03,-6.154588e-03,-6.044632e-03,-5.913726e-03,-5.799264e-03,-5.754183e-03,-5.730889e-03,-5.704119e-03,-5.701235e-03,-5.692133e-03,-2.076547e-04,-9.759078e-05,1.189252e-05,1.317941e-04,2.518626e-04,3.770865e-04,4.773632e-04,5.162029e-04,5.082346e-04,4.569864e-04,3.656691e-04,2.296282e-04,1.211544e-04,6.375002e-05,4.963900e-06,-9.917950e-06,-1.146970e-05,-5.075743e-06,1.159945e-05,3.186271e-05,6.471301e-05,1.326771e-04,1.817466e-04,2.091064e-04,2.111352e-04,1.715145e-04,1.036636e-04,7.437419e-05,8.263391e-05,1.904790e-04,3.269771e-04,4.901809e-04,6.550302e-04,-3.588770e-03,-4.038819e-03,-4.486264e-03,-4.930872e-03,-5.369950e-03,-5.757544e-03,-6.077205e-03,-6.265258e-03,-6.308891e-03,-6.204930e-03,-6.051865e-03,-5.914613e-03,-5.814222e-03,-5.640169e-03,-5.423534e-03,-5.225614e-03,-4.968953e-03,-4.852846e-03,-4.913782e-03,-5.155744e-03,-5.480130e-03,-5.804124e-03,-6.034949e-03,-6.116947e-03,-6.049711e-03,-5.940041e-03,-5.860775e-03,-5.853690e-03,-5.765903e-03,-5.658925e-03,-5.553725e-03,-5.322464e-03,-5.102265e-03,-5.286507e-04,-7.571533e-04,-9.860612e-04,-1.198959e-03,-1.306172e-03,-1.232978e-03,-1.033441e-03,-8.091694e-04,-6.178347e-04,-4.457830e-04,-3.842935e-04,-4.665353e-04,-5.528318e-04,-4.314530e-04,-2.656317e-04,-1.157243e-04,-1.828271e-04,-4.414163e-04,-7.590457e-04,-1.046534e-03,-1.191553e-03,-1.104397e-03,-7.661834e-04,-3.488288e-04,-5.066343e-05,1.900922e-05,-8.392325e-05,-2.909010e-04,-4.316783e-04,-3.972654e-04,-4.658469e-04,-6.119016e-04,-7.455295e-04
-2.264624e-04,1.068625e-03,2.470453e-04,-4.329294e-05,1.614963e-03,-1.003225e-04,1.582091e-04,1.052238e-03,2.929725e-04,-2.280123e-05,8.729288e-04,5.935845e-04,-3.489087e-03,-3.594026e-03,-3.592015e-03,-3.382208e-03,-3.432289e-03,-3.421502e-03,-3.299629e-03,-3.578658e-03,-3.444396e-03,-3.507265e-03,-3.442500e-03,-3.074004e-03,-2.876600e-03,-2.780014e-03,-2.747010e-03,-2.782216e-03,-2.948486e-03,-3.333617e-03,-3.502832e-03,-3.483381e-03,-3.570529e-03,-3.342499e-03,-3.539390e-03,-3.498754e-03,-3.458991e-03,-3.448778e-03,-3.063866e-03,-2.798319e-03,-2.482921e-03,-2.404789e-03,-2.581240e-03,-2.783318e-03,-2.890554e-03,-3.873663e-04,-2.594405e-04,-1.313217e-04,-4.340327e-06,1.185059e-04,2.362577e-04,2.406147e-04,1.150353e-04,-2.172729e-05,-4.117845e-05,2.042116e-05,7.140967e-05,9.858538e-05,1.298060e-04,1.384907e-04,1.530316e-04,1.374008e-04,9.206228e-05,3.284815e-05,-2.524481e-05,-7.301720e-05,-2.837869e-05,1.384206e-04,3.555772e-04,4.816693e-04,4.815687e-04,4.186987e-04,3.098204e-04,1.683198e-04,1.537637e-05,-2.007113e-04,-4.589002e-04,-7.083608e-04,-4.801454e-03,-4.851966e-03,-4.901274e-03,-4.844493e-03,-4.702881e-03,-4.504691e-03,-4.384112e-03,-4.374226e-03,-4.434314e-03,-4.540833e-03,-4.668116e-03,-4.735504e-03,-4.746780e-03,-4.726686e-03,-4.708696e-03,-4.708080e-03,-4.665843e-03,-4.589333e-03,-4.452182e-03,-4.415829e-03,-4.484096e-03,-4.544612e-03,-4.555520e-03,-4.528373e-03,-4.466727e-03,-4.366823e-03,-4.307732e-03,-4.333927e-03,-4.365651e-03,-4.413373e-03,-4.461726e-03,-4.467761e-03,-4.467804e-03,1.753163e-05,-1.472171e-04,-3.124651e-04,-4.642673e-04,-5.513698e-04,-5.277262e-04,-3.635582e-04,-1.093167e-04,1.490360e-04,3.339025e-04,3.971904e-04,3.485417e-04,2.626639e-04,2.144615e-04,1.311778e-04,8.558699e-05,5.405672e-06,-1.308454e-04,-2.771275e-04,-3.919707e-04,-3.924029e-04,-2.667410e-04,-4.736780e-05,1.995647e-04,4.413758e-04,5.970664e-04,6.103445e-04,4.728597e-04,2.342020e-04,-8.954071e-06,-3.248365e-04,-6.575472e-04,-9.849491e-04,6.975251e-04,9.790531e-04,1.250040e-03,1.530255e-03,1.898750e-03,2.242864e-03,2.488646e-03,2.600903e-03,2.496552e-03,2.230688e-03,1.877415e-03,1.517523e-03,1.318009e-03,1.180356e-03,1.027835e-03,8.947115e-04,8.301986e-04,1.042009e-03,1.368514e-03,1.736991e-03,2.068986e-03,2.289181e-03,2.438481e-03,2.402260e-03,2.222263e-03,1.982202e-03,1.659895e-03,1.354108e-03,1.022635e-03,8.719709e-04,9.469097e-04,9.793813e-04,1.012947e-03
-3.604470e-04,-8.467020e-04,4.736393e-04,-4.213764e-05,-1.003225e-04,1.651715e-03,3.240612e-04,-8.656138e-04,5.008378e-04,-1.055920e-05,-3.480885e-04,-9.362714e-04,-4.122993e-03,-4.432750e-03,-4.788658e-03,-4.587470e-03,-4.735591e-03,-4.576757e-03,-4.486303e-03,-4.758093e-03,-4.509638e-03,-4.476571e-03,-4.562640e-03,-4.149092e-03,-3.892105e-03,-3.534917e-03,-3.487068e-03,-3.726309e-03,-4.045831e-03,-4.675902e-03,-4.609996e-03,-4.559393e-03,-4.795026e-03,-4.524857e-03,-4.702294e-03,-4.577252e-03,-4.651840e-03,-4.588317e-03,-4.154537e-03,-3.915676e-03,-3.871890e-03,-3.771797e-03,-3.613819e-03,-3.448515e-03,-3.289482e-03,-1.683241e-04,-5.565612e-05,5.745925e-05,1.693516e-04,2.876463e-04,3.740790e-04,3.185598e-04,1.343153e-04,-5.742131e-05,-8.882637e-05,6.005571e-06,1.165396e-04,1.304222e-04,1.095734e-04,9.867639e-05,7.367570e-05,5.883000e-05,7.085101e-05,8.493978e-05,8.657555e-05,4.623019e-05,1.657479e-05,1.150480e-04,2.452631e-04,2.237129e-04,8.696053e-05,-2.578310e-05,-8.097336e-05,-4.839033e-05,1.597801e-05,1.181076e-04,2.173162e-04,3.175853e-04,4.727761e-03,4.457625e-03,4.177654e-03,3.978818e-03,3.972408e-03,4.058935e-03,4.097791e-03,4.079669e-03,4.012948e-03,3.905297e-03,3.752797e-03,3.633181e-03,3.612682e-03,3.608472e-03,3.641622e-03,3.721565e-03,3.849458e-03,4.099997e-03,4.307866e-03,4.355735e-03,4.256283e-03,4.091099e-03,4.000850e-03,3.963884e-03,3.980750e-03,4.035396e-03,4.031243e-03,3.965585e-03,3.854677e-03,3.735115e-03,3.636746e-03,3.529843e-03,3.424028e-03,6.424776e-04,7.860948e-04,9.302921e-04,1.061895e-03,1.129103e-03,1.089288e-03,9.541220e-04,7.734550e-04,5.931731e-04,4.330617e-04,3.426369e-04,3.425411e-04,3.856286e-04,4.011208e-04,4.498567e-04,4.772262e-04,5.435358e-04,6.748729e-04,8.279583e-04,9.638409e-04,1.013918e-03,9.353690e-04,7.246787e-04,4.596987e-04,2.276310e-04,1.001656e-04,8.895351e-05,1.955934e-04,3.766350e-04,5.579661e-04,8.005925e-04,1.054918e-03,1.304988e-03,1.263570e-02,1.238964e-02,1.214673e-02,1.184103e-02,1.150986e-02,1.115991e-02,1.087106e-02,1.070309e-02,1.056405e-02,1.050561e-02,1.043014e-02,1.023771e-02,1.001704e-02,9.934052e-03,1.005993e-02,1.037453e-02,1.087342e-02,1.129534e-02,1.148901e-02,1.151433e-02,1.144852e-02,1.126734e-02,1.108750e-02,1.091016e-02,1.077069e-02,1.057012e-02,1.029402e-02,1.005398e-02,9.974309e-03,9.917341e-03,9.815262e-03,9.786880e-03,9.748603e-03
8.743098e-04,-5.315168e-05,4.805556e-04,1.015380e-03,1.582091e-04,3.240612e-04,1.621399e-03,-4.542026e-05,-3.102178e-05,1.082439e-03,-2.835598e-04,2.222484e-04,-3.056595e-03,-3.245708e-03,-3.408877e-03,-3.234752e-03,-3.335861e-03,-3.375789e-03,-3.293725e-03,-3.492909e-03,-3.284206e-03,-3.323354e-03,-3.315297e-03,-2.793678e-03,-2.494363e-03,-2.368959e-03,-2.590250e-03,-2.852565e-03,-3.068201e-03,-3.387006e-03,-3.367029e-03,-3.359065e-03,-3.432452e-03,-3.205926e-03,-3.388886e-03,-3.416667e-03,-3.416925e-03,-3.196696e-03,-2.706966e-03,-2.436001e-03,-2.341003e-03,-2.657750e-03,-3.055396e-03,-3.437920e-03,-3.763253e-03,-5.306703e-03,-5.158820e-03,-5.010885e-03,-4.863027e-03,-4.717506e-03,-4.574060e-03,-4.530698e-03,-4.609964e-03,-4.654300e-03,-4.613760e-03,-4.511047e-03,-4.397119e-03,-4.350820e-03,-4.356773e-03,-4.393250e-03,-4.440431e-03,-4.523095e-03,-4.600988e-03,-4.678035e-03,-4.745703e-03,-4.806432e-03,-4.783347e-03,-4.657887e-03,-4.459802e-03,-4.368671e-03,-4.374660e-03,-4.371231e-03,-4.360341e-03,-4.358808e-03,-4.352716e-03,-4.344452e-03,-4.370269e-03,-4.387893e-03,2.971350e-04,2.346308e-04,1.676111e-04,1.848095e-04,3.224578e-04,5.319421e-04,6.799950e-04,7.225959e-04,6.864817e-04,5.840582e-04,4.229760e-04,2.580543e-04,1.665022e-04,1.202477e-04,8.133747e-05,8.742675e-05,1.368889e-04,2.619570e-04,4.023446e-04,4.423283e-04,3.924617e-04,3.474673e-04,3.476311e-04,3.760526e-04,4.287573e-04,4.864559e-04,4.813584e-04,4.447748e-04,4.088528e-04,4.298793e-04,4.742535e-04,5.456295e-04,6.208462e-04,4.337609e-03,4.018395e-03,3.699084e-03,3.360228e-03,3.046390e-03,2.749506e-03,2.438239e-03,2.156582e-03,1.879804e-03,1.715447e-03,1.576718e-03,1.388706e-03,1.266076e-03,1.422309e-03,1.825974e-03,2.274045e-03,2.737672e-03,3.079030e-03,3.203568e-03,3.134711e-03,2.938850e-03,2.654698e-03,2.426225e-03,2.217172e-03,1.997153e-03,1.703430e-03,1.369432e-03,1.140673e-03,1.243945e-03,1.583503e-03,1.978891e-03,2.438374e-03,2.889105e-03,3.472378e-04,1.843772e-04,2.338539e-05,-1.462329e-04,-2.718647e-04,-2.907840e-04,-1.612481e-04,5.796280e-05,2.805959e-04,4.530681e-04,5.158370e-04,4.628263e-04,3.803780e-04,3.676023e-04,3.296855e-04,3.413436e-04,3.060493e-04,1.729322e-04,-3.704677e-06,-1.510795e-04,-1.777440e-04,-6.275433e-05,1.743933e-04,4.547629e-04,7.124026e-04,8.478658e-04,8.379320e-04,6.751445e-04,4.294404e-04,1.975719e-04,-1.303346e-04,-4.871501e-04,-8.371054e-04
1.713386e-05,1.360181e-03,-1.005975e-04,-3.089840e-05,1.052238e-03,-8.656138e-04,-4.542026e-05,1.715964e-03,-4.468939e-06,-2.956591e-05,9.193400e-04,1.055779e-03,-6.176338e-04,-5.321937e-04,-3.272591e-04,-2.652734e-04,-2.208997e-04,-3.000559e-04,-2.419803e-04,-3.215947e-04,-3.551373e-04,-4.302643e-04,-3.343291e-04,-2.630463e-04,-2.370955e-04,-3.575396e-04,-3.438284e-04,-2.335639e-04,-1.998393e-04,-1.741439e-04,-3.579983e-04,-3.751041e-04,-3.079746e-04,-2.684411e-04,-3.234889e-04,-3.563530e-04,-2.903726e-04,-3.315933e-04,-2.566593e-04,-1.523367e-04,7.428707e-05,6.994188e-05,-1.758154e-04,-4.640645e-04,-6.724093e-04,-1.335407e-04,-9.140952e-05,-4.936788e-05,-7.726666e-06,2.651185e-05,7.428994e-05,1.078139e-04,1.038660e-04,9.212297e-05,8.841523e-05,8.363554e-05,6.269712e-05,7.910505e-05,1.219195e-04,1.401099e-04,1.676323e-04,1.621379e-04,1.163844e-04,5.837199e-05,9.769556e-06,-4.038017e-06,5.216822e-05,1.356951e-04,2.407334e-04,3.525490e-04,4.238366e-04,4.287335e-04,3.670956e-04,2.402717e-04,9.500211e-05,-1.198748e-04,-3.668041e-04,-6.073136e-04,-6.682059e-03,-6.576417e-03,-6.463783e-03,-6.306455e-03,-6.186398e-03,-6.070022e-03,-5.989111e-03,-5.967276e-03,-5.976608e-03,-6.003098e-03,-6.024389e-03,-6.015722e-03,-6.018763e-03,-6.004501e-03,-6.009372e-03,-6.053548e-03,-6.090537e-03,-6.169067e-03,-6.175662e-03,-6.175845e-03,-6.177957e-03,-6.137520e-03,-6.100181e-03,-6.061853e-03,-6.024596e-03,-5.974324e-03,-5.918254e-03,-5.892223e-03,-5.844771e-03,-5.811378e-03,-5.796038e-03,-5.744347e-03,-5.688590e-03,3.701307e-04,2.387141e-05,-3.297565e-04,-6.067109e-04,-7.085273e-04,-6.058399e-04,-3.604056e-04,-4.410021e-05,2.499544e-04,4.548972e-04,5.012957e-04,4.354181e-04,3.942316e-04,4.411174e-04,3.515214e-04,2.013649e-04,3.163962e-05,-1.173516e-04,-2.428627e-04,-3.861087e-04,-4.400708e-04,-3.233216e-04,-1.696391e-05,3.579609e-04,7.202983e-04,9.587978e-04,9.522368e-04,6.635212e-04,2.356807e-04,-5.267781e-05,-2.561097e-04,-4.191651e-04,-5.809978e-04,-7.138055e-03,-6.622318e-03,-6.110752e-03,-5.616438e-03,-5.122124e-03,-4.692827e-03,-4.355872e-03,-4.172165e-03,-4.162752e-03,-4.319091e-03,-4.519722e-03,-4.690039e-03,-4.789802e-03,-4.959426e-03,-5.173536e-03,-5.373160e-03,-5.644608e-03,-5.735019e-03,-5.639520e-03,-5.360599e-03,-5.011839e-03,-4.688582e-03,-4.466069e-03,-4.416306e-03,-4.518765e-03,-4.645289e-03,-4.742138e-03,-4.761646e-03,-4.879941e-03,-4.996250e-03,-5.067922e-03,-5.275515e-03,-5.471081e-03
-4.743974e-04,-1.029773e-04,-8.775231e-04,-9.262686e-04,2.929725e-04,5.008378e-04,-3.102178e-05,-4.468939e-06,1.846049e-03,-1.002884e-03,-2.990600e-04,2.328181e-04,-4.612983e-03,-4.860783e-03,-5.088987e-03,-4.857879e-03,-4.955408e-03,-4.731373e-03,-4.594732e-03,-4.951930e-03,-4.809498e-03,-4.828853e-03,-4.856867e-03,-4.552181e-03,-4.323730e-03,-3.942449e-03,-3.686732e-03,-3.789857e-03,-4.090889e-03,-4.787470e-03,-4.870462e-03,-4.775736e-03,-5.029392e-03,-4.757303e-03,-4.960473e-03,-4.760032e-03,-4.805456e-03,-4.908111e-03,-4.517251e-03,-4.249716e-03,-4.057002e-03,-3.693168e-03,-3.403463e-03,-3.170800e-03,-2.919448e-03,4.273124e-03,4.359372e-03,4.446234e-03,4.530940e-03,4.621635e-03,4.675092e-03,4.569852e-03,4.320447e-03,4.009321e-03,3.881466e-03,3.889945e-03,3.898100e-03,3.858751e-03,3.849351e-03,3.878533e-03,3.926066e-03,4.010315e-03,4.106694e-03,4.195972e-03,4.258962e-03,4.264308e-03,4.267939e-03,4.403733e-03,4.531034e-03,4.497409e-03,4.309621e-03,4.081018e-03,3.870852e-03,3.748169e-03,3.660297e-03,3.568116e-03,3.469101e-03,3.371036e-03,7.131833e-04,4.388383e-04,1.592738e-04,-2.057971e-05,-3.430219e-05,3.946415e-05,6.325026e-05,4.178719e-05,-8.721754e-06,-7.341780e-05,-1.427196e-04,-1.288767e-04,-4.794212e-05,1.671751e-05,8.944528e-05,1.360475e-04,2.138258e-04,3.788386e-04,5.426076e-04,5.551337e-04,4.123041e-04,2.134092e-04,1.114064e-04,8.778990e-05,1.434222e-04,2.804897e-04,3.882104e-04,3.956365e-04,3.524930e-04,2.339972e-04,1.080589e-04,-2.186470e-05,-1.493333e-04,1.261407e-02,1.289471e-02,1.317104e-02,1.340977e-02,1.366061e-02,1.383949e-02,1.400570e-02,1.413128e-02,1.406810e-02,1.381160e-02,1.342037e-02,1.295579e-02,1.256667e-02,1.220674e-02,1.195468e-02,1.191661e-02,1.205296e-02,1.240661e-02,1.281461e-02,1.328167e-02,1.374808e-02,1.404565e-02,1.415343e-02,1.401007e-02,1.374084e-02,1.340487e-02,1.299790e-02,1.265573e-02,1.228302e-02,1.191111e-02,1.158085e-02,1.119250e-02,1.080572e-02,9.245962e-04,1.127085e-03,1.332515e-03,1.505556e-03,1.580761e-03,1.516605e-03,1.328544e-03,1.080416e-03,8.408562e-04,6.622938e-04,6.002224e-04,6.365310e-04,6.984582e-04,7.202525e-04,7.901516e-04,8.328429e-04,9.294715e-04,1.086312e-03,1.247438e-03,1.391686e-03,1.439318e-03,1.341670e-03,1.102660e-03,8.141530e-04,5.448218e-04,3.691106e-04,3.310873e-04,4.450483e-04,6.635220e-04,8.841440e-04,1.189944e-03,1.530932e-03,1.864925e-03
1.113702e-03,3.104362e-05,9.599928e-04,1.431512e-03,-2.280123e-05,-1.055920e-05,1.082439e-03,-2.956591e-05,-1.002884e-03,1.962524e-03,-7.568446e-06,1.136723e-05,3.779349e-04,3.720200e-04,3.759874e-04,3.724945e-04,3.426727e-04,1.582803e-04,1.400232e-04,2.046608e-04,3.013198e-04,2.849624e-04,3.013321e-04,5.345182e-04,6.194080e-04,4.961138e-04,1.476740e-04,8.180758e-06,4.231202e-05,2.114161e-04,2.719758e-04,2.197328e-04,3.153381e-04,3.354165e-04,3.056523e-04,1.453399e-04,1.727583e-04,4.356464e-04,6.192280e-04,6.731265e-04,5.948557e-04,6.614817e-05,-5.196690e-04,-1.039537e-03,-1.520184e-03,-7.462670e-03,-7.372248e-03,-7.282177e-03,-7.190772e-03,-7.105228e-03,-6.997451e-03,-6.873596e-03,-6.762228e-03,-6.583149e-03,-6.452558e-03,-6.361779e-03,-6.272760e-03,-6.225445e-03,-6.251818e-03,-6.328798e-03,-6.415413e-03,-6.543357e-03,-6.668705e-03,-6.783588e-03,-6.870682e-03,-6.914086e-03,-6.883534e-03,-6.847407e-03,-6.741317e-03,-6.625182e-03,-6.496325e-03,-6.339778e-03,-6.195865e-03,-6.124938e-03,-6.085899e-03,-6.051634e-03,-6.043233e-03,-6.028187e-03,-2.418116e-04,-1.077485e-04,2.576390e-05,1.673815e-04,3.048651e-04,4.462390e-04,5.647001e-04,6.181867e-04,6.195808e-04,5.700296e-04,4.697798e-04,3.124625e-04,1.737911e-04,7.806166e-05,-2.292168e-05,-6.951223e-05,-8.944673e-05,-8.881403e-05,-6.349043e-05,-1.887055e-05,5.083344e-05,1.601407e-04,2.432919e-04,2.956226e-04,3.108081e-04,2.689022e-04,1.845942e-04,1.285484e-04,9.532078e-05,1.542365e-04,2.420609e-04,3.592492e-04,4.783205e-04,-3.834975e-03,-4.320083e-03,-4.802413e-03,-5.281642e-03,-5.754506e-03,-6.171127e-03,-6.512067e-03,-6.708603e-03,-6.748732e-03,-6.631928e-03,-6.463575e-03,-6.312541e-03,-6.203721e-03,-6.023384e-03,-5.801791e-03,-5.597711e-03,-5.326770e-03,-5.204692e-03,-5.270886e-03,-5.529798e-03,-5.875295e-03,-6.220193e-03,-6.466001e-03,-6.551206e-03,-6.471923e-03,-6.343182e-03,-6.248064e-03,-6.237108e-03,-6.153173e-03,-6.061904e-03,-5.979913e-03,-5.764584e-03,-5.560815e-03,2.720266e-04,-3.143160e-05,-3.353279e-04,-6.298978e-04,-8.344145e-04,-8.692457e-04,-6.044051e-04,-1.108996e-04,4.177432e-04,7.820818e-04,9.069501e-04,8.500964e-04,7.019055e-04,4.675354e-04,5.677790e-05,-1.902597e-04,-3.097458e-04,-4.423969e-04,-5.851061e-04,-6.869195e-04,-6.035246e-04,-3.490093e-04,8.685861e-06,4.107958e-04,8.995030e-04,1.320167e-03,1.481430e-03,1.258637e-03,6.316865e-04,-2.021305e-04,-1.207971e-03,-2.218700e-03,-3.222610e-03
1.949033e-04,9.034617e-04,-3.832160e-04,-6.911673e-05,8.729288e-04,-3.480885e-04,-2.835598e-04,9.193400e-04,-2.990600e-04,-7.568446e-06,1.881961e-03,-1.183156e-04,3.542577e-03,3.880256e-03,4.253651e-03,4.088426e-03,4.233926e-03,4.090327e-03,4.013461e-03,4.245861e-03,4.031999e-03,4.025988e-03,4.114490e-03,3.722190e-03,3.458647e-03,3.093595e-03,3.056925e-03,3.343334e-03,3.652844e-03,4.212234e-03,4.139070e-03,4.058263e-03,4.249827e-03,4.000143e-03,4.188906e-03,4.100525e-03,4.159245e-03,4.061688e-03,3.633108e-03,3.432985e-03,3.411027e-03,3.386157e-03,3.283160e-03,3.165499e-03,3.066038e-03,5.818910e-04,4.708077e-04,3.593062e-04,2.491240e-04,1.336451e-04,4.782642e-05,8.494090e-05,2.324323e-04,3.832707e-04,3.915781e-04,2.920208e-04,1.825186e-04,1.690653e-04,2.005350e-04,2.300732e-04,2.746610e-04,3.018973e-04,2.947546e-04,2.811701e-04,2.778758e-04,3.165460e-04,3.426973e-04,2.473406e-04,1.172138e-04,1.192536e-04,2.247434e-04,3.097607e-04,3.499458e-04,3.242358e-04,2.730610e-04,1.778529e-04,8.053887e-05,-1.690967e-05,-4.725257e-03,-4.443507e-03,-4.153254e-03,-3.946251e-03,-3.928650e-03,-4.008771e-03,-4.065311e-03,-4.091405e-03,-4.086605e-03,-4.051957e-03,-3.977597e-03,-3.923103e-03,-3.944619e-03,-3.959879e-03,-3.979097e-03,-4.010871e-03,-4.062115e-03,-4.220082e-03,-4.344794e-03,-4.345075e-03,-4.229414e-03,-4.075428e-03,-4.012548e-03,-4.015716e-03,-4.081225e-03,-4.187888e-03,-4.240898e-03,-4.233991e-03,-4.184919e-03,-4.138253e-03,-4.113356e-03,-4.075599e-03,-4.038008e-03,1.926957e-04,7.613364e-05,-4.110357e-05,-1.485934e-04,-1.955599e-04,-1.433962e-04,5.466708e-06,1.998930e-04,3.843918e-04,5.302651e-04,5.929359e-04,5.582806e-04,4.843338e-04,4.424953e-04,3.742242e-04,3.457933e-04,2.850930e-04,1.700468e-04,4.077018e-05,-6.306501e-05,-7.684764e-05,2.829152e-05,2.464918e-04,5.008806e-04,7.188935e-04,8.324316e-04,8.249680e-04,6.978715e-04,4.865111e-04,2.700816e-04,-1.817922e-05,-3.286501e-04,-6.337257e-04,3.382954e-03,3.854191e-03,4.322882e-03,4.691685e-03,5.023691e-03,5.246057e-03,5.416173e-03,5.514057e-03,5.414236e-03,5.173807e-03,4.845651e-03,4.409538e-03,3.985702e-03,3.577713e-03,3.396997e-03,3.524206e-03,3.731717e-03,4.045369e-03,4.350633e-03,4.730859e-03,5.119862e-03,5.358798e-03,5.461482e-03,5.330210e-03,5.033603e-03,4.649575e-03,4.254974e-03,4.061044e-03,3.901557e-03,3.658867e-03,3.288219e-03,2.759304e-03,2.241106e-03
-1.620760e-04,1.075291e-03,3.059968e-04,6.391391e-05,5.935845e-04,-9.362714e-04,2.222484e-04,1.055779e-03,2.328181e-04,1.136723e-05,-1.183156e-04,1.989694e-03,-4.499184e-03,-4.688733e-03,-4.753057e-03,-4.496391e-03,-4.574311e-03,-4.543471e-03,-4.380995e-03,-4.731397e-03,-4.567787e-03,-4.682890e-03,-4.630449e-03,-4.138385e-03,-3.831341e-03,-3.645545e-03,-3.606935e-03,-3.723109e-03,-3.978040e-03,-4.484109e-03,-4.664013e-03,-4.610932e-03,-4.712526e-03,-4.401950e-03,-4.671651e-03,-4.625028e-03,-4.585950e-03,-4.546450e-03,-4.014069e-03,-3.674787e-03,-3.362729e-03,-3.371810e-03,-3.673194e-03,-4.022598e-03,-4.265870e-03,-9.641147e-04,-7.943165e-04,-6.242452e-04,-4.557262e-04,-2.918230e-04,-1.370983e-04,-1.271625e-04,-2.830256e-04,-4.503668e-04,-4.636431e-04,-3.735812e-04,-2.964029e-04,-2.581826e-04,-2.222884e-04,-2.154301e-04,-2.099154e-04,-2.417569e-04,-3.022615e-04,-3.777543e-04,-4.522921e-04,-5.193655e-04,-4.704550e-04,-2.586464e-04,2.127736e-05,1.788072e-04,1.766094e-04,1.076318e-04,-3.189520e-06,-1.355275e-04,-2.697508e-04,-4.659388e-04,-7.102704e-04,-9.444813e-04,-5.075284e-03,-5.157800e-03,-5.239656e-03,-5.182451e-03,-4.997207e-03,-4.726721e-03,-4.540072e-03,-4.477904e-03,-4.496831e-03,-4.572807e-03,-4.680346e-03,-4.726463e-03,-4.717341e-03,-4.689983e-03,-4.684271e-03,-4.714534e-03,-4.712434e-03,-4.665544e-03,-4.549391e-03,-4.554964e-03,-4.683461e-03,-4.787595e-03,-4.801741e-03,-4.744633e-03,-4.622329e-03,-4.436090e-03,-4.293995e-03,-4.251720e-03,-4.221865e-03,-4.212739e-03,-4.207762e-03,-4.159214e-03,-4.103911e-03,-8.017799e-04,-9.968253e-04,-1.191915e-03,-1.373293e-03,-1.489331e-03,-1.486735e-03,-1.333431e-03,-1.078779e-03,-8.073326e-04,-5.990112e-04,-5.085736e-04,-5.297665e-04,-5.945788e-04,-6.237345e-04,-6.906853e-04,-7.304941e-04,-8.137684e-04,-9.708932e-04,-1.148392e-03,-1.299294e-03,-1.330331e-03,-1.221712e-03,-1.004344e-03,-7.436696e-04,-4.785762e-04,-2.989462e-04,-2.630898e-04,-3.833158e-04,-6.024211e-04,-8.309367e-04,-1.134289e-03,-1.447523e-03,-1.756055e-03,-1.497568e-02,-1.442059e-02,-1.385736e-02,-1.333616e-02,-1.294289e-02,-1.263450e-02,-1.236228e-02,-1.219429e-02,-1.204314e-02,-1.196907e-02,-1.184158e-02,-1.161558e-02,-1.143376e-02,-1.144109e-02,-1.158629e-02,-1.182624e-02,-1.230735e-02,-1.281772e-02,-1.312815e-02,-1.315238e-02,-1.298424e-02,-1.268479e-02,-1.245967e-02,-1.227878e-02,-1.217805e-02,-1.205148e-02,-1.177631e-02,-1.143630e-02,-1.125099e-02,-1.121546e-02,-1.129554e-02,-1.152204e-02,-1.173133e-02
3.228141e-03,-7.902686e-04,-4.229240e-03,1.836607e-04,-3.489087e-03,-4.122993e-03,-3.056595e-03,-6.176338e-04,-4.612983e-03,3.779349e-04,3.542577e-03,-4.499184e-03,6.061747e-01,2.593456e-01,2.817871e-02,-3.650839e-02,6.021251e-03,5.011481e-02,5.997198e-02,5.939682e-02,5.199037e-02,4.840089e-02,5.129424e-02,5.170421e-02,5.080250e-02,4.459696e-02,4.007491e-02,3.978132e-02,4.287021e-02,5.077422e-02,5.273050e-02,5.224548e-02,5.381342e-02,5.029425e-02,5.279135e-02,5.188753e-02,5.215341e-02,5.153107e-02,4.608028e-02,4.290024e-02,4.087774e-02,4.017950e-02,4.070145e-02,4.141436e-02,4.161109e-02,-7.542396e-02,-6.407063e-02,-5.271446e-02,-4.139932e-02,-3.041999e-02,-1.986367e-02,-1.060419e-02,-2.102708e-03,4.647546e-03,7.963773e-03,7.898633e-03,6.174124e-03,4.420076e-03,2.825311e-03,1.425337e-03,3.805758e-04,-1.469132e-04,-3.691214e-04,-2.744740e-04,7.255044e-05,7.508556e-04,8.074899e-04,-7.738331e-04,-2.930451e-03,-3.577508e-03,-2.725256e-03,-1.671105e-03,-7.269770e-04,-1.622268e-04,2.413264e-04,7.567179e-04,1.539665e-03,2.263760e-03,-1.656117e-01,-1.198438e-01,-7.335873e-02,-3.494751e-02,-8.349815e-03,9.423719e-03,1.907814e-02,2.275080e-02,2.213943e-02,1.899674e-02,1.525992e-02,1.108300e-02,6.938623e-03,3.960571e-03,2.207147e-03,1.493933e-03,9.984259e-04,-1.890622e-04,-1.470006e-03,-1.305899e-03,2.490002e-04,1.936239e-03,2.582790e-03,2.455933e-03,1.620445e-03,2.115277e-04,-5.944594e-04,-4.518402e-04,4.460256e-05,7.113598e-04,1.270679e-03,1.650850e-03,1.989307e-03,-2.115828e-03,-1.975410e-03,-1.839356e-03,-1.715391e-03,-1.613776e-03,-1.628491e-03,-1.701795e-03,-1.935565e-03,-2.222128e-03,-2.289901e-03,-2.063878e-03,-1.729729e-03,-1.483018e-03,-1.404773e-03,-1.402621e-03,-1.422116e-03,-1.397131e-03,-1.375374e-03,-1.383705e-03,-1.443625e-03,-1.627380e-03,-1.787432e-03,-1.752627e-03,-1.582479e-03,-1.543207e-03,-1.605183e-03,-1.582322e-03,-1.489124e-03,-1.408094e-03,-1.397629e-03,-1.391676e-03,-1.367146e-03,-1.344961e-03,8.310660e-03,5.504371e-03,2.568845e-03,7.926868e-04,3.782999e-04,4.938090e-04,9.397610e-04,1.546304e-03,2.163355e-03,2.667662e-03,2.861213e-03,2.864902e-03,2.733827e-03,2.535901e-03,2.321137e-03,2.159020e-03,2.115855e-03,2.178940e-03,2.295130e-03,2.184451e-03,1.902836e-03,1.643348e-03,1.577163e-03,1.629582e-03,1.810883e-03,2.109856e-03,2.297076e-03,2.347710e-03,2.313992e-03,2.186917e-03,1.968193e-03,1.766870e-03,1.563931e-03
3.426193e-03,-7.279831e-04,-4.528052e-03,1.816570e-04,-3.594026e-03,-4.432750e-03,-3.245708e-03,-5.321937e-04,-4.860783e-03,3.720200e-04,3.880256e-03,-4.688733e-03,2.593456e-01,1.712358e-01,5.640304e-02,1.982038e-02,3.477884e-02,5.208129e-02,5.640217e-02,5.950651e-02,5.483220e-02,5.296753e-02,5.459684e-02,5.231756e-02,5.036064e-02,4.537894e-02,4.252738e-02,4.328921e-02,4.659443e-02,5.428504e-02,5.569322e-02,5.512996e-02,5.699001e-02,5.338270e-02,5.603086e-02,5.502719e-02,5.529428e-02,5.464920e-02,4.888257e-02,4.549916e-02,4.336595e-02,4.263166e-02,4.316198e-02,4.389211e-02,4.408131e-02,-4.174194e-02,-3.586757e-02,-2.999234e-02,-2.414308e-02,-1.857442e-02,-1.323229e-02,-7.526212e-03,-1.437220e-03,3.553782e-03,5.660501e-03,5.117499e-03,3.569450e-03,2.371781e-03,1.373872e-03,5.455228e-04,-2.309901e-05,-2.221698e-04,-2.407807e-04,-3.691705e-05,3.532018e-04,1.043601e-03,1.053422e-03,-6.743215e-04,-3.000974e-03,-3.709446e-03,-2.811430e-03,-1.690105e-03,-6.827131e-04,-8.300532e-05,3.420750e-04,8.782937e-04,1.695747e-03,2.451266e-03,-8.732650e-02,-6.021058e-02,-3.256085e-02,-1.067996e-02,2.760190e-03,1.024274e-02,1.369955e-02,1.455089e-02,1.358244e-02,1.168993e-02,9.901696e-03,7.776902e-03,5.345347e-03,3.561582e-03,2.465812e-03,1.945094e-03,1.329318e-03,-1.692940e-04,-1.785987e-03,-1.805119e-03,-2.879000e-04,1.430471e-03,2.093773e-03,1.969826e-03,1.112492e-03,-3.483117e-04,-1.172444e-03,-1.002161e-03,-4.611650e-04,2.555879e-04,8.567394e-04,1.270954e-03,1.641283e-03,-1.769613e-03,-1.661606e-03,-1.556739e-03,-1.451426e-03,-1.328827e-03,-1.243481e-03,-1.312324e-03,-1.569786e-03,-1.860698e-03,-1.921328e-03,-1.715871e-03,-1.430175e-03,-1.230785e-03,-1.174099e-03,-1.186487e-03,-1.207179e-03,-1.174225e-03,-1.143969e-03,-1.147722e-03,-1.206261e-03,-1.388453e-03,-1.537509e-03,-1.472072e-03,-1.265992e-03,-1.205932e-03,-1.268271e-03,-1.259929e-03,-1.192008e-03,-1.144623e-03,-1.165566e-03,-1.193161e-03,-1.202753e-03,-1.214372e-03,6.540141e-03,4.444329e-03,2.243753e-03,9.202556e-04,6.801299e-04,9.402744e-04,1.353062e-03,1.814800e-03,2.253352e-03,2.593396e-03,2.678284e-03,2.625801e-03,2.488107e-03,2.309686e-03,2.135195e-03,2.025447e-03,2.017927e-03,2.112502e-03,2.256115e-03,2.158874e-03,1.878165e-03,1.613875e-03,1.545079e-03,1.586404e-03,1.748654e-03,2.032551e-03,2.207764e-03,2.262071e-03,2.233328e-03,2.105848e-03,1.876409e-03,1.648575e-03,1.420356e-03
3.607738e-03,-5.464068e-04,-4.788117e-03,1.902054e-04,-3.592015e-03,-4.788658e-03,-3.408877e-03,-3.272591e-04,-5.088987e-03,3.759874e-04,4.253651e-03,-4.753057e-03,2.817871e-02,5.640304e-02,9.460199e-02,7.463387e-02,6.390781e-02,5.322003e-02,5.240851e-02,5.926628e-02,5.728104e-02,5.706509e-02,5.743612e-02,5.258948e-02,4.969817e-02,4.594682e-02,4.469781e-02,4.643982e-02,4.991479e-02,5.736685e-02,5.823220e-02,5.760064e-02,5.973826e-02,5.606467e-02,5.883826e-02,5.774114e-02,5.801503e-02,5.735006e-02,5.131591e-02,4.776317e-02,4.555171e-02,4.478138e-02,4.529269e-02,4.600886e-02,4.616985e-02,-1.182979e-02,-1.091629e-02,-1.000438e-02,-9.099337e-03,-8.406896e-03,-7.736676e-03,-5.070401e-03,-1.009824e-03,2.450174e-03,3.470696e-03,2.487127e-03,1.094285e-03,4.035396e-04,-4.733917e-05,-3.481731e-04,-4.733158e-04,-3.668898e-04,-1.967396e-04,1.082998e-04,5.391970e-04,1.243116e-03,1.219348e-03,-6.277890e-04,-3.092984e-03,-3.844575e-03,-2.899359e-03,-1.717462e-03,-6.587336e-04,-3.890043e-05,3.924368e-04,9.279854e-04,1.753678e-03,2.515363e-03,-6.667762e-03,1.725040e-03,1.045373e-02,1.549987e-02,1.537610e-02,1.214795e-02,9.029070e-03,6.730595e-03,5.126476e-03,4.257285e-03,4.245162e-03,4.051119e-03,3.254624e-03,2.627005e-03,2.177609e-03,1.855010e-03,1.137777e-03,-6.486518e-04,-2.573033e-03,-2.763062e-03,-1.287301e-03,4.563079e-04,1.134607e-03,1.015425e-03,1.422437e-04,-1.359228e-03,-2.194169e-03,-1.997128e-03,-1.412542e-03,-6.478812e-04,-7.159439e-06,4.433521e-04,8.484598e-04,-1.628307e-03,-1.540139e-03,-1.454470e-03,-1.363877e-03,-1.221526e-03,-1.036260e-03,-1.095077e-03,-1.358445e-03,-1.626851e-03,-1.655725e-03,-1.455539e-03,-1.214359e-03,-1.063963e-03,-1.028232e-03,-1.060625e-03,-1.087288e-03,-1.056055e-03,-1.034436e-03,-1.052697e-03,-1.127090e-03,-1.313325e-03,-1.442333e-03,-1.325038e-03,-1.056274e-03,-9.475986e-04,-9.909013e-04,-9.927946e-04,-9.628689e-04,-9.714414e-04,-1.045104e-03,-1.133808e-03,-1.205330e-03,-1.278132e-03,3.864044e-03,2.548083e-03,1.153910e-03,3.769181e-04,4.051481e-04,8.850642e-04,1.314728e-03,1.655479e-03,1.919188e-03,2.082184e-03,2.040625e-03,1.918054e-03,1.766854e-03,1.596223e-03,1.443856e-03,1.366611e-03,1.367080e-03,1.478751e-03,1.651156e-03,1.585836e-03,1.333316e-03,1.092940e-03,1.043506e-03,1.083468e-03,1.224193e-03,1.487187e-03,1.646051e-03,1.702629e-03,1.667636e-03,1.530090e-03,1.284856e-03,1.015206e-03,7.474046e-04
3.450286e-03,-4.748921e-04,-4.554714e-03,2.024866e-04,-3.382208e-03,-4.587470e-03,-3.234752e-03,-2.652734e-04,-4.857879e-03,3.724945e-04,4.088426e-03,-4.496391e-03,-3.650839e-02,1.982038e-02,7.463387e-02,1.210554e-01,8.184325e-02,5.043537e-02,4.364519e-02,5.331896e-02,5.409073e-02,5.526800e-02,5.495303e-02,4.863495e-02,4.497326e-02,4.235875e-02,4.247271e-02,4.488547e-02,4.827118e-02,5.493108e-02,5.532442e-02,5.467571e-02,5.684014e-02,5.343141e-02,5.607632e-02,5.499535e-02,5.524247e-02,5.462576e-02,4.889133e-02,4.549682e-02,4.339316e-02,4.265586e-02,4.312314e-02,4.378658e-02,4.392421e-02,3.317574e-02,2.693229e-02,2.068386e-02,1.444846e-02,8.082422e-03,1.950279e-03,-4.644629e-04,-8.086486e-06,1.064097e-03,8.452227e-04,-3.757834e-04,-1.374093e-03,-1.436192e-03,-1.285893e-03,-1.062653e-03,-7.835231e-04,-4.269943e-04,-1.231401e-04,2.212910e-04,6.247823e-04,1.253799e-03,1.177936e-03,-6.308084e-04,-3.014115e-03,-3.749501e-03,-2.852979e-03,-1.720397e-03,-7.009162e-04,-1.033311e-04,3.116311e-04,8.223559e-04,1.608074e-03,2.333117e-03,2.464804e-02,2.518023e-02,2.592260e-02,2.383768e-02,1.770943e-02,9.389453e-03,3.370365e-03,-9.921430e-07,-1.366284e-03,-1.156485e-03,2.346026e-04,1.526837e-03,2.040349e-03,2.324428e-03,2.372499e-03,2.190168e-03,1.420386e-03,-4.552348e-04,-2.470629e-03,-2.788071e-03,-1.472431e-03,1.434191e-04,7.797302e-04,6.796943e-04,-1.265821e-04,-1.530401e-03,-2.303723e-03,-2.102830e-03,-1.537202e-03,-8.014520e-04,-1.837076e-04,2.545854e-04,6.497937e-04,-1.856427e-03,-1.736687e-03,-1.620726e-03,-1.491878e-03,-1.267754e-03,-9.329300e-04,-9.361836e-04,-1.189900e-03,-1.459582e-03,-1.514462e-03,-1.372172e-03,-1.196625e-03,-1.092288e-03,-1.066281e-03,-1.092955e-03,-1.107967e-03,-1.066187e-03,-1.038564e-03,-1.053940e-03,-1.126557e-03,-1.304839e-03,-1.425302e-03,-1.306967e-03,-1.042372e-03,-9.302082e-04,-9.672579e-04,-9.713100e-04,-9.513525e-04,-9.693486e-04,-1.047268e-03,-1.141418e-03,-1.218226e-03,-1.296192e-03,2.943671e-03,1.911425e-03,8.230379e-04,2.121617e-04,3.177861e-04,9.316010e-04,1.379340e-03,1.654561e-03,1.819252e-03,1.883399e-03,1.778237e-03,1.620840e-03,1.467247e-03,1.321217e-03,1.205590e-03,1.166394e-03,1.188639e-03,1.307753e-03,1.478468e-03,1.418161e-03,1.178305e-03,9.510814e-04,9.072028e-04,9.454843e-04,1.074282e-03,1.316839e-03,1.460285e-03,1.510352e-03,1.473900e-03,1.343921e-03,1.111510e-03,8.500016e-04,5.908082e-04
