4.429178e-04,-4.522918e-07,-2.287753e-06,3.509696e-05,2.411664e-05,1.335977e-05,4.193029e-06,-5.270329e-06,-1.186702e-05,-1.513200e-05,-1.530545e-05,-1.115794e-05,-7.719288e-06,-8.091722e-06,-1.190040e-05,-1.926853e-05,-2.855851e-05,-3.904449e-05,-4.593173e-05,-4.836603e-05,-4.673381e-05,-3.952604e-05,-3.021408e-05,-1.873169e-05,-8.221216e-06,-9.084651e-07,5.593515e-06,8.736841e-06,9.632613e-06,7.957887e-06,2.701389e-06,-6.912866e-06,-1.638697e-05,-2.592832e-05,-3.544878e-05,-4.494354e-05,-1.414944e-03,-1.416873e-03,-1.418799e-03,-1.420443e-03,-1.421803e-03,-1.423025e-03,-1.424053e-03,-1.424530e-03,-1.424410e-03,-1.423853e-03,-1.422838e-03,-1.421724e-03,-1.420660e-03,-1.419920e-03,-1.419878e-03,-1.420247e-03,-1.420998e-03,-1.422240e-03,-1.423767e-03,-1.425714e-03,-1.428264e-03,-1.431297e-03,-1.434585e-03,-1.438279e-03,-1.442591e-03,-1.447340e-03,-1.452460e-03,-1.457688e-03,-1.462658e-03,-1.467364e-03,-1.472056e-03,-1.476779e-03,-1.481492e-03,-4.397494e-05,-3.844268e-05,-3.290793e-05,-2.709189e-05,-2.100476e-05,-1.478331e-05,-8.461609e-06,-2.447918e-06,3.175246e-06,8.509134e-06,1.353123e-05,1.789973e-05,2.131712e-05,2.359025e-05,2.456816e-05,2.403618e-05,2.219377e-05,1.935939e-05,1.554529e-05,1.110340e-05,6.412186e-06,1.612066e-06,-2.946125e-06,-7.315782e-06,-1.160329e-05,-1.553025e-05,-1.908363e-05,-2.211683e-05,-2.470567e-05,-2.729348e-05,-2.995537e-05,-3.257035e-05,-3.519322e-05,1.920605e-03,1.879931e-03,1.839366e-03,1.796980e-03,1.753156e-03,1.708909e-03,1.664467e-03,1.618954e-03,1.574929e-03,1.535372e-03,1.503353e-03,1.482257e-03,1.471614e-03,1.471612e-03,1.482978e-03,1.501927e-03,1.523673e-03,1.545098e-03,1.561671e-03,1.571651e-03,1.574740e-03,1.569683e-03,1.554707e-03,1.531694e-03,1.503886e-03,1.473152e-03,1.442302e-03,1.412336e-03,1.381063e-03,1.348606e-03,1.317529e-03,1.287338e-03,1.257028e-03,-2.781442e-04,-2.270409e-04,-1.758606e-04,-1.258887e-04,-7.830410e-05,-3.528968e-05,3.373430e-07,2.843728e-05,4.921580e-05,6.463554e-05,7.702712e-05,8.597022e-05,9.195431e-05,9.727935e-05,1.015088e-04,1.020994e-04,9.810832e-05,8.864074e-05,7.418339e-05,5.577751e-05,3.575480e-05,1.758002e-05,2.267986e-06,-9.811397e-06,-2.015375e-05,-3.191071e-05,-4.686179e-05,-6.396216e-05,-8.273617e-05,-1.045709e-04,-1.287926e-04,-1.531243e-04,-1.774176e-04
-4.522918e-07,3.861786e-04,-8.117269e-06,-8.355525e-05,-8.424991e-05,-8.470475e-05,-8.366815e-05,-8.327110e-05,-8.205784e-05,-7.923483e-05,-7.374977e-05,-6.885461e-05,-6.448710e-05,-6.312487e-05,-6.276562e-05,-6.354046e-05,-6.572221e-05,-6.875073e-05,-7.432841e-05,-7.983462e-05,-8.369058e-05,-8.616917e-05,-8.479849e-05,-8.155402e-05,-7.675242e-05,-7.095677e-05,-6.128253e-05,-5.184800e-05,-4.336388e-05,-3.321259e-05,-2.359247e-05,-1.599703e-05,-1.005398e-05,-4.897242e-06,2.647473e-06,1.031372e-05,-4.409839e-06,-2.329885e-06,-2.441185e-07,2.113478e-06,4.737110e-06,7.548562e-06,1.054444e-05,1.350259e-05,1.654104e-05,1.978815e-05,2.316208e-05,2.631961e-05,2.899539e-05,3.122627e-05,3.279094e-05,3.336960e-05,3.295082e-05,3.162717e-05,2.919854e-05,2.572036e-05,2.135069e-05,1.605345e-05,9.977977e-06,2.961798e-06,-5.360934e-06,-1.513887e-05,-2.647406e-05,-3.905529e-05,-5.252566e-05,-6.678528e-05,-8.153809e-05,-9.632667e-05,-1.111068e-04,-1.187132e-03,-1.188398e-03,-1.189659e-03,-1.190650e-03,-1.191380e-03,-1.191958e-03,-1.192314e-03,-1.192208e-03,-1.191726e-03,-1.190963e-03,-1.189780e-03,-1.188324e-03,-1.186942e-03,-1.185801e-03,-1.184790e-03,-1.183969e-03,-1.183688e-03,-1.184099e-03,-1.185028e-03,-1.186558e-03,-1.188890e-03,-1.191964e-03,-1.195636e-03,-1.200034e-03,-1.205539e-03,-1.212153e-03,-1.219217e-03,-1.226422e-03,-1.233507e-03,-1.240347e-03,-1.246781e-03,-1.252791e-03,-1.258786e-03,-2.166332e-04,-1.773516e-04,-1.380133e-04,-9.950972e-05,-6.274220e-05,-2.926443e-05,-1.082760e-06,2.163613e-05,3.898626e-05,5.215543e-05,6.259842e-05,7.006552e-05,7.506655e-05,7.935126e-05,8.276813e-05,8.358901e-05,8.108390e-05,7.462097e-05,6.443603e-05,5.105631e-05,3.597662e-05,2.151906e-05,8.485023e-06,-2.742375e-06,-1.313434e-05,-2.477886e-05,-3.879432e-05,-5.437679e-05,-7.115470e-05,-8.994715e-05,-1.101241e-04,-1.302519e-04,-1.503672e-04,1.666189e-03,1.626588e-03,1.587061e-03,1.545946e-03,1.504309e-03,1.463200e-03,1.422686e-03,1.381979e-03,1.343959e-03,1.312354e-03,1.287828e-03,1.270512e-03,1.262587e-03,1.263791e-03,1.271394e-03,1.284699e-03,1.303048e-03,1.322745e-03,1.338817e-03,1.349075e-03,1.353156e-03,1.349803e-03,1.336708e-03,1.315169e-03,1.288519e-03,1.258955e-03,1.225782e-03,1.189167e-03,1.151508e-03,1.113376e-03,1.072644e-03,1.030098e-03,9.876529e-04
-2.287753e-06,-8.117269e-06,1.069497e-04,-8.216209e-04,-8.067736e-04,-7.921082e-04,-7.745880e-04,-7.556969e-04,-7.362434e-04,-7.150264e-04,-6.890748e-04,-6.620000e-04,-6.382706e-04,-6.196377e-04,-6.082291e-04,-6.054371e-04,-6.114493e-04,-6.251257e-04,-6.444176e-04,-6.672183e-04,-6.902825e-04,-7.076757e-04,-7.183010e-04,-7.232574e-04,-7.218866e-04,-7.109801e-04,-6.933896e-04,-6.738275e-04,-6.543750e-04,-6.355148e-04,-6.176368e-04,-6.010593e-04,-5.861682e-04,-5.721991e-04,-5.580002e-04,-5.437483e-04,1.569024e-05,1.324162e-05,1.078560e-05,8.592374e-06,7.000509e-06,6.115976e-06,5.841942e-06,5.936708e-06,6.155671e-06,6.351940e-06,6.544906e-06,6.734424e-06,6.744181e-06,6.452047e-06,5.678572e-06,4.458887e-06,2.851131e-06,8.716268e-07,-1.231816e-06,-3.195377e-06,-4.856322e-06,-6.200211e-06,-7.465710e-06,-8.855085e-06,-1.050778e-05,-1.234366e-05,-1.431868e-05,-1.639997e-05,-1.864867e-05,-2.101152e-05,-2.350856e-05,-2.602306e-05,-2.853347e-05,8.570532e-05,7.894449e-05,7.217651e-05,6.566944e-05,5.976333e-05,5.455895e-05,4.999918e-05,4.626165e-05,4.348631e-05,4.174659e-05,4.078254e-05,4.038667e-05,4.029339e-05,4.045427e-05,4.106667e-05,4.226150e-05,4.422656e-05,4.688929e-05,4.995606e-05,5.310694e-05,5.611948e-05,5.892648e-05,6.114713e-05,6.245837e-05,6.258721e-05,6.150904e-05,5.952508e-05,5.687582e-05,5.388192e-05,5.079428e-05,4.765532e-05,4.457961e-05,4.150698e-05,1.220547e-07,6.032039e-06,1.199880e-05,1.729413e-05,2.059394e-05,2.159411e-05,2.013407e-05,1.675637e-05,1.221471e-05,5.960425e-06,-2.852384e-06,-1.392996e-05,-2.523498e-05,-3.408561e-05,-3.832404e-05,-3.741039e-05,-3.211404e-05,-2.323094e-05,-1.213311e-05,-1.025954e-06,8.811297e-06,1.626375e-05,2.098572e-05,2.312254e-05,2.171018e-05,1.532942e-05,2.720208e-06,-1.615147e-05,-3.960641e-05,-6.522370e-05,-9.105760e-05,-1.166696e-04,-1.422974e-04,-9.452418e-05,-8.039924e-05,-6.621631e-05,-5.272205e-05,-4.116637e-05,-3.133377e-05,-2.264382e-05,-1.574750e-05,-1.188000e-05,-1.118471e-05,-1.257141e-05,-1.353130e-05,-1.207261e-05,-8.151554e-06,-3.631574e-06,-9.090299e-07,-1.160158e-06,-4.144284e-06,-9.029102e-06,-1.419799e-05,-1.939275e-05,-2.480097e-05,-2.946408e-05,-3.181213e-05,-3.156340e-05,-2.886542e-05,-2.536175e-05,-2.387440e-05,-2.682126e-05,-3.467161e-05,-4.570101e-05,-5.764636e-05,-6.951671e-05
3.509696e-05,-8.355525e-05,-8.216209e-04,7.910561e-02,5.990004e-02,4.250490e-02,2.814253e-02,1.731061e-02,9.646706e-03,4.606941e-03,1.636427e-03,2.367269e-04,-1.163143e-05,4.769842e-04,1.344017e-03,2.327374e-03,3.277281e-03,4.119366e-03,4.810844e-03,5.339195e-03,5.716147e-03,5.933996e-03,6.019329e-03,5.999076e-03,5.877872e-03,5.667705e-03,5.435057e-03,5.233433e-03,5.078218e-03,4.955570e-03,4.852910e-03,4.767530e-03,4.701625e-03,4.647781e-03,4.592758e-03,4.537185e-03,-1.038337e-02,-9.071319e-03,-7.755963e-03,-6.491327e-03,-5.360122e-03,-4.371365e-03,-3.513213e-03,-2.773459e-03,-2.139144e-03,-1.592526e-03,-1.114392e-03,-6.912379e-04,-3.223908e-04,-1.370141e-05,2.333291e-04,4.214973e-04,5.562295e-04,6.437517e-04,6.889048e-04,6.961969e-04,6.721565e-04,6.254807e-04,5.637581e-04,4.941036e-04,4.211541e-04,3.457752e-04,2.698660e-04,1.948288e-04,1.213795e-04,4.921918e-05,-2.156215e-05,-9.217356e-05,-1.628219e-04,-1.482059e-02,-1.303760e-02,-1.125129e-02,-9.515623e-03,-7.913157e-03,-6.452606e-03,-5.122558e-03,-3.921284e-03,-2.845217e-03,-1.896074e-03,-1.076617e-03,-3.940943e-04,1.461735e-04,5.521260e-04,8.409642e-04,1.030986e-03,1.137712e-03,1.173654e-03,1.152852e-03,1.089719e-03,9.965630e-04,8.838280e-04,7.617178e-04,6.396979e-04,5.249101e-04,4.204436e-04,3.242455e-04,2.346383e-04,1.492052e-04,6.547771e-05,-1.740579e-05,-1.006981e-04,-1.840362e-04,7.760992e-04,5.429565e-04,3.081444e-04,9.284372e-05,-6.660332e-05,-1.682301e-04,-2.167605e-04,-2.226272e-04,-1.977427e-04,-1.458596e-04,-6.890327e-05,2.555010e-05,1.212183e-04,1.991661e-04,2.443427e-04,2.530506e-04,2.306162e-04,1.825812e-04,1.185586e-04,5.476348e-05,-4.593867e-07,-4.066572e-05,-6.388472e-05,-7.156942e-05,-5.548021e-05,-2.994083e-06,9.649273e-05,2.432220e-04,4.245743e-04,6.226782e-04,8.227168e-04,1.020994e-03,1.219389e-03,1.109278e-03,7.740038e-04,4.368179e-04,1.235363e-04,-1.248973e-04,-3.138192e-04,-4.582887e-04,-5.604106e-04,-6.193271e-04,-6.394315e-04,-6.314162e-04,-6.135709e-04,-6.004234e-04,-5.954536e-04,-5.898847e-04,-5.708904e-04,-5.329477e-04,-4.779376e-04,-4.116898e-04,-3.470237e-04,-2.864021e-04,-2.282719e-04,-1.788460e-04,-1.506391e-04,-1.466212e-04,-1.654953e-04,-1.927560e-04,-2.054704e-04,-1.851185e-04,-1.276233e-04,-4.500553e-05,4.527502e-05,1.349468e-04
2.411664e-05,-8.424991e-05,-8.067736e-04,5.990004e-02,4.861264e-02,3.688322e-02,2.661832e-02,1.834474e-02,1.205861e-02,7.549757e-03,4.558716e-03,2.816297e-03,2.048546e-03,1.951666e-03,2.254588e-03,2.762594e-03,3.356435e-03,3.959927e-03,4.510971e-03,4.973980e-03,5.338304e-03,5.576101e-03,5.698670e-03,5.725366e-03,5.656140e-03,5.494667e-03,5.297810e-03,5.117166e-03,4.970838e-03,4.851495e-03,4.752027e-03,4.671018e-03,4.609651e-03,4.559365e-03,4.507386e-03,4.454902e-03,-6.676246e-03,-5.727454e-03,-4.775843e-03,-3.867317e-03,-3.072258e-03,-2.398058e-03,-1.834510e-03,-1.366093e-03,-9.748195e-04,-6.453088e-04,-3.629752e-04,-1.164813e-04,9.547881e-05,2.694628e-04,4.049252e-04,5.030218e-04,5.670605e-04,6.011842e-04,6.083807e-04,5.916523e-04,5.553985e-04,5.058624e-04,4.485956e-04,3.886655e-04,3.292388e-04,2.702483e-04,2.124606e-04,1.563745e-04,1.023483e-04,4.985049e-05,-1.260748e-06,-5.221762e-05,-1.032086e-04,-1.191930e-02,-1.043342e-02,-8.944704e-03,-7.499018e-03,-6.166581e-03,-4.954620e-03,-3.852970e-03,-2.864840e-03,-1.993635e-03,-1.241205e-03,-6.058002e-04,-8.800537e-05,3.131624e-04,6.073804e-04,8.093655e-04,9.347467e-04,9.965243e-04,1.004621e-03,9.702489e-04,9.046559e-04,8.176314e-04,7.173759e-04,6.121347e-04,5.094383e-04,4.150568e-04,3.312493e-04,2.557212e-04,1.865466e-04,1.211423e-04,5.714729e-05,-6.169510e-06,-6.996862e-05,-1.338082e-04,5.917379e-04,3.927845e-04,1.923415e-04,9.268768e-06,-1.239630e-04,-2.050962e-04,-2.375084e-04,-2.319124e-04,-2.012269e-04,-1.476799e-04,-7.122291e-05,2.173680e-05,1.153283e-04,1.902924e-04,2.315200e-04,2.358596e-04,2.090409e-04,1.568849e-04,8.914099e-05,2.178031e-05,-3.681870e-05,-8.005132e-05,-1.058068e-04,-1.154082e-04,-1.008450e-04,-4.988540e-05,4.780016e-05,1.923865e-04,3.713658e-04,5.670424e-04,7.647196e-04,9.606833e-04,1.156763e-03,9.709979e-04,6.691643e-04,3.656420e-04,8.309951e-05,-1.426160e-04,-3.165212e-04,-4.523247e-04,-5.492581e-04,-6.025525e-04,-6.158400e-04,-6.006715e-04,-5.770472e-04,-5.612471e-04,-5.571598e-04,-5.551591e-04,-5.417202e-04,-5.108110e-04,-4.637055e-04,-4.055392e-04,-3.482807e-04,-2.940921e-04,-2.413106e-04,-1.959275e-04,-1.700960e-04,-1.667422e-04,-1.847151e-04,-2.100307e-04,-2.204007e-04,-1.978038e-04,-1.384010e-04,-5.414885e-05,3.767965e-05,1.289065e-04
1.335977e-05,-8.470475e-05,-7.921082e-04,4.250490e-02,3.688322e-02,3.141583e-02,2.508158e-02,1.940457e-02,1.448023e-02,1.050182e-02,7.486762e-03,5.400019e-03,4.111549e-03,3.428212e-03,3.166243e-03,3.198361e-03,3.435836e-03,3.800622e-03,4.211243e-03,4.609007e-03,4.960837e-03,5.218722e-03,5.378660e-03,5.452439e-03,5.435328e-03,5.322656e-03,5.161632e-03,5.001946e-03,4.864436e-03,4.748324e-03,4.651987e-03,4.575304e-03,4.518441e-03,4.471680e-03,4.422713e-03,4.373286e-03,-2.946621e-03,-2.363316e-03,-1.777687e-03,-1.227514e-03,-7.707947e-04,-4.132706e-04,-1.463548e-04,4.882442e-05,1.953220e-04,3.061774e-04,3.913640e-04,4.600572e-04,5.141800e-04,5.526838e-04,5.759623e-04,5.835123e-04,5.765070e-04,5.569897e-04,5.260798e-04,4.852592e-04,4.367837e-04,3.844270e-04,3.316934e-04,2.815919e-04,2.358114e-04,1.933463e-04,1.538244e-04,1.168368e-04,8.238336e-05,4.969845e-05,1.840791e-05,-1.274384e-05,-4.392678e-05,-9.002389e-03,-7.815235e-03,-6.625746e-03,-5.471671e-03,-4.410847e-03,-3.448980e-03,-2.577137e-03,-1.803456e-03,-1.138318e-03,-5.836867e-04,-1.332899e-04,2.189514e-04,4.803250e-04,6.622422e-04,7.769253e-04,8.373247e-04,8.539080e-04,8.339967e-04,7.859650e-04,7.178795e-04,6.369986e-04,5.492668e-04,4.609619e-04,3.776707e-04,3.037859e-04,2.407330e-04,1.859741e-04,1.373337e-04,9.206034e-05,4.790024e-05,4.252932e-06,-3.995009e-05,-8.418830e-05,4.057372e-04,2.413383e-04,7.563143e-05,-7.485093e-05,-1.815265e-04,-2.418548e-04,-2.578713e-04,-2.405773e-04,-2.039050e-04,-1.485551e-04,-7.250014e-05,1.902732e-05,1.105747e-04,1.825636e-04,2.198307e-04,2.197731e-04,1.885270e-04,1.321955e-04,6.066785e-05,-1.032394e-05,-7.236308e-05,-1.186800e-04,-1.470231e-04,-1.585844e-04,-1.455804e-04,-9.616917e-05,-2.934084e-07,1.421552e-04,3.187757e-04,5.120425e-04,7.073767e-04,9.010460e-04,1.094828e-03,8.318774e-04,5.637570e-04,2.941739e-04,4.264444e-05,-1.601017e-04,-3.187731e-04,-4.457349e-04,-5.373429e-04,-5.849069e-04,-5.912959e-04,-5.689190e-04,-5.394850e-04,-5.210244e-04,-5.178300e-04,-5.194195e-04,-5.115628e-04,-4.877149e-04,-4.485429e-04,-3.984891e-04,-3.486719e-04,-3.009503e-04,-2.535480e-04,-2.122367e-04,-1.888088e-04,-1.861465e-04,-2.032462e-04,-2.266454e-04,-2.346966e-04,-2.098724e-04,-1.485723e-04,-6.269326e-05,3.067611e-05,1.234509e-04
4.193029e-06,-8.366815e-05,-7.745880e-04,2.814253e-02,2.661832e-02,2.508158e-02,2.339351e-02,2.020424e-02,1.674462e-02,1.332997e-02,1.032829e-02,7.919749e-03,6.127369e-03,4.870884e-03,4.055194e-03,3.619544e-03,3.505545e-03,3.633916e-03,3.904565e-03,4.236229e-03,4.574051e-03,4.850394e-03,5.046071e-03,5.165202e-03,5.198237e-03,5.132749e-03,5.007039e-03,4.868855e-03,4.741436e-03,4.629998e-03,4.537989e-03,4.466542e-03,4.414929e-03,4.372410e-03,4.327191e-03,4.281560e-03,3.825739e-04,6.409219e-04,9.011124e-04,1.132793e-03,1.289628e-03,1.367110e-03,1.371995e-03,1.326047e-03,1.256876e-03,1.174901e-03,1.085285e-03,9.950398e-04,9.069748e-04,8.226799e-04,7.437632e-04,6.683624e-04,5.957925e-04,5.262762e-04,4.593299e-04,3.951633e-04,3.341459e-04,2.778438e-04,2.278981e-04,1.854311e-04,1.507786e-04,1.220822e-04,9.793139e-05,7.708578e-05,5.920990e-05,4.332204e-05,2.882894e-05,1.445859e-05,6.006572e-08,-6.385319e-03,-5.465329e-03,-4.543486e-03,-3.650122e-03,-2.831410e-03,-2.091950e-03,-1.424261e-03,-8.414783e-04,-3.609392e-04,1.504785e-05,2.971027e-04,4.980250e-04,6.314261e-04,7.105509e-04,7.453404e-04,7.462749e-04,7.215160e-04,6.759937e-04,6.154648e-04,5.450549e-04,4.697182e-04,3.933758e-04,3.204936e-04,2.548587e-04,1.995830e-04,1.553170e-04,1.193073e-04,8.915764e-05,6.197209e-05,3.560573e-05,9.587030e-06,-1.705633e-05,-4.372952e-05,2.358014e-04,1.036039e-04,-2.972058e-05,-1.498396e-04,-2.319735e-04,-2.732811e-04,-2.745090e-04,-2.468886e-04,-2.052565e-04,-1.487781e-04,-7.345339e-05,1.662746e-05,1.063679e-04,1.758700e-04,2.099068e-04,2.063573e-04,1.716864e-04,1.122138e-04,3.789359e-05,-3.585664e-05,-1.006266e-04,-1.495250e-04,-1.801700e-04,-1.936074e-04,-1.822869e-04,-1.347744e-04,-4.130334e-05,9.818412e-05,2.714526e-04,4.612247e-04,6.531138e-04,8.433935e-04,1.033783e-03,7.064880e-04,4.697808e-04,2.318365e-04,9.216283e-06,-1.723197e-04,-3.171088e-04,-4.361856e-04,-5.231322e-04,-5.654726e-04,-5.652739e-04,-5.357576e-04,-5.003486e-04,-4.787905e-04,-4.758069e-04,-4.801836e-04,-4.771043e-04,-4.595803e-04,-4.277059e-04,-3.852537e-04,-3.424854e-04,-3.009677e-04,-2.588355e-04,-2.216239e-04,-2.007191e-04,-1.989330e-04,-2.153911e-04,-2.371739e-04,-2.433258e-04,-2.168529e-04,-1.543927e-04,-6.773373e-05,2.629562e-05,1.197401e-04
-5.270329e-06,-8.327110e-05,-7.556969e-04,1.731061e-02,1.834474e-02,1.940457e-02,2.020424e-02,2.039391e-02,1.843958e-02,1.580906e-02,1.293778e-02,1.029926e-02,8.061994e-03,6.276525e-03,4.940283e-03,4.058996e-03,3.604999e-03,3.500397e-03,3.629523e-03,3.890659e-03,4.208855e-03,4.498074e-03,4.724187e-03,4.883477e-03,4.961252e-03,4.938385e-03,4.845819e-03,4.729388e-03,4.613879e-03,4.509108e-03,4.422634e-03,4.356830e-03,4.310426e-03,4.272024e-03,4.230435e-03,4.188479e-03,2.748826e-03,2.773827e-03,2.800229e-03,2.804480e-03,2.750941e-03,2.635413e-03,2.462019e-03,2.253881e-03,2.041394e-03,1.831364e-03,1.623379e-03,1.422074e-03,1.231796e-03,1.057381e-03,9.023480e-04,7.642441e-04,6.412068e-04,5.323167e-04,4.361053e-04,3.520734e-04,2.792980e-04,2.177480e-04,1.676583e-04,1.287037e-04,1.002009e-04,7.966638e-05,6.491741e-05,5.407544e-05,4.653367e-05,4.114469e-05,3.714084e-05,3.324443e-05,2.932268e-05,-4.377947e-03,-3.665514e-03,-2.951671e-03,-2.259959e-03,-1.625852e-03,-1.053766e-03,-5.385230e-04,-9.840512e-05,2.424072e-04,4.805761e-04,6.304625e-04,7.115971e-04,7.438126e-04,7.422159e-04,7.147681e-04,6.697766e-04,6.134721e-04,5.488284e-04,4.794722e-04,4.081324e-04,3.379654e-04,2.713815e-04,2.113989e-04,1.603498e-04,1.203063e-04,9.127876e-05,7.035160e-05,5.497164e-05,4.214884e-05,2.984895e-05,1.772529e-05,4.908804e-06,-7.932195e-06,1.040863e-04,-2.701429e-06,-1.104442e-04,-2.068956e-04,-2.709309e-04,-2.993033e-04,-2.914149e-04,-2.584264e-04,-2.156965e-04,-1.607678e-04,-8.762481e-05,6.898797e-07,8.913615e-05,1.572810e-04,1.896425e-04,1.843962e-04,1.482078e-04,8.750630e-05,1.222205e-05,-6.260610e-05,-1.286358e-04,-1.789182e-04,-2.109502e-04,-2.256325e-04,-2.156386e-04,-1.699108e-04,-7.897000e-05,5.721150e-05,2.266354e-04,4.123438e-04,6.001885e-04,7.864734e-04,9.728648e-04,6.083382e-04,3.974683e-04,1.855735e-04,-1.355130e-05,-1.788411e-04,-3.140345e-04,-4.286245e-04,-5.135478e-04,-5.528380e-04,-5.476631e-04,-5.119605e-04,-4.709917e-04,-4.462372e-04,-4.429010e-04,-4.491785e-04,-4.497709e-04,-4.373265e-04,-4.114330e-04,-3.752648e-04,-3.383021e-04,-3.018919e-04,-2.641584e-04,-2.304088e-04,-2.116253e-04,-2.105367e-04,-2.263502e-04,-2.466400e-04,-2.511373e-04,-2.233862e-04,-1.602302e-04,-7.330032e-05,2.086835e-05,1.144628e-04
-1.186702e-05,-8.205784e-05,-7.362434e-04,9.646706e-03,1.205861e-02,1.448023e-02,1.674462e-02,1.843958e-02,1.912947e-02,1.751436e-02,1.512743e-02,1.245911e-02,9.918051e-03,7.689047e-03,5.884113e-03,4.582414e-03,3.794165e-03,3.449836e-03,3.424739e-03,3.600788e-03,3.885410e-03,4.175763e-03,4.422729e-03,4.614403e-03,4.730511e-03,4.745715e-03,4.684466e-03,4.590198e-03,4.488036e-03,4.390942e-03,4.309750e-03,4.248227e-03,4.205083e-03,4.168727e-03,4.128705e-03,4.088363e-03,4.005053e-03,3.901057e-03,3.798074e-03,3.678541e-03,3.516328e-03,3.306863e-03,3.051011e-03,2.771077e-03,2.497616e-03,2.232653e-03,1.969456e-03,1.710034e-03,1.461257e-03,1.232273e-03,1.029584e-03,8.511334e-04,6.946426e-04,5.587949e-04,4.417686e-04,3.428885e-04,2.605047e-04,1.935578e-04,1.413461e-04,1.025523e-04,7.583700e-05,5.836821e-05,4.749483e-05,4.091623e-05,3.783342e-05,3.699688e-05,3.752149e-05,3.813907e-05,3.873392e-05,-2.729975e-03,-2.190207e-03,-1.649418e-03,-1.125166e-03,-6.434245e-04,-2.090724e-04,1.800608e-04,5.014082e-04,7.252912e-04,8.472558e-04,8.849352e-04,8.646462e-04,8.123699e-04,7.448105e-04,6.677292e-04,5.870148e-04,5.069145e-04,4.286391e-04,3.539731e-04,2.836380e-04,2.193433e-04,1.623518e-04,1.144958e-04,7.690174e-05,5.075924e-05,3.550848e-05,2.810435e-05,2.589490e-05,2.583493e-05,2.599470e-05,2.615057e-05,2.554662e-05,2.492344e-05,2.514106e-05,-6.394222e-05,-1.538236e-04,-2.341810e-04,-2.873112e-04,-3.095890e-04,-2.991337e-04,-2.665772e-04,-2.271420e-04,-1.766336e-04,-1.069777e-04,-2.024911e-05,6.814136e-05,1.368539e-04,1.698429e-04,1.653089e-04,1.299593e-04,7.021237e-05,-4.115325e-06,-7.838940e-05,-1.443551e-04,-1.950294e-04,-2.277880e-04,-2.433658e-04,-2.346226e-04,-1.908351e-04,-1.027861e-04,2.955366e-05,1.944701e-04,3.753763e-04,5.584131e-04,7.399383e-04,9.215669e-04,5.283895e-04,3.394216e-04,1.496169e-04,-2.969724e-05,-1.816730e-04,-3.092681e-04,-4.202132e-04,-5.032533e-04,-5.396524e-04,-5.296980e-04,-4.879219e-04,-4.415326e-04,-4.137563e-04,-4.101830e-04,-4.183628e-04,-4.224384e-04,-4.146592e-04,-3.941596e-04,-3.635893e-04,-3.317382e-04,-2.997918e-04,-2.659235e-04,-2.352432e-04,-2.183478e-04,-2.178801e-04,-2.331082e-04,-2.520783e-04,-2.551972e-04,-2.265348e-04,-1.631216e-04,-7.640437e-05,1.740828e-05,1.106585e-04
-1.513200e-05,-7.923483e-05,-7.150264e-04,4.606941e-03,7.549757e-03,1.050182e-02,1.332997e-02,1.580906e-02,1.751436e-02,1.822035e-02,1.664440e-02,1.433913e-02,1.170098e-02,9.159008e-03,6.949908e-03,5.251314e-03,4.124368e-03,3.520235e-03,3.314955e-03,3.379977e-03,3.608165e-03,3.881697e-03,4.135949e-03,4.350198e-03,4.498083e-03,4.547843e-03,4.517227e-03,4.446124e-03,4.358420e-03,4.268903e-03,4.191183e-03,4.130844e-03,4.087219e-03,4.049028e-03,4.006709e-03,3.964116e-03,4.099807e-03,3.978227e-03,3.857350e-03,3.724440e-03,3.561093e-03,3.361876e-03,3.124327e-03,2.867374e-03,2.618334e-03,2.373313e-03,2.118701e-03,1.853690e-03,1.589013e-03,1.339717e-03,1.116772e-03,9.196615e-04,7.464758e-04,5.962514e-04,4.673973e-04,3.595096e-04,2.706772e-04,1.992586e-04,1.440317e-04,1.031014e-04,7.482404e-05,5.632076e-05,4.478362e-05,3.769894e-05,3.415457e-05,3.287016e-05,3.290554e-05,3.302021e-05,3.311455e-05,-1.041750e-03,-6.754914e-04,-3.085235e-04,4.641780e-05,3.710731e-04,6.596615e-04,9.110905e-04,1.100660e-03,1.196206e-03,1.193061e-03,1.112054e-03,9.865215e-04,8.486959e-04,7.163409e-04,5.921535e-04,4.786913e-04,3.776140e-04,2.881892e-04,2.103168e-04,1.428094e-04,8.600557e-05,4.012335e-05,5.872019e-06,-1.676380e-05,-2.747562e-05,-2.744340e-05,-1.985229e-05,-7.422349e-06,6.757385e-06,2.084554e-05,3.474110e-05,4.781235e-05,6.086966e-05,5.203996e-06,-7.490589e-05,-1.556784e-04,-2.284691e-04,-2.785985e-04,-3.021937e-04,-2.963849e-04,-2.706918e-04,-2.392705e-04,-1.961023e-04,-1.310779e-04,-4.538335e-05,4.469713e-05,1.164215e-04,1.527865e-04,1.517099e-04,1.197792e-04,6.328370e-05,-8.155478e-06,-8.032118e-05,-1.450398e-04,-1.952823e-04,-2.282896e-04,-2.445940e-04,-2.372161e-04,-1.957548e-04,-1.112498e-04,1.636448e-05,1.757196e-04,3.506701e-04,5.277191e-04,7.033073e-04,8.789954e-04,4.549344e-04,2.851379e-04,1.146575e-04,-4.718017e-05,-1.869119e-04,-3.064749e-04,-4.116264e-04,-4.897741e-04,-5.207298e-04,-5.041727e-04,-4.551515e-04,-4.028977e-04,-3.723822e-04,-3.693496e-04,-3.804293e-04,-3.889312e-04,-3.865373e-04,-3.719238e-04,-3.472488e-04,-3.206690e-04,-2.932484e-04,-2.632613e-04,-2.356549e-04,-2.206474e-04,-2.207937e-04,-2.354213e-04,-2.530861e-04,-2.549215e-04,-2.255509e-04,-1.621946e-04,-7.608647e-05,1.694847e-05,1.094348e-04
-1.530545e-05,-7.374977e-05,-6.890748e-04,1.636427e-03,4.558716e-03,7.486762e-03,1.032829e-02,1.293778e-02,1.512743e-02,1.664440e-02,1.724453e-02,1.564997e-02,1.331543e-02,1.066961e-02,8.181914e-03,6.135105e-03,4.670013e-03,3.777531e-03,3.351032e-03,3.261229e-03,3.391497e-03,3.613132e-03,3.847531e-03,4.064790e-03,4.231679e-03,4.308983e-03,4.306357e-03,4.258820e-03,4.187951e-03,4.109237e-03,4.037999e-03,3.980980e-03,3.938100e-03,3.898844e-03,3.854948e-03,3.810834e-03,3.580557e-03,3.503129e-03,3.426174e-03,3.340542e-03,3.233620e-03,3.098888e-03,2.930931e-03,2.743673e-03,2.558706e-03,2.366114e-03,2.145812e-03,1.894668e-03,1.628691e-03,1.370437e-03,1.136777e-03,9.295542e-04,7.474340e-04,5.899520e-04,4.557495e-04,3.445417e-04,2.541556e-04,1.824107e-04,1.276386e-04,8.744920e-05,5.998987e-05,4.245485e-05,3.199901e-05,2.600574e-05,2.350177e-05,2.320004e-05,2.414128e-05,2.514625e-05,2.613354e-05,4.091323e-04,6.191879e-04,8.297218e-04,1.031584e-03,1.212278e-03,1.364969e-03,1.485434e-03,1.548787e-03,1.523280e-03,1.404676e-03,1.216716e-03,9.995305e-04,7.912959e-04,6.101183e-04,4.545733e-04,3.227079e-04,2.129180e-04,1.225687e-04,4.981373e-05,-8.144574e-06,-5.219476e-05,-8.306992e-05,-1.010396e-04,-1.071139e-04,-1.017047e-04,-8.642478e-05,-6.441396e-05,-3.827611e-05,-1.096629e-05,1.586381e-05,4.226832e-05,6.777835e-05,9.328097e-05,2.651772e-05,-5.110830e-05,-1.292859e-04,-2.007598e-04,-2.533741e-04,-2.831326e-04,-2.865086e-04,-2.714710e-04,-2.502806e-04,-2.152393e-04,-1.544398e-04,-6.837037e-05,2.542045e-05,1.024168e-04,1.443396e-04,1.486106e-04,1.216502e-04,6.960991e-05,1.918336e-06,-6.758514e-05,-1.307759e-04,-1.805560e-04,-2.140103e-04,-2.314169e-04,-2.259722e-04,-1.876581e-04,-1.078190e-04,1.365191e-05,1.657993e-04,3.330321e-04,5.023236e-04,6.702210e-04,8.382132e-04,3.904776e-04,2.375643e-04,8.408385e-05,-6.216072e-05,-1.902179e-04,-3.008910e-04,-3.979132e-04,-4.681916e-04,-4.914836e-04,-4.670849e-04,-4.104324e-04,-3.526509e-04,-3.202885e-04,-3.189968e-04,-3.342279e-04,-3.481601e-04,-3.517549e-04,-3.433257e-04,-3.246373e-04,-3.033022e-04,-2.802933e-04,-2.540111e-04,-2.292498e-04,-2.157953e-04,-2.161121e-04,-2.296241e-04,-2.455045e-04,-2.457477e-04,-2.156314e-04,-1.525824e-04,-6.752910e-05,2.422285e-05,1.154446e-04
-1.115794e-05,-6.885461e-05,-6.620000e-04,2.367269e-04,2.816297e-03,5.400019e-03,7.919749e-03,1.029926e-02,1.245911e-02,1.433913e-02,1.564997e-02,1.615591e-02,1.449416e-02,1.216075e-02,9.607074e-03,7.326051e-03,5.550103e-03,4.346187e-03,3.648774e-03,3.344240e-03,3.314843e-03,3.428731e-03,3.598241e-03,3.784867e-03,3.947709e-03,4.038202e-03,4.055468e-03,4.028564e-03,3.976449e-03,3.914224e-03,3.856968e-03,3.810476e-03,3.774379e-03,3.739314e-03,3.698937e-03,3.658413e-03,3.087737e-03,3.055101e-03,3.022783e-03,2.984086e-03,2.930388e-03,2.854225e-03,2.747991e-03,2.619584e-03,2.483319e-03,2.324561e-03,2.118826e-03,1.862199e-03,1.577325e-03,1.295576e-03,1.040939e-03,8.179800e-04,6.254572e-04,4.627968e-04,3.281359e-04,2.203801e-04,1.365181e-04,7.340911e-05,2.864052e-05,-9.439428e-07,-1.758712e-05,-2.411461e-05,-2.350688e-05,-1.847763e-05,-1.003008e-05,5.085763e-07,1.216822e-05,2.387275e-05,3.556262e-05,1.210875e-03,1.307215e-03,1.403875e-03,1.494165e-03,1.569544e-03,1.622304e-03,1.645743e-03,1.617016e-03,1.507613e-03,1.313848e-03,1.061268e-03,7.953812e-04,5.588776e-04,3.690176e-04,2.190160e-04,1.009686e-04,9.307401e-06,-6.008018e-05,-1.102986e-04,-1.450635e-04,-1.661567e-04,-1.751060e-04,-1.728109e-04,-1.609197e-04,-1.401148e-04,-1.119008e-04,-7.894218e-05,-4.334544e-05,-7.547708e-06,2.722612e-05,6.125256e-05,9.429049e-05,1.273299e-04,7.297933e-05,-6.415922e-06,-8.627920e-05,-1.604131e-04,-2.185603e-04,-2.566541e-04,-2.707659e-04,-2.669239e-04,-2.548456e-04,-2.255989e-04,-1.661042e-04,-7.655707e-05,2.388122e-05,1.085945e-04,1.577228e-04,1.680712e-04,1.460305e-04,9.779346e-05,3.278093e-05,-3.529351e-05,-9.822574e-05,-1.487768e-04,-1.838459e-04,-2.034052e-04,-2.008053e-04,-1.664305e-04,-9.193443e-05,2.278997e-05,1.671492e-04,3.261183e-04,4.871583e-04,6.468881e-04,8.067058e-04,3.237318e-04,1.870000e-04,4.978368e-05,-8.118667e-05,-1.966732e-04,-2.964740e-04,-3.825829e-04,-4.423902e-04,-4.569538e-04,-4.252619e-04,-3.627683e-04,-3.020222e-04,-2.707080e-04,-2.740430e-04,-2.959596e-04,-3.170702e-04,-3.274419e-04,-3.252675e-04,-3.121435e-04,-2.953943e-04,-2.759534e-04,-2.523177e-04,-2.291607e-04,-2.158509e-04,-2.148350e-04,-2.257526e-04,-2.384663e-04,-2.358665e-04,-2.039382e-04,-1.403185e-04,-5.553800e-05,3.569549e-05,1.264186e-04
-7.719288e-06,-6.448710e-05,-6.382706e-04,-1.163143e-05,2.048546e-03,4.111549e-03,6.127369e-03,8.061994e-03,9.918051e-03,1.170098e-02,1.331543e-02,1.449416e-02,1.493511e-02,1.331549e-02,1.113316e-02,8.838048e-03,6.861821e-03,5.363688e-03,4.359317e-03,3.774758e-03,3.506715e-03,3.434447e-03,3.471901e-03,3.574825e-03,3.695158e-03,3.772901e-03,3.793282e-03,3.777892e-03,3.742446e-03,3.699926e-03,3.662355e-03,3.631796e-03,3.606585e-03,3.579220e-03,3.545889e-03,3.512483e-03,2.767926e-03,2.747018e-03,2.726320e-03,2.700876e-03,2.664812e-03,2.610520e-03,2.529661e-03,2.424444e-03,2.301850e-03,2.144303e-03,1.925294e-03,1.641201e-03,1.321621e-03,1.006799e-03,7.279984e-04,4.924329e-04,2.980754e-04,1.431800e-04,2.417923e-05,-6.230080e-05,-1.209603e-04,-1.564768e-04,-1.723090e-04,-1.726014e-04,-1.601041e-04,-1.376744e-04,-1.084420e-04,-7.510582e-05,-3.858455e-05,-2.280595e-07,3.906550e-05,7.838767e-05,1.176974e-04,1.316828e-03,1.334583e-03,1.352549e-03,1.365783e-03,1.368457e-03,1.352805e-03,1.311059e-03,1.224701e-03,1.071132e-03,8.484384e-04,5.825966e-04,3.214630e-04,1.094194e-04,-3.918125e-05,-1.380007e-04,-2.025694e-04,-2.432900e-04,-2.651045e-04,-2.716650e-04,-2.666152e-04,-2.522630e-04,-2.308883e-04,-2.035798e-04,-1.721370e-04,-1.369148e-04,-9.860351e-05,-5.884810e-05,-1.877582e-05,2.017332e-05,5.747051e-05,9.365925e-05,1.287660e-04,1.638841e-04,1.012791e-04,2.106565e-05,-5.955599e-05,-1.351552e-04,-1.968073e-04,-2.405399e-04,-2.623891e-04,-2.664308e-04,-2.596906e-04,-2.324722e-04,-1.711352e-04,-7.579578e-05,3.272759e-05,1.256850e-04,1.815191e-04,1.963816e-04,1.768921e-04,1.295831e-04,6.421376e-05,-5.176239e-06,-7.011246e-05,-1.231075e-04,-1.608718e-04,-1.831140e-04,-1.833679e-04,-1.524559e-04,-8.237035e-05,2.690471e-05,1.650170e-04,3.174100e-04,4.719264e-04,6.252086e-04,7.785727e-04,2.463231e-04,1.274163e-04,8.080284e-06,-1.056761e-04,-2.056627e-04,-2.909793e-04,-3.624082e-04,-4.087206e-04,-4.133997e-04,-3.756850e-04,-3.107090e-04,-2.514747e-04,-2.259737e-04,-2.384163e-04,-2.707619e-04,-3.014732e-04,-3.194826e-04,-3.232414e-04,-3.145629e-04,-3.009599e-04,-2.834188e-04,-2.604798e-04,-2.367940e-04,-2.214233e-04,-2.168921e-04,-2.231706e-04,-2.308128e-04,-2.235462e-04,-1.880348e-04,-1.220828e-04,-3.578033e-05,5.673886e-05,1.487660e-04
-8.091722e-06,-6.312487e-05,-6.196377e-04,4.769842e-04,1.951666e-03,3.428212e-03,4.870884e-03,6.276525e-03,7.689047e-03,9.159008e-03,1.066961e-02,1.216075e-02,1.331549e-02,1.386302e-02,1.246544e-02,1.059384e-02,8.628486e-03,6.931239e-03,5.619564e-03,4.699076e-03,4.103262e-03,3.746100e-03,3.561459e-03,3.505574e-03,3.525827e-03,3.549610e-03,3.544642e-03,3.523004e-03,3.495785e-03,3.471199e-03,3.454755e-03,3.441935e-03,3.428958e-03,3.411068e-03,3.387055e-03,3.363008e-03,2.530417e-03,2.471182e-03,2.412070e-03,2.349555e-03,2.279823e-03,2.196314e-03,2.091756e-03,1.964454e-03,1.815828e-03,1.627948e-03,1.375226e-03,1.054680e-03,7.013529e-04,3.626329e-04,7.557641e-05,-1.507271e-04,-3.202768e-04,-4.374112e-04,-5.089135e-04,-5.422888e-04,-5.448360e-04,-5.232546e-04,-4.821385e-04,-4.265624e-04,-3.596612e-04,-2.841147e-04,-2.029872e-04,-1.186589e-04,-3.173503e-05,5.652819e-05,1.454877e-04,2.344735e-04,3.234463e-04,9.427891e-04,9.034080e-04,8.641504e-04,8.215025e-04,7.716774e-04,7.080305e-04,6.235431e-04,5.055868e-04,3.390591e-04,1.248374e-04,-1.114374e-04,-3.228680e-04,-4.665776e-04,-5.333044e-04,-5.448597e-04,-5.257103e-04,-4.917799e-04,-4.479585e-04,-3.975359e-04,-3.428285e-04,-2.863603e-04,-2.313568e-04,-1.786994e-04,-1.298495e-04,-8.426766e-05,-4.117708e-05,-7.365988e-07,3.732285e-05,7.295922e-05,1.064980e-04,1.386933e-04,1.697840e-04,2.008930e-04,7.928658e-05,3.485673e-06,-7.268246e-05,-1.443162e-04,-2.033419e-04,-2.460543e-04,-2.687974e-04,-2.740637e-04,-2.666024e-04,-2.366348e-04,-1.707628e-04,-6.901430e-05,4.662200e-05,1.456862e-04,2.052069e-04,2.207960e-04,1.996044e-04,1.488532e-04,7.904430e-05,5.095005e-06,-6.408251e-05,-1.207088e-04,-1.613895e-04,-1.857338e-04,-1.875546e-04,-1.581813e-04,-9.001405e-05,1.673835e-05,1.518282e-04,3.010387e-04,4.524334e-04,6.026392e-04,7.529240e-04,1.467922e-04,4.889658e-05,-4.939070e-05,-1.425616e-04,-2.230425e-04,-2.897034e-04,-3.428252e-04,-3.731551e-04,-3.672474e-04,-3.251386e-04,-2.615567e-04,-2.088350e-04,-1.942997e-04,-2.205077e-04,-2.670070e-04,-3.095954e-04,-3.358558e-04,-3.449245e-04,-3.392680e-04,-3.271889e-04,-3.098002e-04,-2.855395e-04,-2.591218e-04,-2.394643e-04,-2.292835e-04,-2.289867e-04,-2.297739e-04,-2.161199e-04,-1.753228e-04,-1.052846e-04,-1.561984e-05,8.004239e-05,1.752283e-04
-1.190040e-05,-6.276562e-05,-6.082291e-04,1.344017e-03,2.254588e-03,3.166243e-03,4.055194e-03,4.940283e-03,5.884113e-03,6.949908e-03,8.181914e-03,9.607074e-03,1.113316e-02,1.246544e-02,1.330393e-02,1.226021e-02,1.073050e-02,9.030039e-03,7.492275e-03,6.220942e-03,5.224294e-03,4.481678e-03,3.973780e-03,3.667407e-03,3.510813e-03,3.420768e-03,3.346494e-03,3.289166e-03,3.253563e-03,3.239914e-03,3.243496e-03,3.250594e-03,3.254400e-03,3.252886e-03,3.246256e-03,3.239550e-03,2.308109e-03,2.163788e-03,2.019520e-03,1.872984e-03,1.721969e-03,1.561778e-03,1.387422e-03,1.195510e-03,9.842981e-04,7.383976e-04,4.364923e-04,7.799691e-05,-2.988055e-04,-6.424517e-04,-9.127694e-04,-1.100237e-03,-1.212161e-03,-1.256964e-03,-1.246183e-03,-1.193380e-03,-1.109146e-03,-1.002323e-03,-8.784169e-04,-7.430300e-04,-5.993567e-04,-4.495950e-04,-2.964040e-04,-1.414689e-04,1.515719e-05,1.724512e-04,3.302055e-04,4.880092e-04,6.457948e-04,3.515622e-04,2.820139e-04,2.125178e-04,1.407694e-04,6.456121e-05,-2.082250e-05,-1.203796e-04,-2.407732e-04,-3.897010e-04,-5.640069e-04,-7.398840e-04,-8.741386e-04,-9.275862e-04,-8.967161e-04,-8.114116e-04,-7.048735e-04,-5.981735e-04,-4.949044e-04,-3.967243e-04,-3.029747e-04,-2.159844e-04,-1.401695e-04,-7.584904e-05,-2.367961e-05,1.817866e-05,5.235258e-05,8.031782e-05,1.038515e-04,1.243922e-04,1.430042e-04,1.604290e-04,1.768983e-04,1.933832e-04,6.318466e-06,-5.953835e-05,-1.257382e-04,-1.876926e-04,-2.377465e-04,-2.724936e-04,-2.887192e-04,-2.878353e-04,-2.729519e-04,-2.349450e-04,-1.615449e-04,-5.318509e-05,6.760464e-05,1.694340e-04,2.284981e-04,2.401404e-04,2.123537e-04,1.533857e-04,7.488496e-05,-6.747078e-06,-8.203664e-05,-1.429533e-04,-1.861613e-04,-2.114271e-04,-2.129539e-04,-1.826288e-04,-1.133179e-04,-5.576738e-06,1.303068e-04,2.802906e-04,4.324865e-04,5.834973e-04,7.345887e-04,5.412066e-05,-2.360150e-05,-1.016892e-04,-1.749993e-04,-2.363258e-04,-2.847529e-04,-3.207136e-04,-3.370340e-04,-3.233250e-04,-2.803649e-04,-2.221256e-04,-1.794146e-04,-1.783051e-04,-2.196198e-04,-2.804894e-04,-3.339844e-04,-3.663830e-04,-3.779463e-04,-3.722730e-04,-3.591445e-04,-3.398220e-04,-3.123844e-04,-2.816498e-04,-2.565502e-04,-2.400435e-04,-2.329858e-04,-2.270683e-04,-2.073121e-04,-1.615013e-04,-8.752793e-05,5.452029e-06,1.042172e-04,2.025194e-04
-1.926853e-05,-6.354046e-05,-6.054371e-04,2.327374e-03,2.762594e-03,3.198361e-03,3.619544e-03,4.058996e-03,4.582414e-03,5.251314e-03,6.135105e-03,7.326051e-03,8.838048e-03,1.059384e-02,1.226021e-02,1.346800e-02,1.275358e-02,1.145483e-02,9.874159e-03,8.324877e-03,6.909174e-03,5.714447e-03,4.797337e-03,4.149370e-03,3.728291e-03,3.448326e-03,3.245628e-03,3.111542e-03,3.043309e-03,3.029825e-03,3.052621e-03,3.086617e-03,3.120405e-03,3.152703e-03,3.182388e-03,3.211847e-03,2.141916e-03,1.893601e-03,1.645288e-03,1.395549e-03,1.143261e-03,8.856769e-04,6.202887e-04,3.435943e-04,5.258066e-05,-2.637972e-04,-6.207142e-04,-1.015245e-03,-1.406942e-03,-1.742825e-03,-1.981697e-03,-2.114781e-03,-2.153432e-03,-2.110852e-03,-2.004191e-03,-1.854383e-03,-1.675363e-03,-1.477564e-03,-1.266822e-03,-1.048511e-03,-8.254815e-04,-5.993031e-04,-3.719862e-04,-1.443088e-04,8.427771e-05,3.129891e-04,5.420494e-04,7.712099e-04,1.000343e-03,-3.025001e-04,-3.549053e-04,-4.073091e-04,-4.611251e-04,-5.174822e-04,-5.791034e-04,-6.486886e-04,-7.281328e-04,-8.192607e-04,-9.179594e-04,-1.004404e-03,-1.042230e-03,-9.986366e-04,-8.752419e-04,-7.078191e-04,-5.361328e-04,-3.844775e-04,-2.536277e-04,-1.418983e-04,-4.350903e-05,4.027431e-05,1.040693e-04,1.486465e-04,1.747776e-04,1.858967e-04,1.865130e-04,1.794356e-04,1.676188e-04,1.536217e-04,1.388200e-04,1.235792e-04,1.077575e-04,9.193452e-05,-9.658176e-05,-1.504950e-04,-2.047432e-04,-2.548406e-04,-2.931910e-04,-3.165922e-04,-3.221917e-04,-3.107711e-04,-2.844331e-04,-2.351969e-04,-1.524293e-04,-3.735256e-05,8.715442e-05,1.893671e-04,2.450643e-04,2.495856e-04,2.119825e-04,1.417126e-04,5.187014e-05,-3.911543e-05,-1.211784e-04,-1.861829e-04,-2.310405e-04,-2.559676e-04,-2.556129e-04,-2.223493e-04,-1.494866e-04,-3.798308e-05,1.017292e-04,2.556192e-04,4.116963e-04,5.665524e-04,7.214948e-04,-4.688706e-06,-6.787806e-05,-1.314169e-04,-1.904046e-04,-2.378670e-04,-2.734234e-04,-2.981026e-04,-3.065714e-04,-2.910433e-04,-2.528131e-04,-2.046225e-04,-1.748576e-04,-1.875607e-04,-2.421828e-04,-3.141023e-04,-3.741832e-04,-4.078364e-04,-4.167785e-04,-4.061989e-04,-3.880954e-04,-3.639474e-04,-3.312734e-04,-2.950199e-04,-2.643263e-04,-2.423781e-04,-2.303473e-04,-2.200872e-04,-1.968122e-04,-1.485164e-04,-7.292918e-05,2.118905e-05,1.208996e-04,2.201576e-04
-2.855851e-05,-6.572221e-05,-6.114493e-04,3.277281e-03,3.356435e-03,3.435836e-03,3.505545e-03,3.604999e-03,3.794165e-03,4.124368e-03,4.670013e-03,5.550103e-03,6.861821e-03,8.628486e-03,1.073050e-02,1.275358e-02,1.425554e-02,1.372133e-02,1.249178e-02,1.084393e-02,9.092067e-03,7.449633e-03,6.083762e-03,5.026531e-03,4.259471e-03,3.709225e-03,3.311424e-03,3.051254e-03,2.917611e-03,2.885064e-03,2.918801e-03,2.981290e-03,3.054736e-03,3.135199e-03,3.216811e-03,3.297950e-03,2.021879e-03,1.688377e-03,1.354849e-03,1.020408e-03,6.845327e-04,3.460619e-04,4.544963e-06,-3.427865e-04,-6.990206e-04,-1.070482e-03,-1.466004e-03,-1.879711e-03,-2.271210e-03,-2.588750e-03,-2.791504e-03,-2.871319e-03,-2.842932e-03,-2.723375e-03,-2.534985e-03,-2.306230e-03,-2.053627e-03,-1.788051e-03,-1.514682e-03,-1.237519e-03,-9.585809e-04,-6.788281e-04,-3.994890e-04,-1.204266e-04,1.593322e-04,4.390936e-04,7.193076e-04,9.996931e-04,1.280041e-03,-9.215910e-04,-9.102541e-04,-8.989449e-04,-8.885343e-04,-8.795581e-04,-8.731273e-04,-8.699909e-04,-8.688965e-04,-8.677982e-04,-8.627716e-04,-8.393663e-04,-7.701944e-04,-6.309080e-04,-4.287269e-04,-2.027195e-04,3.782438e-06,1.655819e-04,2.856785e-04,3.706251e-04,4.334046e-04,4.749609e-04,4.896925e-04,4.802100e-04,4.495797e-04,4.030599e-04,3.467530e-04,2.841557e-04,2.187438e-04,1.535163e-04,8.956630e-05,2.650451e-05,-3.657146e-05,-9.967999e-05,-1.982265e-04,-2.418061e-04,-2.857253e-04,-3.254397e-04,-3.531739e-04,-3.658377e-04,-3.608214e-04,-3.386684e-04,-3.010543e-04,-2.413108e-04,-1.505550e-04,-3.074458e-05,9.535164e-05,1.962874e-04,2.476430e-04,2.446531e-04,1.972761e-04,1.159476e-04,1.520188e-05,-8.418978e-05,-1.716485e-04,-2.391305e-04,-2.839850e-04,-3.071745e-04,-3.037588e-04,-2.663792e-04,-1.886588e-04,-7.191319e-05,7.325298e-05,2.327002e-04,3.942468e-04,5.545068e-04,7.148617e-04,-2.441329e-05,-8.015033e-05,-1.362305e-04,-1.878762e-04,-2.282526e-04,-2.576832e-04,-2.780181e-04,-2.853733e-04,-2.739343e-04,-2.453755e-04,-2.110272e-04,-1.963591e-04,-2.228295e-04,-2.883357e-04,-3.672840e-04,-4.291562e-04,-4.590383e-04,-4.601520e-04,-4.396058e-04,-4.122848e-04,-3.800523e-04,-3.398510e-04,-2.968707e-04,-2.607665e-04,-2.349297e-04,-2.206186e-04,-2.094154e-04,-1.862782e-04,-1.390475e-04,-6.512111e-05,2.704091e-05,1.246452e-04,2.218037e-04
