1.137978e-03,1.294894e-05,1.073075e-05,-1.816325e-04,-1.668558e-04,-1.516897e-04,-1.362908e-04,-1.245503e-04,-1.133597e-04,-1.021813e-04,-9.176426e-05,-8.195845e-05,-7.356920e-05,-6.880653e-05,-6.894510e-05,-7.347060e-05,-8.208463e-05,-9.031552e-05,-9.582235e-05,-9.657057e-05,-9.448119e-05,-8.938163e-05,-8.198556e-05,-7.447951e-05,-6.591846e-05,-5.957433e-05,-5.511610e-05,-5.402255e-05,-5.948206e-05,-7.263085e-05,-9.324671e-05,-1.209859e-04,-1.518859e-04,-1.856551e-04,-2.182440e-04,-2.509119e-04,-3.541197e-03,-3.546521e-03,-3.551837e-03,-3.556968e-03,-3.562096e-03,-3.567550e-03,-3.573412e-03,-3.579690e-03,-3.586036e-03,-3.592625e-03,-3.599358e-03,-3.606093e-03,-3.612864e-03,-3.619396e-03,-3.625804e-03,-3.632229e-03,-3.638612e-03,-3.645203e-03,-3.652096e-03,-3.659050e-03,-3.666392e-03,-3.674248e-03,-3.682472e-03,-3.690796e-03,-3.699476e-03,-3.708497e-03,-3.717777e-03,-3.727345e-03,-3.736998e-03,-3.746789e-03,-3.757005e-03,-3.767196e-03,-3.777391e-03,-2.021859e-04,-1.844009e-04,-1.666073e-04,-1.486273e-04,-1.306361e-04,-1.129677e-04,-9.564286e-05,-7.887151e-05,-6.316238e-05,-4.849291e-05,-3.512767e-05,-2.326250e-05,-1.336676e-05,-5.749450e-06,-3.396583e-07,2.668267e-06,3.249655e-06,1.729517e-06,-1.675596e-06,-7.109471e-06,-1.414244e-05,-2.260681e-05,-3.236220e-05,-4.307067e-05,-5.493390e-05,-6.787323e-05,-8.173096e-05,-9.607195e-05,-1.106572e-04,-1.255342e-04,-1.404750e-04,-1.552373e-04,-1.700106e-04,4.956128e-03,4.860795e-03,4.765554e-03,4.668479e-03,4.571036e-03,4.475433e-03,4.382758e-03,4.294017e-03,4.208772e-03,4.130960e-03,4.063261e-03,4.009071e-03,3.971212e-03,3.947531e-03,3.937413e-03,3.939373e-03,3.947622e-03,3.958031e-03,3.966180e-03,3.966682e-03,3.958981e-03,3.942096e-03,3.914263e-03,3.874113e-03,3.825392e-03,3.770800e-03,3.713614e-03,3.656295e-03,3.597582e-03,3.539100e-03,3.483840e-03,3.429726e-03,3.375484e-03,-5.860240e-04,-4.846959e-04,-3.832915e-04,-2.834316e-04,-1.862315e-04,-9.411111e-05,-1.049759e-05,6.155148e-05,1.219529e-04,1.712192e-04,2.124018e-04,2.478715e-04,2.765208e-04,2.979701e-04,3.134677e-04,3.206956e-04,3.180622e-04,3.049778e-04,2.805033e-04,2.463814e-04,2.043903e-04,1.586444e-04,1.132370e-04,6.926502e-05,2.714172e-05,-1.552100e-05,-6.090347e-05,-1.082219e-04,-1.580933e-04,-2.126721e-04,-2.703264e-04,-3.282167e-04,-3.860539e-04
1.294894e-05,9.384710e-04,3.775013e-05,-3.864924e-04,-3.744470e-04,-3.620068e-04,-3.488810e-04,-3.388260e-04,-3.301258e-04,-3.240139e-04,-3.194196e-04,-3.168176e-04,-3.168232e-04,-3.176014e-04,-3.210115e-04,-3.240295e-04,-3.245897e-04,-3.230117e-04,-3.221052e-04,-3.201116e-04,-3.151622e-04,-3.089774e-04,-3.013273e-04,-2.916245e-04,-2.817374e-04,-2.732914e-04,-2.650734e-04,-2.574855e-04,-2.544036e-04,-2.539429e-04,-2.587346e-04,-2.677389e-04,-2.815874e-04,-2.983877e-04,-3.125709e-04,-3.264906e-04,-1.264787e-04,-1.152841e-04,-1.040748e-04,-9.263851e-05,-8.108580e-05,-6.962740e-05,-5.821962e-05,-4.698273e-05,-3.628208e-05,-2.603210e-05,-1.628174e-05,-7.120033e-06,9.526308e-07,7.380668e-06,1.194936e-05,1.410190e-05,1.379456e-05,1.125298e-05,6.585596e-06,-3.124257e-07,-9.052283e-06,-1.939559e-05,-3.113477e-05,-4.397330e-05,-5.807583e-05,-7.355879e-05,-9.037958e-05,-1.081659e-04,-1.268307e-04,-1.465053e-04,-1.669238e-04,-1.874235e-04,-2.079093e-04,-2.790372e-03,-2.796551e-03,-2.802717e-03,-2.808653e-03,-2.814472e-03,-2.820365e-03,-2.826332e-03,-2.832302e-03,-2.837959e-03,-2.843447e-03,-2.848819e-03,-2.853698e-03,-2.857939e-03,-2.861623e-03,-2.864920e-03,-2.868026e-03,-2.871557e-03,-2.875823e-03,-2.880744e-03,-2.886083e-03,-2.892053e-03,-2.898775e-03,-2.906149e-03,-2.914061e-03,-2.922817e-03,-2.932736e-03,-2.943310e-03,-2.954252e-03,-2.965570e-03,-2.976856e-03,-2.987829e-03,-2.998292e-03,-3.008723e-03,-3.818523e-04,-3.071108e-04,-2.322992e-04,-1.586298e-04,-8.727170e-05,-2.003126e-05,4.077544e-05,9.300015e-05,1.366942e-04,1.721887e-04,2.010588e-04,2.245314e-04,2.419633e-04,2.537551e-04,2.616623e-04,2.648025e-04,2.619225e-04,2.523606e-04,2.353007e-04,2.111818e-04,1.804115e-04,1.453724e-04,1.084870e-04,7.065308e-05,3.228701e-05,-8.416612e-06,-5.301307e-05,-1.006704e-04,-1.510051e-04,-2.043715e-04,-2.590415e-04,-3.134640e-04,-3.678727e-04,4.010335e-03,3.917281e-03,3.824256e-03,3.729699e-03,3.635955e-03,3.545213e-03,3.458237e-03,3.375758e-03,3.297833e-03,3.228865e-03,3.172431e-03,3.128729e-03,3.096558e-03,3.077243e-03,3.069435e-03,3.070899e-03,3.081664e-03,3.097568e-03,3.113511e-03,3.123156e-03,3.125215e-03,3.118837e-03,3.102382e-03,3.073947e-03,3.036846e-03,2.995002e-03,2.949284e-03,2.900828e-03,2.853274e-03,2.805529e-03,2.754953e-03,2.702229e-03,2.649594e-03
1.073075e-05,3.775013e-05,2.806655e-04,-2.180165e-03,-2.130725e-03,-2.081448e-03,-2.028277e-03,-1.974044e-03,-1.921080e-03,-1.869127e-03,-1.817800e-03,-1.764705e-03,-1.716279e-03,-1.676746e-03,-1.648595e-03,-1.633847e-03,-1.633878e-03,-1.648320e-03,-1.674652e-03,-1.709082e-03,-1.746221e-03,-1.779805e-03,-1.801330e-03,-1.811542e-03,-1.810312e-03,-1.796009e-03,-1.766569e-03,-1.729395e-03,-1.690363e-03,-1.651750e-03,-1.615056e-03,-1.581538e-03,-1.550804e-03,-1.521838e-03,-1.491975e-03,-1.462053e-03,-5.266395e-05,-5.391903e-05,-5.517966e-05,-5.606314e-05,-5.615599e-05,-5.530694e-05,-5.361132e-05,-5.118113e-05,-4.843487e-05,-4.575635e-05,-4.327564e-05,-4.108906e-05,-3.932642e-05,-3.834230e-05,-3.842704e-05,-3.983676e-05,-4.249168e-05,-4.637459e-05,-5.141266e-05,-5.728199e-05,-6.364596e-05,-7.037052e-05,-7.746887e-05,-8.506431e-05,-9.332010e-05,-1.021519e-04,-1.114040e-04,-1.209559e-04,-1.308463e-04,-1.410460e-04,-1.515687e-04,-1.621072e-04,-1.726429e-04,-3.656188e-05,-4.690384e-05,-5.725156e-05,-6.721950e-05,-7.639665e-05,-8.462269e-05,-9.202066e-05,-9.858178e-05,-1.040321e-04,-1.081408e-04,-1.108932e-04,-1.125848e-04,-1.135062e-04,-1.140435e-04,-1.142105e-04,-1.137796e-04,-1.125441e-04,-1.105724e-04,-1.080699e-04,-1.054745e-04,-1.032478e-04,-1.016149e-04,-1.007815e-04,-1.011097e-04,-1.029718e-04,-1.065664e-04,-1.114899e-04,-1.172649e-04,-1.233675e-04,-1.295662e-04,-1.357460e-04,-1.417548e-04,-1.477578e-04,6.246572e-05,7.856860e-05,9.474809e-05,1.099744e-04,1.225283e-04,1.318668e-04,1.377301e-04,1.397645e-04,1.388779e-04,1.357297e-04,1.296617e-04,1.200062e-04,1.072189e-04,9.385412e-05,8.316310e-05,7.694665e-05,7.464257e-05,7.514079e-05,7.747872e-05,7.937347e-05,7.837221e-05,7.337655e-05,6.323029e-05,4.789967e-05,2.721657e-05,-3.357373e-07,-3.617332e-05,-8.009102e-05,-1.296598e-04,-1.817334e-04,-2.339246e-04,-2.857739e-04,-3.376371e-04,1.212015e-04,1.416248e-04,1.621225e-04,1.814847e-04,1.981204e-04,2.122029e-04,2.242768e-04,2.348334e-04,2.426272e-04,2.467419e-04,2.474330e-04,2.458824e-04,2.449380e-04,2.468185e-04,2.509366e-04,2.543719e-04,2.548087e-04,2.519352e-04,2.454172e-04,2.363303e-04,2.260771e-04,2.144259e-04,2.011091e-04,1.873097e-04,1.742518e-04,1.619023e-04,1.487816e-04,1.315388e-04,1.076711e-04,7.722022e-05,4.255105e-05,6.571476e-06,-2.931056e-05
-1.816325e-04,-3.864924e-04,-2.180165e-03,1.545884e-01,1.245576e-01,9.669852e-02,7.248184e-02,5.263920e-02,3.698151e-02,2.505191e-02,1.644387e-02,1.063987e-02,7.164466e-03,5.519611e-03,5.192815e-03,5.718308e-03,6.730917e-03,7.980544e-03,9.299708e-03,1.057381e-02,1.173537e-02,1.271319e-02,1.343677e-02,1.392051e-02,1.417958e-02,1.421893e-02,1.406590e-02,1.381628e-02,1.352887e-02,1.321831e-02,1.288490e-02,1.254025e-02,1.219435e-02,1.185393e-02,1.150427e-02,1.115425e-02,-1.321624e-02,-1.152216e-02,-9.824799e-03,-8.186484e-03,-6.700032e-03,-5.382647e-03,-4.221488e-03,-3.209214e-03,-2.326323e-03,-1.553899e-03,-8.755696e-04,-2.747597e-04,2.600838e-04,7.274477e-04,1.120020e-03,1.436919e-03,1.683685e-03,1.867879e-03,1.996458e-03,2.076435e-03,2.114879e-03,2.119664e-03,2.099563e-03,2.061774e-03,2.013640e-03,1.957768e-03,1.896357e-03,1.831943e-03,1.766649e-03,1.701847e-03,1.639198e-03,1.576659e-03,1.514097e-03,-2.146064e-02,-1.903905e-02,-1.661417e-02,-1.424856e-02,-1.203531e-02,-9.992923e-03,-8.109531e-03,-6.380838e-03,-4.811088e-03,-3.404789e-03,-2.164020e-03,-1.088552e-03,-1.817342e-04,5.555984e-04,1.136518e-03,1.583220e-03,1.915811e-03,2.148493e-03,2.295726e-03,2.372024e-03,2.391831e-03,2.368659e-03,2.315611e-03,2.244636e-03,2.167480e-03,2.092175e-03,2.019466e-03,1.948219e-03,1.876950e-03,1.804759e-03,1.731356e-03,1.656270e-03,1.581151e-03,-1.622140e-04,-4.981119e-04,-8.360093e-04,-1.150843e-03,-1.400499e-03,-1.579561e-03,-1.692959e-03,-1.743233e-03,-1.745593e-03,-1.713158e-03,-1.648082e-03,-1.552405e-03,-1.434440e-03,-1.313032e-03,-1.210004e-03,-1.137521e-03,-1.091613e-03,-1.064427e-03,-1.049089e-03,-1.028961e-03,-9.864114e-04,-9.140841e-04,-8.040626e-04,-6.562363e-04,-4.697665e-04,-2.321776e-04,6.794823e-05,4.290097e-04,8.329349e-04,1.255783e-03,1.678876e-03,2.099009e-03,2.519272e-03,-7.786833e-04,-1.182152e-03,-1.587685e-03,-1.961920e-03,-2.257406e-03,-2.477400e-03,-2.638475e-03,-2.754416e-03,-2.822150e-03,-2.840074e-03,-2.815100e-03,-2.760188e-03,-2.697225e-03,-2.642700e-03,-2.596742e-03,-2.544258e-03,-2.472850e-03,-2.381266e-03,-2.267724e-03,-2.140417e-03,-2.010316e-03,-1.876384e-03,-1.737121e-03,-1.601189e-03,-1.478155e-03,-1.367028e-03,-1.254624e-03,-1.113571e-03,-9.236710e-04,-6.836120e-04,-4.106916e-04,-1.274578e-04,1.550129e-04
-1.668558e-04,-3.744470e-04,-2.130725e-03,1.245576e-01,1.054489e-01,8.580666e-02,6.790726e-02,5.246713e-02,3.964263e-02,2.929015e-02,2.132737e-02,1.551597e-02,1.160042e-02,9.243958e-03,8.080964e-03,7.760990e-03,8.011401e-03,8.632549e-03,9.467003e-03,1.038482e-02,1.129893e-02,1.211893e-02,1.275600e-02,1.320742e-02,1.347541e-02,1.355219e-02,1.345346e-02,1.326593e-02,1.304657e-02,1.281239e-02,1.256721e-02,1.232086e-02,1.207808e-02,1.184032e-02,1.159272e-02,1.134480e-02,-7.977670e-03,-6.724016e-03,-5.467501e-03,-4.262686e-03,-3.190733e-03,-2.266618e-03,-1.479068e-03,-8.215218e-04,-2.711638e-04,1.937720e-04,5.863534e-04,9.203341e-04,1.206607e-03,1.446490e-03,1.637256e-03,1.779728e-03,1.877478e-03,1.936025e-03,1.960270e-03,1.955277e-03,1.926171e-03,1.878463e-03,1.818537e-03,1.751072e-03,1.680936e-03,1.609080e-03,1.535995e-03,1.462605e-03,1.390078e-03,1.318932e-03,1.250003e-03,1.181167e-03,1.112311e-03,-1.751162e-02,-1.544253e-02,-1.337057e-02,-1.135051e-02,-9.463747e-03,-7.726400e-03,-6.128016e-03,-4.664834e-03,-3.346229e-03,-2.181182e-03,-1.170578e-03,-3.104765e-04,4.025051e-04,9.735649e-04,1.416368e-03,1.749421e-03,1.989895e-03,2.149614e-03,2.240605e-03,2.274853e-03,2.264268e-03,2.220244e-03,2.153793e-03,2.074625e-03,1.992329e-03,1.913473e-03,1.838005e-03,1.764258e-03,1.690282e-03,1.615203e-03,1.538785e-03,1.460598e-03,1.382384e-03,-2.740878e-04,-5.721693e-04,-8.720639e-04,-1.150993e-03,-1.370629e-03,-1.525542e-03,-1.619501e-03,-1.654092e-03,-1.644901e-03,-1.605258e-03,-1.535689e-03,-1.436831e-03,-1.316231e-03,-1.192949e-03,-1.089695e-03,-1.018907e-03,-9.762669e-04,-9.537427e-04,-9.442508e-04,-9.312917e-04,-8.974265e-04,-8.351765e-04,-7.365256e-04,-6.010573e-04,-4.276421e-04,-2.040438e-04,8.098758e-05,4.259833e-04,8.131577e-04,1.219045e-03,1.625408e-03,2.028968e-03,2.432647e-03,-8.335618e-04,-1.206085e-03,-1.580474e-03,-1.926622e-03,-2.201805e-03,-2.408923e-03,-2.562687e-03,-2.675419e-03,-2.740926e-03,-2.755010e-03,-2.724537e-03,-2.663195e-03,-2.594846e-03,-2.537839e-03,-2.492619e-03,-2.443287e-03,-2.377074e-03,-2.292410e-03,-2.187186e-03,-2.069030e-03,-1.948288e-03,-1.823722e-03,-1.693660e-03,-1.566289e-03,-1.450670e-03,-1.345793e-03,-1.238884e-03,-1.103295e-03,-9.193734e-04,-6.861235e-04,-4.206363e-04,-1.450074e-04,1.298729e-04
-1.516897e-04,-3.620068e-04,-2.081448e-03,9.669852e-02,8.580666e-02,7.509925e-02,6.331801e-02,5.232742e-02,4.231769e-02,3.354207e-02,2.622022e-02,2.039906e-02,1.604126e-02,1.297164e-02,1.097118e-02,9.804743e-03,9.292236e-03,9.284464e-03,9.633994e-03,1.019547e-02,1.086220e-02,1.152450e-02,1.207520e-02,1.249445e-02,1.277152e-02,1.288588e-02,1.284158e-02,1.271622e-02,1.256500e-02,1.240729e-02,1.225047e-02,1.210258e-02,1.196309e-02,1.182817e-02,1.168282e-02,1.153720e-02,-2.718424e-03,-1.906986e-03,-1.093106e-03,-3.235878e-04,3.320950e-04,8.612115e-04,1.273480e-03,1.574691e-03,1.790999e-03,1.947039e-03,2.052588e-03,2.118589e-03,2.155279e-03,2.166800e-03,2.155006e-03,2.122414e-03,2.070616e-03,2.003084e-03,1.922647e-03,1.832410e-03,1.735550e-03,1.635201e-03,1.535348e-03,1.438144e-03,1.345972e-03,1.258117e-03,1.173361e-03,1.091004e-03,1.011261e-03,9.337882e-04,8.585979e-04,7.834836e-04,7.083539e-04,-1.354853e-02,-1.183323e-02,-1.011549e-02,-8.442280e-03,-6.883276e-03,-5.452199e-03,-4.140004e-03,-2.943446e-03,-1.877033e-03,-9.542166e-04,-1.746730e-04,4.692558e-04,9.876879e-04,1.391856e-03,1.696018e-03,1.914983e-03,2.062985e-03,2.149461e-03,2.183993e-03,2.176034e-03,2.134948e-03,2.070000e-03,1.990105e-03,1.902730e-03,1.815293e-03,1.732896e-03,1.654688e-03,1.578463e-03,1.501802e-03,1.423858e-03,1.344448e-03,1.263183e-03,1.181896e-03,-3.883725e-04,-6.481723e-04,-9.095976e-04,-1.152163e-03,-1.341338e-03,-1.471689e-03,-1.545828e-03,-1.564392e-03,-1.543348e-03,-1.496241e-03,-1.421967e-03,-1.319760e-03,-1.196396e-03,-1.071146e-03,-9.676023e-04,-8.984777e-04,-8.590975e-04,-8.412496e-04,-8.376372e-04,-8.318956e-04,-8.067757e-04,-7.546713e-04,-6.674632e-04,-5.444269e-04,-3.841392e-04,-1.746015e-04,9.527030e-05,4.241415e-04,7.945103e-04,1.183383e-03,1.572965e-03,1.959900e-03,2.346944e-03,-8.892236e-04,-1.230534e-03,-1.573509e-03,-1.891304e-03,-2.145925e-03,-2.339929e-03,-2.486166e-03,-2.595501e-03,-2.658621e-03,-2.668727e-03,-2.632639e-03,-2.564775e-03,-2.490969e-03,-2.431436e-03,-2.386929e-03,-2.340739e-03,-2.279724e-03,-2.201995e-03,-2.105115e-03,-1.996147e-03,-1.884808e-03,-1.769660e-03,-1.648852e-03,-1.530097e-03,-1.421952e-03,-1.323379e-03,-1.222021e-03,-1.091945e-03,-9.140477e-04,-6.876475e-04,-4.296328e-04,-1.616480e-04,1.056027e-04
-1.362908e-04,-3.488810e-04,-2.028277e-03,7.248184e-02,6.790726e-02,6.331801e-02,5.850290e-02,5.182205e-02,4.474554e-02,3.758738e-02,3.095696e-02,2.516211e-02,2.039121e-02,1.663160e-02,1.381337e-02,1.181691e-02,1.055387e-02,9.925238e-03,9.794241e-03,1.000114e-02,1.042034e-02,1.092367e-02,1.138620e-02,1.177123e-02,1.205519e-02,1.220494e-02,1.221328e-02,1.214882e-02,1.206461e-02,1.198190e-02,1.191113e-02,1.185853e-02,1.181866e-02,1.178280e-02,1.173595e-02,1.168888e-02,2.097605e-03,2.505177e-03,2.914782e-03,3.286912e-03,3.563301e-03,3.733132e-03,3.804386e-03,3.781867e-03,3.694706e-03,3.570062e-03,3.414224e-03,3.235126e-03,3.042299e-03,2.842838e-03,2.643276e-03,2.447994e-03,2.256823e-03,2.071402e-03,1.892703e-03,1.722074e-03,1.560938e-03,1.410269e-03,1.271862e-03,1.145528e-03,1.031350e-03,9.270826e-04,8.299341e-04,7.377086e-04,6.497267e-04,5.648388e-04,4.822831e-04,3.997864e-04,3.172777e-04,-9.930067e-03,-8.537477e-03,-7.142852e-03,-5.785842e-03,-4.524888e-03,-3.371640e-03,-2.318645e-03,-1.363396e-03,-5.255901e-04,1.767842e-04,7.450200e-04,1.190361e-03,1.529666e-03,1.780179e-03,1.956814e-03,2.070840e-03,2.133696e-03,2.152619e-03,2.134930e-03,2.087747e-03,2.018089e-03,1.933278e-03,1.840316e-03,1.744587e-03,1.651494e-03,1.564785e-03,1.482896e-03,1.403158e-03,1.322752e-03,1.240871e-03,1.157396e-03,1.071985e-03,9.865561e-04,-4.913302e-04,-7.148983e-04,-9.399062e-04,-1.148088e-03,-1.308660e-03,-1.416152e-03,-1.472035e-03,-1.476002e-03,-1.444342e-03,-1.390743e-03,-1.312476e-03,-1.207357e-03,-1.081405e-03,-9.541317e-04,-8.500053e-04,-7.820311e-04,-7.452387e-04,-7.312855e-04,-7.327117e-04,-7.333427e-04,-7.161698e-04,-6.734946e-04,-5.971292e-04,-4.860535e-04,-3.385621e-04,-1.429092e-04,1.118059e-04,4.243870e-04,7.776676e-04,1.149184e-03,1.521624e-03,1.891572e-03,2.261619e-03,-9.247859e-04,-1.237852e-03,-1.552381e-03,-1.844664e-03,-2.081333e-03,-2.264525e-03,-2.405226e-03,-2.512816e-03,-2.574928e-03,-2.582209e-03,-2.541379e-03,-2.467562e-03,-2.388568e-03,-2.326461e-03,-2.282348e-03,-2.238809e-03,-2.182396e-03,-2.110944e-03,-2.021736e-03,-1.921296e-03,-1.818728e-03,-1.712424e-03,-1.600384e-03,-1.489843e-03,-1.388850e-03,-1.296342e-03,-1.200379e-03,-1.075785e-03,-9.040267e-04,-6.847137e-04,-4.344805e-04,-1.744717e-04,8.481905e-05
-1.245503e-04,-3.388260e-04,-1.974044e-03,5.263920e-02,5.246713e-02,5.232742e-02,5.182205e-02,5.046838e-02,4.633614e-02,4.104598e-02,3.525496e-02,2.962008e-02,2.453461e-02,2.016315e-02,1.658984e-02,1.381353e-02,1.183631e-02,1.060954e-02,1.000957e-02,9.865680e-03,1.003566e-02,1.037503e-02,1.074274e-02,1.108618e-02,1.136935e-02,1.154689e-02,1.160111e-02,1.159194e-02,1.156959e-02,1.155590e-02,1.156321e-02,1.159594e-02,1.164460e-02,1.169659e-02,1.173707e-02,1.177737e-02,5.841457e-03,5.932923e-03,6.026039e-03,6.088145e-03,6.071519e-03,5.966561e-03,5.778897e-03,5.511707e-03,5.195971e-03,4.860278e-03,4.506828e-03,4.139911e-03,3.768116e-03,3.401785e-03,3.052360e-03,2.726476e-03,2.422753e-03,2.141495e-03,1.882331e-03,1.645296e-03,1.430503e-03,1.237266e-03,1.065682e-03,9.136898e-04,7.795245e-04,6.597509e-04,5.503564e-04,4.479583e-04,3.511380e-04,2.580759e-04,1.673718e-04,7.671152e-05,-1.395765e-05,-7.061467e-03,-5.927719e-03,-4.792319e-03,-3.688047e-03,-2.662765e-03,-1.726752e-03,-8.747681e-04,-1.056671e-04,5.555310e-04,1.086147e-03,1.487767e-03,1.774789e-03,1.970726e-03,2.098674e-03,2.174226e-03,2.205367e-03,2.200988e-03,2.166516e-03,2.107421e-03,2.028954e-03,1.936260e-03,1.835137e-03,1.731088e-03,1.627795e-03,1.529018e-03,1.437423e-03,1.350921e-03,1.266547e-03,1.181235e-03,1.094246e-03,1.005530e-03,9.148062e-04,8.240701e-04,-5.591813e-04,-7.536759e-04,-9.494325e-04,-1.130312e-03,-1.269170e-03,-1.360401e-03,-1.404262e-03,-1.399425e-03,-1.362254e-03,-1.306377e-03,-1.227393e-03,-1.121639e-03,-9.944138e-04,-8.656276e-04,-7.607269e-04,-6.931322e-04,-6.577103e-04,-6.460845e-04,-6.507321e-04,-6.557354e-04,-6.443899e-04,-6.089751e-04,-5.413019e-04,-4.400982e-04,-3.034288e-04,-1.198082e-04,1.214624e-04,4.193123e-04,7.569627e-04,1.112521e-03,1.469167e-03,1.823456e-03,2.177837e-03,-9.273456e-04,-1.218668e-03,-1.511259e-03,-1.784414e-03,-2.009237e-03,-2.187299e-03,-2.327593e-03,-2.437890e-03,-2.502869e-03,-2.510715e-03,-2.467892e-03,-2.390151e-03,-2.307320e-03,-2.243318e-03,-2.199652e-03,-2.158302e-03,-2.105582e-03,-2.039138e-03,-1.956054e-03,-1.862411e-03,-1.766792e-03,-1.667497e-03,-1.562450e-03,-1.458450e-03,-1.363084e-03,-1.275276e-03,-1.183488e-03,-1.063304e-03,-8.967651e-04,-6.837077e-04,-4.404534e-04,-1.876275e-04,6.449707e-05
-1.133597e-04,-3.301258e-04,-1.921080e-03,3.698151e-02,3.964263e-02,4.231769e-02,4.474554e-02,4.633614e-02,4.641807e-02,4.322594e-02,3.870088e-02,3.350727e-02,2.833730e-02,2.352205e-02,1.931894e-02,1.585270e-02,1.322049e-02,1.142839e-02,1.037209e-02,9.876521e-03,9.787210e-03,9.947607e-03,1.020357e-02,1.048842e-02,1.075441e-02,1.094473e-02,1.103182e-02,1.106704e-02,1.109670e-02,1.114169e-02,1.121496e-02,1.131917e-02,1.144166e-02,1.156691e-02,1.168032e-02,1.179359e-02,8.331015e-03,8.205585e-03,8.081454e-03,7.932279e-03,7.720112e-03,7.436033e-03,7.082765e-03,6.661303e-03,6.202859e-03,5.735898e-03,5.257922e-03,4.768892e-03,4.276177e-03,3.793781e-03,3.338456e-03,2.919620e-03,2.535299e-03,2.184999e-03,1.867558e-03,1.582126e-03,1.327911e-03,1.103087e-03,9.065755e-04,7.349688e-04,5.851815e-04,4.529873e-04,3.335631e-04,2.226964e-04,1.184086e-04,1.836936e-05,-7.930559e-05,-1.769488e-04,-2.745985e-04,-4.800345e-03,-3.874754e-03,-2.947861e-03,-2.046112e-03,-1.207558e-03,-4.416542e-04,2.540715e-04,8.788592e-04,1.402883e-03,1.799235e-03,2.069306e-03,2.230252e-03,2.312078e-03,2.343505e-03,2.340609e-03,2.308067e-03,2.252197e-03,2.176896e-03,2.086101e-03,1.983631e-03,1.873207e-03,1.759449e-03,1.646695e-03,1.537279e-03,1.433659e-03,1.337648e-03,1.246789e-03,1.157967e-03,1.067991e-03,9.761904e-04,8.825687e-04,7.868942e-04,6.912115e-04,-5.798797e-04,-7.529073e-04,-9.270310e-04,-1.088116e-03,-1.212486e-03,-1.294386e-03,-1.332838e-03,-1.325481e-03,-1.288378e-03,-1.234743e-03,-1.158469e-03,-1.054331e-03,-9.269363e-04,-7.968197e-04,-6.905959e-04,-6.222841e-04,-5.867489e-04,-5.756801e-04,-5.816021e-04,-5.888961e-04,-5.811816e-04,-5.507698e-04,-4.895213e-04,-3.959665e-04,-2.679880e-04,-9.435708e-05,1.354160e-04,4.203770e-04,7.441664e-04,1.085483e-03,1.427998e-03,1.768272e-03,2.108631e-03,-9.081895e-04,-1.182312e-03,-1.457525e-03,-1.715926e-03,-1.932848e-03,-2.109217e-03,-2.251968e-03,-2.367175e-03,-2.436918e-03,-2.447215e-03,-2.404117e-03,-2.323892e-03,-2.238389e-03,-2.173341e-03,-2.130595e-03,-2.091502e-03,-2.042088e-03,-1.979865e-03,-1.901790e-03,-1.813606e-03,-1.723496e-03,-1.629726e-03,-1.530193e-03,-1.431327e-03,-1.340316e-03,-1.256086e-03,-1.167486e-03,-1.050844e-03,-8.887602e-04,-6.812427e-04,-4.442653e-04,-1.979278e-04,4.772537e-05
-1.021813e-04,-3.240139e-04,-1.869127e-03,2.505191e-02,2.929015e-02,3.354207e-02,3.758738e-02,4.104598e-02,4.322594e-02,4.362346e-02,4.075947e-02,3.654725e-02,3.164612e-02,2.666152e-02,2.201900e-02,1.799311e-02,1.478595e-02,1.246896e-02,1.096747e-02,1.011206e-02,9.742580e-03,9.696854e-03,9.812177e-03,1.001049e-02,1.023343e-02,1.041378e-02,1.051453e-02,1.057815e-02,1.064569e-02,1.073550e-02,1.085986e-02,1.101973e-02,1.120009e-02,1.138318e-02,1.155443e-02,1.172556e-02,9.561443e-03,9.318251e-03,9.076052e-03,8.814081e-03,8.503065e-03,8.134345e-03,7.707574e-03,7.221297e-03,6.705007e-03,6.185205e-03,5.654298e-03,5.107383e-03,4.550380e-03,4.001516e-03,3.483461e-03,3.009061e-03,2.576352e-03,2.184534e-03,1.832170e-03,1.517828e-03,1.240101e-03,9.964694e-04,7.851323e-04,6.018541e-04,4.427399e-04,3.031752e-04,1.779389e-04,6.233630e-05,-4.599702e-05,-1.497441e-04,-2.511272e-04,-3.524853e-04,-4.538482e-04,-2.787137e-03,-2.047160e-03,-1.306190e-03,-5.850706e-04,8.684389e-05,7.005040e-04,1.255413e-03,1.748696e-03,2.147231e-03,2.421270e-03,2.572011e-03,2.619172e-03,2.599069e-03,2.545815e-03,2.475531e-03,2.389151e-03,2.290025e-03,2.180577e-03,2.063314e-03,1.940906e-03,1.815970e-03,1.692099e-03,1.572621e-03,1.458741e-03,1.351828e-03,1.252954e-03,1.159358e-03,1.067852e-03,9.751689e-04,8.806600e-04,7.843316e-04,6.859552e-04,5.875721e-04,-5.520206e-04,-7.114127e-04,-8.717508e-04,-1.020724e-03,-1.137843e-03,-1.217227e-03,-1.256765e-03,-1.253143e-03,-1.221628e-03,-1.174563e-03,-1.104165e-03,-1.003609e-03,-8.768374e-04,-7.452762e-04,-6.369583e-04,-5.667145e-04,-5.295601e-04,-5.173363e-04,-5.227120e-04,-5.303792e-04,-5.242679e-04,-4.967623e-04,-4.398130e-04,-3.518107e-04,-2.305056e-04,-6.492822e-05,1.551908e-04,4.290028e-04,7.405978e-04,1.069286e-03,1.399232e-03,1.727032e-03,2.054912e-03,-8.893588e-04,-1.148567e-03,-1.408705e-03,-1.654377e-03,-1.864720e-03,-2.039966e-03,-2.185020e-03,-2.304275e-03,-2.377910e-03,-2.390371e-03,-2.347227e-03,-2.265144e-03,-2.177902e-03,-2.112961e-03,-2.072310e-03,-2.036468e-03,-1.990989e-03,-1.933248e-03,-1.860077e-03,-1.776969e-03,-1.691819e-03,-1.602888e-03,-1.508086e-03,-1.413532e-03,-1.326095e-03,-1.244731e-03,-1.158683e-03,-1.045030e-03,-8.869398e-04,-6.845476e-04,-4.534507e-04,-2.132146e-04,2.635451e-05
-9.176426e-05,-3.194196e-04,-1.817800e-03,1.644387e-02,2.132737e-02,2.622022e-02,3.095696e-02,3.525496e-02,3.870088e-02,4.075947e-02,4.116814e-02,3.839586e-02,3.432682e-02,2.952749e-02,2.470666e-02,2.028989e-02,1.660935e-02,1.381570e-02,1.187899e-02,1.064859e-02,9.967476e-03,9.676508e-03,9.610476e-03,9.683517e-03,9.828093e-03,9.968045e-03,1.005709e-02,1.012810e-02,1.021529e-02,1.033264e-02,1.049055e-02,1.068833e-02,1.090919e-02,1.113370e-02,1.134682e-02,1.155980e-02,9.522783e-03,9.261208e-03,9.000371e-03,8.724176e-03,8.410635e-03,8.051068e-03,7.642185e-03,7.180103e-03,6.690391e-03,6.195453e-03,5.682369e-03,5.140961e-03,4.575503e-03,4.009131e-03,3.471239e-03,2.978858e-03,2.530618e-03,2.125865e-03,1.763360e-03,1.441288e-03,1.157802e-03,9.100726e-04,6.959688e-04,5.109390e-04,3.507848e-04,2.109095e-04,8.611095e-05,-2.844362e-05,-1.353345e-04,-2.374401e-04,-3.371789e-04,-4.368921e-04,-5.366100e-04,-7.383309e-04,-1.842606e-04,3.705483e-04,9.099359e-04,1.411855e-03,1.867359e-03,2.273088e-03,2.624065e-03,2.886185e-03,3.029086e-03,3.054191e-03,2.983755e-03,2.860202e-03,2.722793e-03,2.587042e-03,2.449334e-03,2.309327e-03,2.167837e-03,2.025863e-03,1.885115e-03,1.747315e-03,1.615025e-03,1.490567e-03,1.374137e-03,1.266124e-03,1.166879e-03,1.073333e-03,9.822484e-04,8.902764e-04,7.967030e-04,7.014597e-04,6.042431e-04,5.070182e-04,-4.800272e-04,-6.334340e-04,-7.876567e-04,-9.319777e-04,-1.048724e-03,-1.131975e-03,-1.178700e-03,-1.184831e-03,-1.164242e-03,-1.127829e-03,-1.066213e-03,-9.709543e-04,-8.453615e-04,-7.120345e-04,-6.007270e-04,-5.273217e-04,-4.871252e-04,-4.721980e-04,-4.754363e-04,-4.818195e-04,-4.755420e-04,-4.490864e-04,-3.945175e-04,-3.101459e-04,-1.936466e-04,-3.432511e-05,1.778430e-04,4.420997e-04,7.430155e-04,1.060530e-03,1.379305e-03,1.696011e-03,2.012793e-03,-8.831561e-04,-1.127989e-03,-1.373619e-03,-1.606764e-03,-1.809779e-03,-1.982162e-03,-2.126909e-03,-2.246785e-03,-2.321069e-03,-2.333510e-03,-2.289211e-03,-2.205120e-03,-2.116793e-03,-2.053272e-03,-2.016382e-03,-1.985455e-03,-1.945269e-03,-1.893006e-03,-1.825338e-03,-1.747590e-03,-1.667483e-03,-1.583293e-03,-1.492959e-03,-1.402365e-03,-1.318132e-03,-1.239286e-03,-1.155479e-03,-1.044574e-03,-8.903128e-04,-6.929304e-04,-4.676265e-04,-2.334210e-04,1.353732e-07
-8.195845e-05,-3.168176e-04,-1.764705e-03,1.063987e-02,1.551597e-02,2.039906e-02,2.516211e-02,2.962008e-02,3.350727e-02,3.654725e-02,3.839586e-02,3.872692e-02,3.597364e-02,3.193652e-02,2.729429e-02,2.273928e-02,1.873307e-02,1.553515e-02,1.318078e-02,1.155738e-02,1.052322e-02,9.934147e-03,9.631149e-03,9.526020e-03,9.544330e-03,9.603174e-03,9.647324e-03,9.699291e-03,9.785119e-03,9.912742e-03,1.008875e-02,1.030950e-02,1.055609e-02,1.080758e-02,1.104835e-02,1.128895e-02,8.895191e-03,8.661142e-03,8.427628e-03,8.182285e-03,7.908940e-03,7.598790e-03,7.246012e-03,6.844625e-03,6.414841e-03,5.973696e-03,5.503680e-03,4.989882e-03,4.435401e-03,3.868990e-03,3.327511e-03,2.832842e-03,2.384436e-03,1.981805e-03,1.623968e-03,1.308431e-03,1.032579e-03,7.932634e-04,5.880322e-04,4.122035e-04,2.614596e-04,1.313393e-04,1.678463e-05,-8.704664e-05,-1.829017e-04,-2.738298e-04,-3.623923e-04,-4.509256e-04,-5.394638e-04,9.204909e-04,1.314291e-03,1.708627e-03,2.091083e-03,2.445446e-03,2.762742e-03,3.037150e-03,3.261848e-03,3.403845e-03,3.434081e-03,3.354211e-03,3.188577e-03,2.984845e-03,2.786604e-03,2.607856e-03,2.439458e-03,2.276502e-03,2.118213e-03,1.964191e-03,1.815605e-03,1.673749e-03,1.540303e-03,1.416728e-03,1.302534e-03,1.197455e-03,1.101388e-03,1.011162e-03,9.236683e-04,8.356406e-04,7.463305e-04,6.555621e-04,5.629268e-04,4.702802e-04,-3.884505e-04,-5.405128e-04,-6.932829e-04,-8.373779e-04,-9.574914e-04,-1.047727e-03,-1.104342e-03,-1.122719e-03,-1.114872e-03,-1.089844e-03,-1.036966e-03,-9.464088e-04,-8.210072e-04,-6.847506e-04,-5.693298e-04,-4.918616e-04,-4.479812e-04,-4.299360e-04,-4.308374e-04,-4.358339e-04,-4.292579e-04,-4.036728e-04,-3.512409e-04,-2.702274e-04,-1.582691e-04,-4.963098e-06,1.994484e-04,4.542768e-04,7.445944e-04,1.051002e-03,1.358665e-03,1.664332e-03,1.970070e-03,-8.875617e-04,-1.117961e-03,-1.349048e-03,-1.569270e-03,-1.763618e-03,-1.930950e-03,-2.072649e-03,-2.190065e-03,-2.262607e-03,-2.274165e-03,-2.229271e-03,-2.144910e-03,-2.058003e-03,-1.998808e-03,-1.968609e-03,-1.945144e-03,-1.912073e-03,-1.866384e-03,-1.804614e-03,-1.732071e-03,-1.656476e-03,-1.576158e-03,-1.489132e-03,-1.401141e-03,-1.318664e-03,-1.240872e-03,-1.157889e-03,-1.048419e-03,-8.968363e-04,-7.034434e-04,-4.829788e-04,-2.538713e-04,-2.539352e-05
-7.356920e-05,-3.168232e-04,-1.716279e-03,7.164466e-03,1.160042e-02,1.604126e-02,2.039121e-02,2.453461e-02,2.833730e-02,3.164612e-02,3.432682e-02,3.597364e-02,3.623195e-02,3.346893e-02,2.959907e-02,2.526714e-02,2.117865e-02,1.770613e-02,1.498604e-02,1.296754e-02,1.154153e-02,1.059515e-02,9.988028e-03,9.638079e-03,9.467865e-03,9.391446e-03,9.345418e-03,9.341532e-03,9.396837e-03,9.511722e-03,9.686426e-03,9.911891e-03,1.016599e-02,1.042629e-02,1.067654e-02,1.092661e-02,8.221256e-03,8.012390e-03,7.803903e-03,7.586337e-03,7.348008e-03,7.080130e-03,6.775111e-03,6.425492e-03,6.045351e-03,5.645832e-03,5.206564e-03,4.709480e-03,4.157514e-03,3.585496e-03,3.038107e-03,2.542433e-03,2.098622e-03,1.705967e-03,1.363396e-03,1.066949e-03,8.124183e-04,5.959729e-04,4.145111e-04,2.631666e-04,1.374523e-04,3.293338e-05,-5.540798e-05,-1.324528e-04,-2.011446e-04,-2.647718e-04,-3.260375e-04,-3.872689e-04,-4.485057e-04,1.806941e-03,2.085487e-03,2.364414e-03,2.634219e-03,2.883194e-03,3.102459e-03,3.284468e-03,3.421150e-03,3.482710e-03,3.443178e-03,3.304114e-03,3.090883e-03,2.854534e-03,2.641238e-03,2.462219e-03,2.301695e-03,2.149188e-03,2.002506e-03,1.860134e-03,1.723396e-03,1.593892e-03,1.472694e-03,1.360673e-03,1.257214e-03,1.161943e-03,1.074814e-03,9.929597e-04,9.136925e-04,8.341381e-04,7.536328e-04,6.718869e-04,5.883842e-04,5.048668e-04,-3.083115e-04,-4.603203e-04,-6.129517e-04,-7.578812e-04,-8.816653e-04,-9.784740e-04,-1.044069e-03,-1.073474e-03,-1.076535e-03,-1.060224e-03,-1.013108e-03,-9.244265e-04,-7.968253e-04,-6.558165e-04,-5.351491e-04,-4.532932e-04,-4.061349e-04,-3.859472e-04,-3.859261e-04,-3.911051e-04,-3.856706e-04,-3.621787e-04,-3.128029e-04,-2.357900e-04,-1.287701e-04,1.838434e-05,2.151750e-04,4.609394e-04,7.411851e-04,1.037115e-03,1.334326e-03,1.629613e-03,1.924968e-03,-9.048084e-04,-1.119979e-03,-1.335751e-03,-1.541940e-03,-1.725616e-03,-1.885219e-03,-2.020986e-03,-2.133245e-03,-2.202532e-03,-2.213705e-03,-2.170571e-03,-2.089782e-03,-2.008923e-03,-1.958834e-03,-1.939761e-03,-1.927353e-03,-1.903706e-03,-1.865674e-03,-1.809744e-03,-1.741477e-03,-1.668881e-03,-1.590396e-03,-1.504158e-03,-1.415952e-03,-1.332283e-03,-1.252590e-03,-1.167527e-03,-1.056621e-03,-9.048887e-04,-7.126719e-04,-4.942139e-04,-2.673624e-04,-4.112201e-05
-6.880653e-05,-3.176014e-04,-1.676746e-03,5.519611e-03,9.243958e-03,1.297164e-02,1.663160e-02,2.016315e-02,2.352205e-02,2.666152e-02,2.952749e-02,3.193652e-02,3.346893e-02,3.372136e-02,3.116598e-02,2.766798e-02,2.386163e-02,2.035063e-02,1.738191e-02,1.500541e-02,1.316589e-02,1.180466e-02,1.081790e-02,1.014274e-02,9.705150e-03,9.422335e-03,9.224264e-03,9.111801e-03,9.092394e-03,9.157420e-03,9.297942e-03,9.496775e-03,9.727442e-03,9.966141e-03,1.019574e-02,1.042512e-02,7.511354e-03,7.303383e-03,7.095666e-03,6.881113e-03,6.651562e-03,6.398803e-03,6.114708e-03,5.791428e-03,5.437370e-03,5.058332e-03,4.632942e-03,4.141637e-03,3.587744e-03,3.011747e-03,2.465455e-03,1.980802e-03,1.558234e-03,1.196133e-03,8.927058e-04,6.414004e-04,4.352625e-04,2.692783e-04,1.392496e-04,4.011404e-05,-3.279146e-05,-8.395285e-05,-1.184197e-04,-1.410834e-04,-1.550556e-04,-1.638832e-04,-1.703535e-04,-1.767794e-04,-1.832122e-04,1.940696e-03,2.137665e-03,2.334889e-03,2.525243e-03,2.700550e-03,2.852563e-03,2.973223e-03,3.054267e-03,3.070886e-03,3.001803e-03,2.849095e-03,2.637934e-03,2.419811e-03,2.240842e-03,2.107768e-03,1.997037e-03,1.891499e-03,1.787752e-03,1.683527e-03,1.581095e-03,1.483207e-03,1.390507e-03,1.303458e-03,1.221943e-03,1.146108e-03,1.076535e-03,1.011094e-03,9.478274e-04,8.845603e-04,8.208076e-04,7.561185e-04,6.898228e-04,6.235075e-04,-2.730779e-04,-4.217816e-04,-5.710417e-04,-7.133607e-04,-8.367073e-04,-9.354267e-04,-1.005093e-03,-1.040639e-03,-1.049801e-03,-1.037587e-03,-9.922963e-04,-9.026862e-04,-7.713352e-04,-6.251493e-04,-4.997598e-04,-4.149282e-04,-3.666458e-04,-3.469743e-04,-3.489948e-04,-3.572332e-04,-3.553444e-04,-3.357663e-04,-2.905750e-04,-2.180735e-04,-1.159686e-04,2.558269e-05,2.158118e-04,4.539960e-04,7.259460e-04,1.013332e-03,1.302052e-03,1.588912e-03,1.875837e-03,-9.423711e-04,-1.139369e-03,-1.336902e-03,-1.525867e-03,-1.694934e-03,-1.842432e-03,-1.968033e-03,-2.071560e-03,-2.135460e-03,-2.146257e-03,-2.107329e-03,-2.034644e-03,-1.965404e-03,-1.930109e-03,-1.927331e-03,-1.930112e-03,-1.918478e-03,-1.889232e-03,-1.838939e-03,-1.773758e-03,-1.702355e-03,-1.623299e-03,-1.534877e-03,-1.443147e-03,-1.354865e-03,-1.269876e-03,-1.179407e-03,-1.063758e-03,-9.085538e-04,-7.141384e-04,-4.942576e-04,-2.662220e-04,-3.878024e-05
-6.894510e-05,-3.210115e-04,-1.648595e-03,5.192815e-03,8.080964e-03,1.097118e-02,1.381337e-02,1.658984e-02,1.931894e-02,2.201900e-02,2.470666e-02,2.729429e-02,2.959907e-02,3.116598e-02,3.168124e-02,2.955884e-02,2.663104e-02,2.342232e-02,2.041402e-02,1.777005e-02,1.552473e-02,1.370036e-02,1.225471e-02,1.116250e-02,1.036255e-02,9.784282e-03,9.354211e-03,9.063102e-03,8.908663e-03,8.871977e-03,8.931996e-03,9.060729e-03,9.226272e-03,9.403424e-03,9.573190e-03,9.742662e-03,6.678029e-03,6.435260e-03,6.192643e-03,5.945120e-03,5.687382e-03,5.412540e-03,5.113327e-03,4.782781e-03,4.425177e-03,4.042571e-03,3.614904e-03,3.123359e-03,2.571896e-03,2.005107e-03,1.480060e-03,1.032269e-03,6.617571e-04,3.650206e-04,1.386226e-04,-2.794774e-05,-1.457927e-04,-2.216203e-04,-2.611612e-04,-2.695564e-04,-2.515226e-04,-2.115979e-04,-1.548551e-04,-8.607303e-05,-8.420847e-06,7.435591e-05,1.595081e-04,2.447270e-04,3.299356e-04,1.547595e-03,1.684944e-03,1.822444e-03,1.955013e-03,2.077335e-03,2.182517e-03,2.263375e-03,2.312667e-03,2.311625e-03,2.244559e-03,2.114503e-03,1.945500e-03,1.786457e-03,1.680644e-03,1.628771e-03,1.598845e-03,1.566297e-03,1.526887e-03,1.478115e-03,1.424120e-03,1.369772e-03,1.315355e-03,1.260991e-03,1.207693e-03,1.156750e-03,1.109911e-03,1.066127e-03,1.024357e-03,9.833162e-04,9.426690e-04,9.016555e-04,8.593034e-04,8.169212e-04,-3.051411e-04,-4.442741e-04,-5.839133e-04,-7.171888e-04,-8.330770e-04,-9.262051e-04,-9.922577e-04,-1.026336e-03,-1.034449e-03,-1.020061e-03,-9.718226e-04,-8.786274e-04,-7.430047e-04,-5.927841e-04,-4.649683e-04,-3.802954e-04,-3.346378e-04,-3.195450e-04,-3.277217e-04,-3.427249e-04,-3.472262e-04,-3.334586e-04,-2.933183e-04,-2.253061e-04,-1.273514e-04,1.007341e-05,1.958914e-04,4.291934e-04,6.959154e-04,9.780108e-04,1.261504e-03,1.543185e-03,1.824929e-03,-1.009368e-03,-1.184422e-03,-1.359959e-03,-1.527744e-03,-1.677670e-03,-1.808327e-03,-1.919462e-03,-2.010960e-03,-2.067663e-03,-2.078205e-03,-2.045842e-03,-1.985671e-03,-1.933409e-03,-1.918221e-03,-1.936401e-03,-1.957987e-03,-1.960523e-03,-1.940852e-03,-1.895753e-03,-1.832354e-03,-1.760387e-03,-1.678518e-03,-1.585152e-03,-1.486876e-03,-1.390948e-03,-1.297763e-03,-1.199154e-03,-1.076090e-03,-9.147447e-04,-7.154025e-04,-4.913142e-04,-2.593060e-04,-2.787621e-05
-7.347060e-05,-3.240295e-04,-1.633847e-03,5.718308e-03,7.760990e-03,9.804743e-03,1.181691e-02,1.381353e-02,1.585270e-02,1.799311e-02,2.028989e-02,2.273928e-02,2.526714e-02,2.766798e-02,2.955884e-02,3.056302e-02,2.904109e-02,2.671123e-02,2.398271e-02,2.126016e-02,1.867766e-02,1.637898e-02,1.441255e-02,1.281512e-02,1.155122e-02,1.057521e-02,9.817171e-03,9.261484e-03,8.897244e-03,8.694608e-03,8.617688e-03,8.625467e-03,8.679473e-03,8.752308e-03,8.820944e-03,8.889125e-03,5.658256e-03,5.353919e-03,5.049646e-03,4.742113e-03,4.428290e-03,4.103084e-03,3.761033e-03,3.396953e-03,3.012873e-03,2.609063e-03,2.169142e-03,1.677439e-03,1.139606e-03,6.022894e-04,1.250767e-04,-2.548744e-04,-5.388500e-04,-7.332046e-04,-8.439424e-04,-8.868283e-04,-8.784293e-04,-8.273913e-04,-7.411443e-04,-6.245452e-04,-4.820110e-04,-3.180760e-04,-1.377614e-04,5.446597e-05,2.555458e-04,4.616600e-04,6.702398e-04,8.789300e-04,1.087603e-03,9.783644e-04,1.078035e-03,1.177771e-03,1.274228e-03,1.364377e-03,1.443139e-03,1.505148e-03,1.544975e-03,1.549749e-03,1.509113e-03,1.426495e-03,1.323513e-03,1.243975e-03,1.226324e-03,1.264922e-03,1.319927e-03,1.359791e-03,1.380205e-03,1.379278e-03,1.364192e-03,1.343149e-03,1.316206e-03,1.283258e-03,1.247115e-03,1.210842e-03,1.177748e-03,1.147964e-03,1.121243e-03,1.097079e-03,1.075023e-03,1.053704e-03,1.031540e-03,1.009325e-03,-3.999102e-04,-5.237300e-04,-6.480204e-04,-7.663529e-04,-8.683461e-04,-9.489368e-04,-1.004087e-03,-1.029211e-03,-1.029111e-03,-1.006280e-03,-9.503454e-04,-8.510084e-04,-7.110722e-04,-5.587049e-04,-4.315168e-04,-3.507219e-04,-3.118135e-04,-3.055380e-04,-3.239626e-04,-3.492176e-04,-3.625360e-04,-3.559166e-04,-3.210490e-04,-2.568326e-04,-1.616124e-04,-2.619197e-05,1.580163e-04,3.897915e-04,6.550023e-04,9.356731e-04,1.217783e-03,1.498102e-03,1.778485e-03,-1.072430e-03,-1.226215e-03,-1.380442e-03,-1.527567e-03,-1.658398e-03,-1.772090e-03,-1.868961e-03,-1.949411e-03,-2.000710e-03,-2.013603e-03,-1.991170e-03,-1.947344e-03,-1.915540e-03,-1.922919e-03,-1.963371e-03,-2.004005e-03,-2.019855e-03,-2.007978e-03,-1.965554e-03,-1.901102e-03,-1.825866e-03,-1.738546e-03,-1.637600e-03,-1.530388e-03,-1.424911e-03,-1.322192e-03,-1.214593e-03,-1.083528e-03,-9.155435e-04,-7.107512e-04,-4.819155e-04,-2.454169e-04,-9.481685e-06
-8.208463e-05,-3.245897e-04,-1.633878e-03,6.730917e-03,8.011401e-03,9.292236e-03,1.055387e-02,1.183631e-02,1.322049e-02,1.478595e-02,1.660935e-02,1.873307e-02,2.117865e-02,2.386163e-02,2.663104e-02,2.904109e-02,3.064584e-02,2.969207e-02,2.779338e-02,2.529081e-02,2.254491e-02,1.983396e-02,1.733679e-02,1.517716e-02,1.336240e-02,1.188810e-02,1.070090e-02,9.787313e-03,9.130946e-03,8.691486e-03,8.416107e-03,8.249436e-03,8.145197e-03,8.071958e-03,7.999525e-03,7.926368e-03,4.591430e-03,4.224370e-03,3.857311e-03,3.488246e-03,3.115803e-03,2.736644e-03,2.347296e-03,1.944539e-03,1.529566e-03,1.102296e-03,6.513594e-04,1.655737e-04,-3.471562e-04,-8.395684e-04,-1.251971e-03,-1.547137e-03,-1.728097e-03,-1.804344e-03,-1.784723e-03,-1.690927e-03,-1.545696e-03,-1.359329e-03,-1.140623e-03,-8.934833e-04,-6.214017e-04,-3.288701e-04,-2.079260e-05,2.988675e-04,6.272938e-04,9.607178e-04,1.296829e-03,1.633120e-03,1.969384e-03,4.352501e-04,5.329760e-04,6.307025e-04,7.264096e-04,8.187329e-04,9.043511e-04,9.799100e-04,1.041889e-03,1.082218e-03,1.094706e-03,1.082209e-03,1.062329e-03,1.071340e-03,1.140811e-03,1.259482e-03,1.381811e-03,1.471101e-03,1.524104e-03,1.540603e-03,1.532296e-03,1.512215e-03,1.480718e-03,1.437951e-03,1.389364e-03,1.340574e-03,1.296715e-03,1.258917e-03,1.227259e-03,1.201559e-03,1.180782e-03,1.162539e-03,1.144222e-03,1.125818e-03,-5.278050e-04,-6.348528e-04,-7.423506e-04,-8.441258e-04,-9.301238e-04,-9.955422e-04,-1.036644e-03,-1.049170e-03,-1.037200e-03,-1.002760e-03,-9.368434e-04,-8.303647e-04,-6.866442e-04,-5.338571e-04,-4.095677e-04,-3.350691e-04,-3.053272e-04,-3.101630e-04,-3.408965e-04,-3.778994e-04,-4.006212e-04,-4.008798e-04,-3.702044e-04,-3.081172e-04,-2.135849e-04,-7.767427e-05,1.079093e-04,3.415622e-04,6.089332e-04,8.919200e-04,1.176322e-03,1.458920e-03,1.741586e-03,-1.093112e-03,-1.231836e-03,-1.370976e-03,-1.503485e-03,-1.620831e-03,-1.722883e-03,-1.810815e-03,-1.885785e-03,-1.937205e-03,-1.957627e-03,-1.949819e-03,-1.926219e-03,-1.917240e-03,-1.947395e-03,-2.008447e-03,-2.065222e-03,-2.090678e-03,-2.082308e-03,-2.037887e-03,-1.967775e-03,-1.885221e-03,-1.788974e-03,-1.677545e-03,-1.559332e-03,-1.443323e-03,-1.331152e-03,-1.215503e-03,-1.077858e-03,-9.048114e-04,-6.961354e-04,-4.641204e-04,-2.247311e-04,1.410974e-05
