8.427160e-04,-6.806261e-06,-1.306227e-06,-6.234521e-05,-3.721962e-05,-1.205080e-05,1.188072e-05,3.445146e-05,5.303191e-05,6.773226e-05,7.577360e-05,7.840003e-05,7.757346e-05,7.146013e-05,5.936707e-05,4.457352e-05,2.995073e-05,1.695968e-05,8.208207e-06,3.704078e-06,3.711433e-06,7.448073e-06,1.278920e-05,1.721965e-05,2.101461e-05,2.288899e-05,1.889371e-05,9.748064e-06,-4.760965e-06,-2.459107e-05,-4.978892e-05,-8.030224e-05,-1.150464e-04,-1.533812e-04,-1.909286e-04,-2.282299e-04,-2.651590e-03,-2.660769e-03,-2.669946e-03,-2.679129e-03,-2.688276e-03,-2.697087e-03,-2.704890e-03,-2.710817e-03,-2.715422e-03,-2.718971e-03,-2.722022e-03,-2.724780e-03,-2.727872e-03,-2.731697e-03,-2.736590e-03,-2.742110e-03,-2.748116e-03,-2.754442e-03,-2.760698e-03,-2.766779e-03,-2.771967e-03,-2.776541e-03,-2.780153e-03,-2.782908e-03,-2.785202e-03,-2.787367e-03,-2.789758e-03,-2.792707e-03,-2.796618e-03,-2.801823e-03,-2.807532e-03,-2.813433e-03,-2.819290e-03,-2.294508e-05,-1.928501e-05,-1.561912e-05,-1.213802e-05,-9.151726e-06,-6.705845e-06,-4.610886e-06,-2.359199e-06,4.326211e-07,3.987395e-06,8.749486e-06,1.491388e-05,2.235256e-05,3.099762e-05,4.016554e-05,4.940855e-05,5.849056e-05,6.709752e-05,7.491104e-05,8.134977e-05,8.614428e-05,8.906908e-05,8.968971e-05,8.808245e-05,8.461729e-05,7.960764e-05,7.337367e-05,6.626510e-05,5.850651e-05,5.082871e-05,4.345783e-05,3.631056e-05,2.918642e-05,3.971848e-03,3.846843e-03,3.721546e-03,3.596643e-03,3.476636e-03,3.365175e-03,3.266209e-03,3.180506e-03,3.108855e-03,3.051770e-03,3.013581e-03,2.997717e-03,3.007886e-03,3.040698e-03,3.090217e-03,3.142667e-03,3.185665e-03,3.214555e-03,3.227581e-03,3.226201e-03,3.210601e-03,3.181339e-03,3.135441e-03,3.074855e-03,3.002866e-03,2.922335e-03,2.836287e-03,2.747516e-03,2.659570e-03,2.574677e-03,2.490291e-03,2.408719e-03,2.326845e-03,-2.747310e-04,-2.421315e-04,-2.095828e-04,-1.761063e-04,-1.393649e-04,-9.973585e-05,-6.142873e-05,-2.864753e-05,-5.868367e-06,6.396285e-06,1.176003e-05,1.515313e-05,1.536318e-05,1.304904e-05,7.406214e-06,1.227687e-06,-9.931204e-07,4.561253e-06,2.087523e-05,4.581480e-05,7.395220e-05,9.926698e-05,1.166172e-04,1.242003e-04,1.223764e-04,1.113326e-04,9.126523e-05,6.250645e-05,2.483598e-05,-1.758868e-05,-6.524908e-05,-1.150711e-04,-1.645254e-04
-6.806261e-06,7.125006e-04,3.127460e-05,-2.754516e-04,-2.468922e-04,-2.175598e-04,-1.880269e-04,-1.584839e-04,-1.302956e-04,-1.056910e-04,-8.557184e-05,-7.094306e-05,-6.407491e-05,-7.226081e-05,-9.901943e-05,-1.331092e-04,-1.657453e-04,-1.930009e-04,-2.071358e-04,-2.127326e-04,-2.107526e-04,-2.045582e-04,-1.969422e-04,-1.897046e-04,-1.818110e-04,-1.717731e-04,-1.577237e-04,-1.425680e-04,-1.282695e-04,-1.169399e-04,-1.110397e-04,-1.114452e-04,-1.180923e-04,-1.304247e-04,-1.443616e-04,-1.576277e-04,1.665674e-05,1.658672e-05,1.651794e-05,1.642251e-05,1.632028e-05,1.636314e-05,1.662675e-05,1.753110e-05,1.941124e-05,2.257148e-05,2.722786e-05,3.324771e-05,4.005139e-05,4.714584e-05,5.383928e-05,5.989115e-05,6.524708e-05,6.976331e-05,7.354798e-05,7.648659e-05,7.845951e-05,7.909543e-05,7.800041e-05,7.508144e-05,7.053066e-05,6.448229e-05,5.708303e-05,4.848765e-05,3.880580e-05,2.850264e-05,1.750729e-05,6.226778e-06,-4.997645e-06,-2.127917e-03,-2.145213e-03,-2.162405e-03,-2.179138e-03,-2.195379e-03,-2.210593e-03,-2.224395e-03,-2.236177e-03,-2.245290e-03,-2.251090e-03,-2.252656e-03,-2.249588e-03,-2.243403e-03,-2.235532e-03,-2.227705e-03,-2.221979e-03,-2.217979e-03,-2.216032e-03,-2.216075e-03,-2.218041e-03,-2.221767e-03,-2.227103e-03,-2.233581e-03,-2.241053e-03,-2.249669e-03,-2.259527e-03,-2.270719e-03,-2.283405e-03,-2.297475e-03,-2.312429e-03,-2.327947e-03,-2.343371e-03,-2.358755e-03,-2.153074e-04,-1.913451e-04,-1.674202e-04,-1.428034e-04,-1.160269e-04,-8.687962e-05,-5.816281e-05,-3.348288e-05,-1.609714e-05,-6.325865e-06,-1.970218e-06,-1.283987e-07,-1.552815e-06,-4.081333e-06,-7.097936e-06,-9.206863e-06,-7.862394e-06,-9.439612e-07,1.304057e-05,3.196361e-05,5.246739e-05,7.134259e-05,8.474551e-05,9.070877e-05,8.903122e-05,7.933641e-05,6.126244e-05,3.456446e-05,-1.485159e-06,-4.387815e-05,-9.094441e-05,-1.392895e-04,-1.873945e-04,2.710202e-03,2.715495e-03,2.720421e-03,2.723319e-03,2.721228e-03,2.709066e-03,2.684377e-03,2.647010e-03,2.601449e-03,2.552588e-03,2.508699e-03,2.475588e-03,2.457098e-03,2.457517e-03,2.478544e-03,2.521595e-03,2.576292e-03,2.633955e-03,2.684472e-03,2.721382e-03,2.736876e-03,2.730547e-03,2.702731e-03,2.656346e-03,2.595529e-03,2.523955e-03,2.445356e-03,2.363702e-03,2.281935e-03,2.201257e-03,2.122883e-03,2.041908e-03,1.960992e-03
-1.306227e-06,3.127460e-05,2.072349e-04,-1.478293e-03,-1.473469e-03,-1.467960e-03,-1.460734e-03,-1.452228e-03,-1.439100e-03,-1.420249e-03,-1.393109e-03,-1.359715e-03,-1.321476e-03,-1.286827e-03,-1.262006e-03,-1.254846e-03,-1.267335e-03,-1.297395e-03,-1.339977e-03,-1.382119e-03,-1.420412e-03,-1.450109e-03,-1.471247e-03,-1.479994e-03,-1.477276e-03,-1.459510e-03,-1.429130e-03,-1.389959e-03,-1.345144e-03,-1.297968e-03,-1.251836e-03,-1.209521e-03,-1.170656e-03,-1.134542e-03,-1.099492e-03,-1.064204e-03,-3.928282e-06,3.423158e-07,4.615086e-06,8.865559e-06,1.312984e-05,1.679156e-05,1.964740e-05,2.230780e-05,2.502366e-05,2.746458e-05,2.966760e-05,3.183978e-05,3.409853e-05,3.581075e-05,3.648375e-05,3.613786e-05,3.474175e-05,3.224246e-05,2.879170e-05,2.475798e-05,1.970974e-05,1.283533e-05,4.385470e-06,-5.220965e-06,-1.581044e-05,-2.718521e-05,-3.915349e-05,-5.152383e-05,-6.409762e-05,-7.672062e-05,-8.949332e-05,-1.023807e-04,-1.152429e-04,-6.555090e-05,-6.728585e-05,-6.903334e-05,-6.990446e-05,-6.983711e-05,-6.963746e-05,-6.963615e-05,-6.998500e-05,-7.091998e-05,-7.217042e-05,-7.386969e-05,-7.616155e-05,-7.903418e-05,-8.230924e-05,-8.521615e-05,-8.725471e-05,-8.883971e-05,-9.075644e-05,-9.266747e-05,-9.402931e-05,-9.488160e-05,-9.515445e-05,-9.501573e-05,-9.491185e-05,-9.503197e-05,-9.559420e-05,-9.680113e-05,-9.888850e-05,-1.019721e-04,-1.056631e-04,-1.096662e-04,-1.137374e-04,-1.177920e-04,7.102555e-06,1.009090e-05,1.307352e-05,1.608515e-05,1.881294e-05,2.242784e-05,2.666820e-05,2.894123e-05,2.799692e-05,2.468842e-05,1.829780e-05,7.565080e-06,-6.777730e-06,-1.902373e-05,-2.526099e-05,-2.635833e-05,-2.330237e-05,-1.686802e-05,-8.260495e-06,1.366582e-07,8.282257e-06,1.760173e-05,2.628163e-05,3.170430e-05,3.258026e-05,2.741479e-05,1.474521e-05,-6.814138e-06,-3.898888e-05,-8.110032e-05,-1.274535e-04,-1.738103e-04,-2.201378e-04,1.134807e-04,1.297832e-04,1.462309e-04,1.598202e-04,1.699601e-04,1.786486e-04,1.863887e-04,1.933101e-04,2.000745e-04,2.047471e-04,2.071328e-04,2.074317e-04,2.089408e-04,2.131349e-04,2.153638e-04,2.136740e-04,2.094142e-04,2.063984e-04,2.038633e-04,1.998929e-04,1.944962e-04,1.872918e-04,1.788123e-04,1.707936e-04,1.629333e-04,1.552310e-04,1.476071e-04,1.399965e-04,1.323475e-04,1.203567e-04,1.019095e-04,8.072803e-05,5.977146e-05
-6.234521e-05,-2.754516e-04,-1.478293e-03,1.372637e-01,1.007169e-01,6.852775e-02,4.322598e-02,2.487607e-02,1.278859e-02,5.677418e-03,2.186957e-03,1.100303e-03,1.517177e-03,2.869394e-03,4.587319e-03,6.308659e-03,7.793548e-03,8.942279e-03,9.787528e-03,1.034346e-02,1.069579e-02,1.088320e-02,1.096142e-02,1.093536e-02,1.080936e-02,1.057666e-02,1.027701e-02,9.933523e-03,9.568294e-03,9.203384e-03,8.862036e-03,8.562646e-03,8.292549e-03,8.043694e-03,7.805575e-03,7.565548e-03,9.837405e-03,8.532286e-03,7.226776e-03,5.925137e-03,4.626839e-03,3.398663e-03,2.297518e-03,1.351722e-03,5.742904e-04,-4.838882e-05,-5.232393e-04,-8.538537e-04,-1.056650e-03,-1.165567e-03,-1.206407e-03,-1.189131e-03,-1.124121e-03,-1.021278e-03,-8.922550e-04,-7.504941e-04,-6.011891e-04,-4.429675e-04,-2.804007e-04,-1.172485e-04,4.642280e-05,2.101804e-04,3.736851e-04,5.365892e-04,6.984876e-04,8.595674e-04,1.021236e-03,1.183793e-03,1.346160e-03,-1.499975e-02,-1.275329e-02,-1.049583e-02,-8.442197e-03,-6.658390e-03,-5.104878e-03,-3.766747e-03,-2.633613e-03,-1.695298e-03,-9.181563e-04,-2.731828e-04,2.619640e-04,6.883926e-04,1.011043e-03,1.249171e-03,1.417165e-03,1.529594e-03,1.602708e-03,1.639504e-03,1.641367e-03,1.615103e-03,1.566534e-03,1.502624e-03,1.430227e-03,1.352347e-03,1.272397e-03,1.193617e-03,1.119529e-03,1.052681e-03,9.909923e-04,9.325302e-04,8.749739e-04,8.172846e-04,-1.068315e-03,-9.530613e-04,-8.376934e-04,-7.230975e-04,-6.034133e-04,-5.021608e-04,-4.289905e-04,-3.698093e-04,-3.174882e-04,-2.720348e-04,-2.264323e-04,-1.707657e-04,-1.053677e-04,-6.012700e-05,-5.540336e-05,-8.378723e-05,-1.371619e-04,-2.096036e-04,-2.921283e-04,-3.669027e-04,-4.331065e-04,-5.011805e-04,-5.582492e-04,-5.863551e-04,-5.772341e-04,-5.211057e-04,-4.084341e-04,-2.302213e-04,2.492674e-05,3.512095e-04,7.079949e-04,1.064587e-03,1.420984e-03,-1.203462e-03,-1.523959e-03,-1.850013e-03,-2.078576e-03,-2.193742e-03,-2.237790e-03,-2.232298e-03,-2.191863e-03,-2.130018e-03,-2.049595e-03,-1.957223e-03,-1.861910e-03,-1.787340e-03,-1.743199e-03,-1.701253e-03,-1.648502e-03,-1.592124e-03,-1.556890e-03,-1.533355e-03,-1.504565e-03,-1.468068e-03,-1.420063e-03,-1.363804e-03,-1.311593e-03,-1.261204e-03,-1.212525e-03,-1.164875e-03,-1.117726e-03,-1.070459e-03,-9.924561e-04,-8.685258e-04,-7.248309e-04,-5.827722e-04
-3.721962e-05,-2.468922e-04,-1.473469e-03,1.007169e-01,8.071714e-02,5.966925e-02,4.188723e-02,2.785312e-02,1.781017e-02,1.119198e-02,7.280187e-03,5.315187e-03,4.701975e-03,5.017286e-03,5.829398e-03,6.843100e-03,7.843258e-03,8.713830e-03,9.436681e-03,9.971588e-03,1.035674e-02,1.060135e-02,1.074106e-02,1.077099e-02,1.069785e-02,1.051091e-02,1.024436e-02,9.923605e-03,9.571894e-03,9.212750e-03,8.870766e-03,8.565844e-03,8.288754e-03,8.032352e-03,7.785713e-03,7.537246e-03,7.336932e-03,6.354370e-03,5.371440e-03,4.391822e-03,3.414106e-03,2.501412e-03,1.699310e-03,1.012803e-03,4.455231e-04,-8.809181e-06,-3.555445e-04,-5.989750e-04,-7.514194e-04,-8.366923e-04,-8.728594e-04,-8.667335e-04,-8.252363e-04,-7.549490e-04,-6.640194e-04,-5.621855e-04,-4.520571e-04,-3.310383e-04,-2.029594e-04,-7.145432e-05,6.296290e-05,1.994679e-04,3.373147e-04,4.757538e-04,6.139735e-04,7.517222e-04,8.901968e-04,1.029531e-03,1.168680e-03,-1.071064e-02,-9.077886e-03,-7.436288e-03,-5.957978e-03,-4.691598e-03,-3.589910e-03,-2.637369e-03,-1.825651e-03,-1.145667e-03,-5.790320e-04,-1.073808e-04,2.844700e-04,5.976009e-04,8.357565e-04,1.012646e-03,1.138396e-03,1.223988e-03,1.281799e-03,1.313356e-03,1.318742e-03,1.302826e-03,1.269597e-03,1.224353e-03,1.172920e-03,1.117867e-03,1.062115e-03,1.008428e-03,9.598403e-04,9.184489e-04,8.819618e-04,8.483930e-04,8.156077e-04,7.826946e-04,-7.796354e-04,-6.927701e-04,-6.057791e-04,-5.196375e-04,-4.291339e-04,-3.580665e-04,-3.142483e-04,-2.788471e-04,-2.425512e-04,-2.074793e-04,-1.666375e-04,-1.095912e-04,-3.780931e-05,1.620781e-05,3.021761e-05,1.107387e-05,-3.364183e-05,-9.829161e-05,-1.741974e-04,-2.440658e-04,-3.073865e-04,-3.745644e-04,-4.328370e-04,-4.641121e-04,-4.598583e-04,-4.100534e-04,-3.049129e-04,-1.351916e-04,1.107503e-04,4.274703e-04,7.744601e-04,1.121314e-03,1.467973e-03,-1.271006e-03,-1.519956e-03,-1.773624e-03,-1.945011e-03,-2.020763e-03,-2.042247e-03,-2.028008e-03,-1.989815e-03,-1.940093e-03,-1.875514e-03,-1.799967e-03,-1.720190e-03,-1.659649e-03,-1.628129e-03,-1.596303e-03,-1.550850e-03,-1.499267e-03,-1.466350e-03,-1.443649e-03,-1.415107e-03,-1.378883e-03,-1.331350e-03,-1.275810e-03,-1.224473e-03,-1.175065e-03,-1.127430e-03,-1.080853e-03,-1.034749e-03,-9.885142e-04,-9.115368e-04,-7.886890e-04,-6.462598e-04,-5.054503e-04
-1.205080e-05,-2.175598e-04,-1.467960e-03,6.852775e-02,5.966925e-02,5.118271e-02,4.051226e-02,3.087878e-02,2.283805e-02,1.670992e-02,1.236838e-02,9.522396e-03,7.877856e-03,7.156409e-03,7.063322e-03,7.370205e-03,7.886435e-03,8.479527e-03,9.080536e-03,9.594845e-03,1.001304e-02,1.031494e-02,1.051616e-02,1.060210e-02,1.058192e-02,1.044090e-02,1.020763e-02,9.909777e-03,9.571723e-03,9.218439e-03,8.875850e-03,8.565350e-03,8.281183e-03,8.017137e-03,7.761872e-03,7.504862e-03,4.817128e-03,4.159072e-03,3.500674e-03,2.845032e-03,2.189857e-03,1.594633e-03,1.093509e-03,6.680620e-04,3.124787e-04,2.779874e-05,-1.897281e-04,-3.450560e-04,-4.463899e-04,-5.074228e-04,-5.384807e-04,-5.432095e-04,-5.250537e-04,-4.872563e-04,-4.344426e-04,-3.726215e-04,-3.017956e-04,-2.181275e-04,-1.246933e-04,-2.499555e-05,8.000486e-05,1.890930e-04,3.011173e-04,4.149272e-04,5.293054e-04,6.435611e-04,7.586792e-04,8.746282e-04,9.903966e-04,-6.369213e-03,-5.355915e-03,-4.335946e-03,-3.438822e-03,-2.695658e-03,-2.051295e-03,-1.489464e-03,-1.003821e-03,-5.862884e-04,-2.337051e-04,6.165102e-05,3.077825e-04,5.056753e-04,6.578158e-04,7.723153e-04,8.549785e-04,9.131497e-04,9.552768e-04,9.813852e-04,9.902324e-04,9.847200e-04,9.669827e-04,9.406277e-04,9.104363e-04,8.785329e-04,8.473338e-04,8.191193e-04,7.964220e-04,7.808794e-04,7.699856e-04,7.616985e-04,7.540722e-04,7.463233e-04,-4.900263e-04,-4.316185e-04,-3.730742e-04,-3.154596e-04,-2.542172e-04,-2.134344e-04,-1.990728e-04,-1.875473e-04,-1.673557e-04,-1.427218e-04,-1.066867e-04,-4.830928e-05,2.980377e-05,9.256221e-05,1.158536e-04,1.059709e-04,6.995658e-05,1.315999e-05,-5.605100e-05,-1.209356e-04,-1.813010e-04,-2.475170e-04,-3.069450e-04,-3.413667e-04,-3.419869e-04,-2.985450e-04,-2.010116e-04,-3.989785e-05,1.966771e-04,5.036354e-04,8.406123e-04,1.177511e-03,1.514213e-03,-1.340514e-03,-1.517057e-03,-1.697470e-03,-1.810800e-03,-1.846307e-03,-1.844516e-03,-1.820957e-03,-1.784578e-03,-1.746696e-03,-1.697821e-03,-1.639067e-03,-1.574873e-03,-1.528445e-03,-1.509637e-03,-1.488023e-03,-1.449956e-03,-1.403244e-03,-1.372699e-03,-1.350874e-03,-1.322625e-03,-1.286727e-03,-1.239731e-03,-1.184985e-03,-1.134598e-03,-1.086246e-03,-1.039733e-03,-9.943026e-04,-9.493124e-04,-9.041757e-04,-8.282994e-04,-7.066264e-04,-5.655661e-04,-4.261083e-04
1.188072e-05,-1.880269e-04,-1.460734e-03,4.322598e-02,4.188723e-02,4.051226e-02,3.880082e-02,3.341335e-02,2.768326e-02,2.215307e-02,1.747226e-02,1.378009e-02,1.111482e-02,9.351913e-03,8.343867e-03,7.932180e-03,7.952708e-03,8.257160e-03,8.725778e-03,9.210618e-03,9.656527e-03,1.001305e-02,1.027438e-02,1.041557e-02,1.044690e-02,1.034983e-02,1.014873e-02,9.873416e-03,9.549557e-03,9.203643e-03,8.863024e-03,8.550665e-03,8.263519e-03,7.995895e-03,7.736161e-03,7.474760e-03,2.644432e-03,2.274599e-03,1.904449e-03,1.536530e-03,1.167761e-03,8.538217e-04,6.189306e-04,4.230294e-04,2.519320e-04,1.142157e-04,7.198618e-06,-7.543369e-05,-1.381026e-04,-1.844827e-04,-2.173661e-04,-2.375397e-04,-2.452602e-04,-2.407217e-04,-2.253359e-04,-2.017948e-04,-1.679619e-04,-1.191473e-04,-5.791332e-05,1.229278e-05,9.007731e-05,1.738422e-04,2.620389e-04,3.531253e-04,4.454846e-04,5.380303e-04,6.315553e-04,7.258811e-04,8.200316e-04,-3.205816e-03,-2.675740e-03,-2.141066e-03,-1.691546e-03,-1.343805e-03,-1.037858e-03,-7.580842e-04,-5.011434e-04,-2.610838e-04,-5.028210e-05,1.287211e-04,2.774821e-04,3.983327e-04,4.938942e-04,5.679672e-04,6.233078e-04,6.647547e-04,6.978284e-04,7.217308e-04,7.344627e-04,7.374591e-04,7.315167e-04,7.190052e-04,7.039415e-04,6.881932e-04,6.738676e-04,6.629519e-04,6.576742e-04,6.593979e-04,6.654945e-04,6.739148e-04,6.828859e-04,6.917399e-04,-2.216551e-04,-1.894203e-04,-1.570415e-04,-1.256475e-04,-9.127485e-05,-7.809849e-05,-9.054694e-05,-1.006937e-04,-9.509756e-05,-8.012470e-05,-4.863639e-05,1.104147e-05,9.524167e-05,1.663370e-04,1.984012e-04,1.972163e-04,1.693204e-04,1.197932e-04,5.670378e-05,-3.727116e-06,-6.155213e-05,-1.270433e-04,-1.876764e-04,-2.251510e-04,-2.304444e-04,-1.930952e-04,-1.028668e-04,4.993717e-05,2.773988e-04,5.747799e-04,9.018997e-04,1.228994e-03,1.555892e-03,-1.343288e-03,-1.461760e-03,-1.583280e-03,-1.652098e-03,-1.659358e-03,-1.644020e-03,-1.618542e-03,-1.589108e-03,-1.565900e-03,-1.533483e-03,-1.490660e-03,-1.440052e-03,-1.405060e-03,-1.395999e-03,-1.381664e-03,-1.348311e-03,-1.304202e-03,-1.274211e-03,-1.251875e-03,-1.222925e-03,-1.186683e-03,-1.139863e-03,-1.085841e-03,-1.036585e-03,-9.896908e-04,-9.448866e-04,-9.013443e-04,-8.583315e-04,-8.152401e-04,-7.414940e-04,-6.221021e-04,-4.835420e-04,-3.465656e-04
3.445146e-05,-1.584839e-04,-1.452228e-03,2.487607e-02,2.785312e-02,3.087878e-02,3.341335e-02,3.475674e-02,3.163327e-02,2.731371e-02,2.257731e-02,1.821170e-02,1.458547e-02,1.177743e-02,9.816743e-03,8.637270e-03,8.115053e-03,8.091332e-03,8.395495e-03,8.826982e-03,9.286355e-03,9.690363e-03,1.000845e-02,1.020367e-02,1.028551e-02,1.023129e-02,1.006225e-02,9.810328e-03,9.502565e-03,9.167042e-03,8.832609e-03,8.523872e-03,8.239705e-03,7.974512e-03,7.716404e-03,7.456707e-03,5.961877e-04,5.090919e-04,4.217230e-04,3.360462e-04,2.486989e-04,2.082933e-04,2.288077e-04,2.509324e-04,2.534223e-04,2.528572e-04,2.471515e-04,2.279063e-04,1.944915e-04,1.543167e-04,1.127580e-04,7.178259e-05,3.427648e-05,3.040727e-06,-2.021080e-05,-3.512195e-05,-3.781966e-05,-2.314685e-05,6.603593e-06,4.797251e-05,9.913830e-05,1.581199e-04,2.229729e-04,2.917656e-04,3.624802e-04,4.336692e-04,5.059441e-04,5.789897e-04,6.518651e-04,-1.390201e-03,-1.176976e-03,-9.609224e-04,-7.976287e-04,-6.914985e-04,-5.827076e-04,-4.580423e-04,-3.178850e-04,-1.593465e-04,-1.049563e-05,1.165759e-04,2.181798e-04,3.004972e-04,3.684938e-04,4.229444e-04,4.650179e-04,4.984501e-04,5.270828e-04,5.500935e-04,5.653350e-04,5.732579e-04,5.738340e-04,5.686319e-04,5.611587e-04,5.532056e-04,5.467564e-04,5.436885e-04,5.461115e-04,5.552924e-04,5.685587e-04,5.838969e-04,5.996886e-04,6.153686e-04,4.064715e-05,4.557494e-05,5.064904e-05,5.466694e-05,6.081668e-05,4.594136e-05,7.255206e-06,-2.362168e-05,-3.169397e-05,-2.564640e-05,2.018247e-06,6.391023e-05,1.552555e-04,2.355979e-04,2.770358e-04,2.849046e-04,2.652747e-04,2.229768e-04,1.657910e-04,1.094673e-04,5.380841e-05,-1.126084e-05,-7.328703e-05,-1.139120e-04,-1.239093e-04,-9.264057e-05,-9.685209e-06,1.348370e-04,3.531846e-04,6.409384e-04,9.581322e-04,1.275351e-03,1.592373e-03,-1.264202e-03,-1.342377e-03,-1.422886e-03,-1.463267e-03,-1.456751e-03,-1.439572e-03,-1.420997e-03,-1.404611e-03,-1.399439e-03,-1.384318e-03,-1.356304e-03,-1.316760e-03,-1.289989e-03,-1.287335e-03,-1.276998e-03,-1.245373e-03,-1.201347e-03,-1.169958e-03,-1.145700e-03,-1.115125e-03,-1.077994e-03,-1.031142e-03,-9.779406e-04,-9.301653e-04,-8.852995e-04,-8.429614e-04,-8.022157e-04,-7.622065e-04,-7.222643e-04,-6.518185e-04,-5.359368e-04,-4.011233e-04,-2.678738e-04
5.303191e-05,-1.302956e-04,-1.439100e-03,1.278859e-02,1.781017e-02,2.283805e-02,2.768326e-02,3.163327e-02,3.401461e-02,3.148918e-02,2.747803e-02,2.280423e-02,1.841484e-02,1.460434e-02,1.164823e-02,9.618674e-03,8.468959e-03,8.042283e-03,8.119087e-03,8.448712e-03,8.889212e-03,9.321568e-03,9.686933e-03,9.932656e-03,1.006302e-02,1.005027e-02,9.913530e-03,9.686674e-03,9.398141e-03,9.077561e-03,8.755243e-03,8.457463e-03,8.185146e-03,7.932123e-03,7.685626e-03,7.437602e-03,-4.740837e-04,-3.640011e-04,-2.541318e-04,-1.430829e-04,-3.393335e-05,1.119464e-04,3.001854e-04,4.580958e-04,5.594065e-04,6.290895e-04,6.651592e-04,6.563860e-04,6.057104e-04,5.330910e-04,4.526431e-04,3.680392e-04,2.844097e-04,2.066158e-04,1.385533e-04,8.259898e-05,4.334617e-05,2.559792e-05,2.690601e-05,4.357162e-05,7.318086e-05,1.132020e-04,1.611279e-04,2.144713e-04,2.706412e-04,3.276816e-04,3.859673e-04,4.449971e-04,5.038621e-04,-3.667128e-04,-3.289389e-04,-2.896694e-04,-2.787789e-04,-2.923826e-04,-2.768137e-04,-2.220617e-04,-1.316526e-04,-5.382569e-06,1.145602e-04,2.090442e-04,2.719863e-04,3.172966e-04,3.553977e-04,3.846119e-04,4.054952e-04,4.216613e-04,4.361509e-04,4.484638e-04,4.565701e-04,4.601747e-04,4.586846e-04,4.530372e-04,4.461741e-04,4.396962e-04,4.353505e-04,4.347926e-04,4.398984e-04,4.517328e-04,4.675073e-04,4.851888e-04,5.032659e-04,5.212342e-04,2.543035e-04,2.347498e-04,2.153343e-04,1.948409e-04,1.756770e-04,1.370060e-04,7.740566e-05,3.083130e-05,1.331893e-05,1.371546e-05,4.005653e-05,1.060933e-04,2.060167e-04,2.962160e-04,3.467178e-04,3.627288e-04,3.500846e-04,3.135545e-04,2.607700e-04,2.071354e-04,1.524878e-04,8.709586e-05,2.332753e-05,-2.050821e-05,-3.506443e-05,-9.611691e-06,6.636831e-05,2.028559e-04,4.121937e-04,6.902515e-04,9.973833e-04,1.304586e-03,1.611595e-03,-1.100113e-03,-1.160399e-03,-1.222463e-03,-1.254189e-03,-1.250652e-03,-1.243911e-03,-1.240314e-03,-1.241414e-03,-1.255287e-03,-1.255661e-03,-1.238772e-03,-1.205669e-03,-1.182543e-03,-1.182492e-03,-1.173014e-03,-1.140712e-03,-1.095100e-03,-1.061311e-03,-1.034667e-03,-1.002436e-03,-9.646833e-04,-9.183259e-04,-8.666781e-04,-8.212364e-04,-7.793513e-04,-7.404966e-04,-7.035991e-04,-6.676497e-04,-6.318828e-04,-5.658340e-04,-4.546851e-04,-3.248900e-04,-1.966355e-04
6.773226e-05,-1.056910e-04,-1.420249e-03,5.677418e-03,1.119198e-02,1.670992e-02,2.215307e-02,2.731371e-02,3.148918e-02,3.395585e-02,3.142204e-02,2.730281e-02,2.253739e-02,1.790422e-02,1.396233e-02,1.101174e-02,9.136143e-03,8.207396e-03,7.966348e-03,8.119858e-03,8.487646e-03,8.912817e-03,9.304919e-03,9.590751e-03,9.763247e-03,9.788046e-03,9.682833e-03,9.482961e-03,9.217968e-03,8.918705e-03,8.616595e-03,8.339339e-03,8.090109e-03,7.861446e-03,7.639009e-03,7.415095e-03,-3.084158e-04,-1.168361e-04,7.459325e-05,2.667614e-04,4.571845e-04,6.734812e-04,9.136866e-04,1.100594e-03,1.205847e-03,1.262118e-03,1.266420e-03,1.203455e-03,1.079127e-03,9.278960e-04,7.734250e-04,6.196323e-04,4.725814e-04,3.378474e-04,2.201485e-04,1.224646e-04,4.882772e-05,2.709376e-06,-1.895421e-05,-2.033796e-05,-4.623898e-06,2.492765e-05,6.506865e-05,1.125803e-04,1.641155e-04,2.170402e-04,2.714284e-04,3.265383e-04,3.814883e-04,1.007261e-04,7.895932e-05,5.776370e-05,2.502725e-05,-1.056024e-05,-5.136459e-06,4.671174e-05,1.379287e-04,2.656560e-04,3.757509e-04,4.448710e-04,4.674782e-04,4.693661e-04,4.695168e-04,4.634817e-04,4.516148e-04,4.382654e-04,4.266011e-04,4.166623e-04,4.067072e-04,3.959247e-04,3.833984e-04,3.695725e-04,3.566999e-04,3.460143e-04,3.388494e-04,3.364626e-04,3.403169e-04,3.511089e-04,3.658498e-04,3.824260e-04,3.993821e-04,4.162297e-04,4.093465e-04,3.698347e-04,3.304447e-04,2.900198e-04,2.503459e-04,1.936581e-04,1.201352e-04,6.412792e-05,4.200224e-05,4.029199e-05,6.789611e-05,1.400073e-04,2.499506e-04,3.504814e-04,4.093631e-04,4.320676e-04,4.244961e-04,3.916102e-04,3.410975e-04,2.882048e-04,2.330257e-04,1.663425e-04,1.003996e-04,5.331830e-05,3.445909e-05,5.453067e-05,1.240381e-04,2.529529e-04,4.535838e-04,7.220463e-04,1.019142e-03,1.316358e-03,1.613380e-03,-8.783613e-04,-9.383703e-04,-9.997460e-04,-1.037935e-03,-1.049636e-03,-1.062269e-03,-1.079659e-03,-1.101572e-03,-1.134869e-03,-1.148881e-03,-1.139900e-03,-1.109454e-03,-1.086583e-03,-1.086796e-03,-1.076431e-03,-1.042209e-03,-9.942318e-04,-9.577145e-04,-9.286615e-04,-8.949765e-04,-8.569324e-04,-8.115361e-04,-7.620254e-04,-7.195343e-04,-6.812753e-04,-6.465560e-04,-6.141486e-04,-5.828731e-04,-5.518457e-04,-4.908488e-04,-3.852573e-04,-2.613622e-04,-1.389796e-04
7.577360e-05,-8.557184e-05,-1.393109e-03,2.186957e-03,7.280187e-03,1.236838e-02,1.747226e-02,2.257731e-02,2.747803e-02,3.142204e-02,3.364899e-02,3.087015e-02,2.658302e-02,2.149002e-02,1.672383e-02,1.286434e-02,1.020538e-02,8.682748e-03,8.022633e-03,7.906523e-03,8.125878e-03,8.487704e-03,8.868578e-03,9.171074e-03,9.371693e-03,9.426867e-03,9.351809e-03,9.182135e-03,8.947312e-03,8.678226e-03,8.406237e-03,8.159286e-03,7.942593e-03,7.747746e-03,7.558937e-03,7.368696e-03,-2.222340e-05,2.149123e-04,4.519516e-04,6.894037e-04,9.254351e-04,1.178008e-03,1.439650e-03,1.637118e-03,1.740039e-03,1.783644e-03,1.760666e-03,1.648822e-03,1.454941e-03,1.230120e-03,1.008928e-03,7.949864e-04,5.947641e-04,4.140315e-04,2.577571e-04,1.288477e-04,3.031042e-05,-3.595900e-05,-7.358494e-05,-8.703565e-05,-8.009647e-05,-5.658663e-05,-2.032597e-05,2.490208e-05,7.516995e-05,1.272816e-04,1.810448e-04,2.355092e-04,2.898185e-04,3.393650e-04,3.308429e-04,3.223241e-04,3.122391e-04,3.104428e-04,3.495174e-04,4.298221e-04,5.408851e-04,6.769608e-04,7.758896e-04,8.127050e-04,7.842965e-04,7.315561e-04,6.839966e-04,6.328968e-04,5.778884e-04,5.245949e-04,4.772501e-04,4.364593e-04,4.006948e-04,3.686941e-04,3.392689e-04,3.123586e-04,2.893648e-04,2.710169e-04,2.580905e-04,2.513027e-04,2.515591e-04,2.590509e-04,2.705653e-04,2.838797e-04,2.975752e-04,3.111621e-04,4.947939e-04,4.404751e-04,3.862592e-04,3.310943e-04,2.763510e-04,2.073162e-04,1.255585e-04,6.391252e-05,3.891933e-05,3.596474e-05,6.538628e-05,1.442230e-04,2.652756e-04,3.770712e-04,4.447494e-04,4.742131e-04,4.715769e-04,4.421004e-04,3.936162e-04,3.413062e-04,2.856605e-04,2.181093e-04,1.507396e-04,1.013390e-04,7.917673e-05,9.483060e-05,1.586824e-04,2.805891e-04,4.727020e-04,7.313571e-04,1.018053e-03,1.304897e-03,1.591552e-03,-6.324931e-04,-7.039467e-04,-7.764848e-04,-8.305638e-04,-8.639081e-04,-8.995063e-04,-9.393539e-04,-9.818653e-04,-1.032541e-03,-1.057695e-03,-1.054200e-03,-1.024279e-03,-1.000400e-03,-1.000772e-03,-9.898245e-04,-9.540794e-04,-9.041852e-04,-8.655327e-04,-8.347330e-04,-8.002737e-04,-7.625564e-04,-7.186777e-04,-6.717585e-04,-6.324814e-04,-5.979540e-04,-5.673309e-04,-5.392462e-04,-5.123690e-04,-4.857041e-04,-4.295189e-04,-3.294821e-04,-2.115598e-04,-9.511608e-05
7.840003e-05,-7.094306e-05,-1.359715e-03,1.100303e-03,5.315187e-03,9.522396e-03,1.378009e-02,1.821170e-02,2.280423e-02,2.730281e-02,3.087015e-02,3.276911e-02,2.974830e-02,2.504646e-02,1.981803e-02,1.522133e-02,1.179777e-02,9.619104e-03,8.436336e-03,7.938301e-03,7.907722e-03,8.123802e-03,8.432521e-03,8.710023e-03,8.911503e-03,8.981005e-03,8.929322e-03,8.790402e-03,8.591728e-03,8.362304e-03,8.131518e-03,7.925604e-03,7.751289e-03,7.599812e-03,7.454262e-03,7.307324e-03,-1.094260e-05,2.640387e-04,5.389650e-04,8.140937e-04,1.088189e-03,1.371630e-03,1.653640e-03,1.870208e-03,1.990714e-03,2.046139e-03,2.021622e-03,1.885733e-03,1.644157e-03,1.366716e-03,1.100361e-03,8.479687e-04,6.158897e-04,4.096101e-04,2.337621e-04,9.043537e-05,-1.867325e-05,-9.321200e-05,-1.371291e-04,-1.548562e-04,-1.504805e-04,-1.280731e-04,-9.171927e-05,-4.546427e-05,6.501323e-06,6.063929e-05,1.165579e-04,1.731589e-04,2.296095e-04,5.833003e-04,6.316915e-04,6.797976e-04,7.306860e-04,7.919188e-04,8.840955e-04,1.001856e-03,1.130925e-03,1.261785e-03,1.331031e-03,1.315900e-03,1.217704e-03,1.094525e-03,9.872620e-04,8.803660e-04,7.714282e-04,6.677465e-04,5.757901e-04,4.965726e-04,4.284744e-04,3.697983e-04,3.190512e-04,2.755933e-04,2.397954e-04,2.117353e-04,1.914768e-04,1.790448e-04,1.746341e-04,1.777823e-04,1.850598e-04,1.941237e-04,2.035795e-04,2.129269e-04,5.270157e-04,4.631986e-04,3.994664e-04,3.348799e-04,2.705471e-04,1.944030e-04,1.089893e-04,4.443031e-05,1.676020e-05,1.204456e-05,4.265403e-05,1.277143e-04,2.599488e-04,3.830698e-04,4.591798e-04,4.947551e-04,4.962809e-04,4.694238e-04,4.222766e-04,3.701138e-04,3.139307e-04,2.458691e-04,1.778106e-04,1.270772e-04,1.027468e-04,1.151608e-04,1.744727e-04,2.903241e-04,4.745918e-04,7.237959e-04,1.000332e-03,1.277028e-03,1.553539e-03,-3.847366e-04,-4.776000e-04,-5.713685e-04,-6.493740e-04,-7.095330e-04,-7.706598e-04,-8.332654e-04,-8.945815e-04,-9.583933e-04,-9.905875e-04,-9.893006e-04,-9.576116e-04,-9.318309e-04,-9.328797e-04,-9.221936e-04,-8.855397e-04,-8.340955e-04,-7.937422e-04,-7.616157e-04,-7.266968e-04,-6.894891e-04,-6.471992e-04,-6.028119e-04,-5.664968e-04,-5.352882e-04,-5.082033e-04,-4.837573e-04,-4.604894e-04,-4.373020e-04,-3.851511e-04,-2.900806e-04,-1.775916e-04,-6.654352e-05
7.757346e-05,-6.407491e-05,-1.321476e-03,1.517177e-03,4.701975e-03,7.877856e-03,1.111482e-02,1.458547e-02,1.841484e-02,2.253739e-02,2.658302e-02,2.974830e-02,3.130540e-02,2.778627e-02,2.295709e-02,1.799377e-02,1.396752e-02,1.113256e-02,9.346580e-03,8.350909e-03,7.950504e-03,7.913798e-03,8.064831e-03,8.253843e-03,8.410316e-03,8.463366e-03,8.417891e-03,8.303650e-03,8.143781e-03,7.963001e-03,7.786333e-03,7.635902e-03,7.518064e-03,7.423140e-03,7.333763e-03,7.243061e-03,1.138147e-04,3.968493e-04,6.798584e-04,9.629432e-04,1.245359e-03,1.532018e-03,1.810517e-03,2.027247e-03,2.151587e-03,2.204263e-03,2.163313e-03,1.990583e-03,1.691621e-03,1.356881e-03,1.047076e-03,7.632510e-04,5.102735e-04,2.920883e-04,1.115786e-04,-3.154582e-05,-1.376488e-04,-2.081403e-04,-2.473099e-04,-2.594213e-04,-2.486737e-04,-2.192042e-04,-1.751758e-04,-1.207098e-04,-6.006777e-05,3.018522e-06,6.796717e-05,1.335686e-04,1.990260e-04,6.770791e-04,7.812142e-04,8.849645e-04,9.925716e-04,1.108813e-03,1.244713e-03,1.390776e-03,1.530479e-03,1.651559e-03,1.696252e-03,1.644929e-03,1.501734e-03,1.338700e-03,1.204599e-03,1.072413e-03,9.347534e-04,8.008549e-04,6.810256e-04,5.768024e-04,4.864598e-04,4.084255e-04,3.413659e-04,2.844870e-04,2.373939e-04,1.997197e-04,1.710261e-04,1.508548e-04,1.388993e-04,1.342508e-04,1.335455e-04,1.345228e-04,1.358628e-04,1.370976e-04,5.253415e-04,4.551014e-04,3.849305e-04,3.140015e-04,2.432888e-04,1.628818e-04,7.599921e-05,9.934466e-06,-1.983880e-05,-2.463659e-05,9.568838e-06,1.030598e-04,2.482097e-04,3.834472e-04,4.674730e-04,5.076693e-04,5.112857e-04,4.847094e-04,4.366079e-04,3.827067e-04,3.246819e-04,2.554340e-04,1.865955e-04,1.348962e-04,1.091107e-04,1.192295e-04,1.750635e-04,2.859260e-04,4.632993e-04,7.038122e-04,9.708980e-04,1.238159e-03,1.505239e-03,-2.046949e-04,-3.136850e-04,-4.234783e-04,-5.188800e-04,-5.978338e-04,-6.759609e-04,-7.530151e-04,-8.257731e-04,-8.967832e-04,-9.343884e-04,-9.375967e-04,-9.092978e-04,-8.884324e-04,-8.973285e-04,-8.928200e-04,-8.590320e-04,-8.078948e-04,-7.665530e-04,-7.328690e-04,-6.964400e-04,-6.581339e-04,-6.154985e-04,-5.715213e-04,-5.358830e-04,-5.055872e-04,-4.795483e-04,-4.561989e-04,-4.339881e-04,-4.117392e-04,-3.612508e-04,-2.689976e-04,-1.598281e-04,-5.205813e-05
7.146013e-05,-7.226081e-05,-1.286827e-03,2.869394e-03,5.017286e-03,7.156409e-03,9.351913e-03,1.177743e-02,1.460434e-02,1.790422e-02,2.149002e-02,2.504646e-02,2.778627e-02,2.885103e-02,2.530408e-02,2.090757e-02,1.668501e-02,1.336817e-02,1.097562e-02,9.390832e-03,8.488952e-03,8.063292e-03,7.937257e-03,7.942395e-03,7.980098e-03,7.963493e-03,7.890445e-03,7.782886e-03,7.656318e-03,7.527781e-03,7.414594e-03,7.331338e-03,7.280864e-03,7.251943e-03,7.227937e-03,7.202684e-03,4.475639e-04,6.806800e-04,9.137896e-04,1.146909e-03,1.379659e-03,1.613502e-03,1.836302e-03,2.005571e-03,2.092137e-03,2.104863e-03,2.017693e-03,1.790267e-03,1.428894e-03,1.042535e-03,7.043080e-04,4.116469e-04,1.656043e-04,-3.354677e-05,-1.870364e-04,-3.000180e-04,-3.759194e-04,-4.179285e-04,-4.306280e-04,-4.179005e-04,-3.836523e-04,-3.317010e-04,-2.658957e-04,-1.900471e-04,-1.080882e-04,-2.360878e-05,6.270290e-05,1.496297e-04,2.364199e-04,6.066141e-04,7.354297e-04,8.638794e-04,9.954981e-04,1.133150e-03,1.281879e-03,1.431116e-03,1.565061e-03,1.671354e-03,1.703486e-03,1.646505e-03,1.505771e-03,1.358756e-03,1.254705e-03,1.149950e-03,1.028346e-03,9.011818e-04,7.846672e-04,6.808439e-04,5.877871e-04,5.049906e-04,4.320324e-04,3.687188e-04,3.144828e-04,2.689033e-04,2.314523e-04,2.015934e-04,1.789305e-04,1.625021e-04,1.494445e-04,1.378749e-04,1.265938e-04,1.152144e-04,4.727754e-04,4.025218e-04,3.323232e-04,2.614902e-04,1.910329e-04,1.127097e-04,3.009617e-05,-3.227498e-05,-5.969239e-05,-6.018286e-05,-1.915895e-05,8.354096e-05,2.400244e-04,3.840897e-04,4.713641e-04,5.106068e-04,5.104237e-04,4.783655e-04,4.241488e-04,3.645407e-04,3.020431e-04,2.301647e-04,1.602493e-04,1.083558e-04,8.281971e-05,9.315385e-05,1.486977e-04,2.583071e-04,4.329456e-04,6.691689e-04,9.313574e-04,1.193736e-03,1.455935e-03,-1.454732e-04,-2.629469e-04,-3.811801e-04,-4.854447e-04,-5.737201e-04,-6.595082e-04,-7.425774e-04,-8.199882e-04,-8.936995e-04,-9.363335e-04,-9.473486e-04,-9.288546e-04,-9.206677e-04,-9.446551e-04,-9.517095e-04,-9.233604e-04,-8.726734e-04,-8.292784e-04,-7.919150e-04,-7.507983e-04,-7.075183e-04,-6.602543e-04,-6.122127e-04,-5.727252e-04,-5.387929e-04,-5.092657e-04,-4.825267e-04,-4.569771e-04,-4.313726e-04,-3.783338e-04,-2.847154e-04,-1.745922e-04,-6.583320e-05
5.936707e-05,-9.901943e-05,-1.262006e-03,4.587319e-03,5.829398e-03,7.063322e-03,8.343867e-03,9.816743e-03,1.164823e-02,1.396233e-02,1.672383e-02,1.981803e-02,2.295709e-02,2.530408e-02,2.646492e-02,2.348865e-02,1.992730e-02,1.644772e-02,1.354421e-02,1.130198e-02,9.755643e-03,8.773733e-03,8.215464e-03,7.907825e-03,7.723812e-03,7.561119e-03,7.409757e-03,7.278855e-03,7.171873e-03,7.093605e-03,7.049182e-03,7.040976e-03,7.064262e-03,7.106087e-03,7.152220e-03,7.197177e-03,9.568844e-04,1.054935e-03,1.152988e-03,1.251027e-03,1.348898e-03,1.446531e-03,1.534096e-03,1.581002e-03,1.563096e-03,1.481460e-03,1.311502e-03,1.017182e-03,6.051965e-04,1.952902e-04,-1.319479e-04,-3.851833e-04,-5.704776e-04,-6.942349e-04,-7.651228e-04,-7.965981e-04,-7.964025e-04,-7.692436e-04,-7.197857e-04,-6.511306e-04,-5.661546e-04,-4.676552e-04,-3.584566e-04,-2.413554e-04,-1.192307e-04,5.080101e-06,1.309896e-04,2.574767e-04,3.838343e-04,4.310642e-04,5.388460e-04,6.463366e-04,7.556905e-04,8.692708e-04,9.899936e-04,1.109858e-03,1.217273e-03,1.303171e-03,1.335513e-03,1.305945e-03,1.220979e-03,1.152545e-03,1.140645e-03,1.120318e-03,1.062837e-03,9.817708e-04,9.018659e-04,8.253848e-04,7.498695e-04,6.770628e-04,6.083491e-04,5.450718e-04,4.872530e-04,4.348226e-04,3.876079e-04,3.454273e-04,3.082371e-04,2.754387e-04,2.451415e-04,2.161284e-04,1.873188e-04,1.584207e-04,3.562374e-04,2.953197e-04,2.344425e-04,1.731137e-04,1.126071e-04,4.591347e-05,-2.333627e-05,-7.324283e-05,-9.037280e-05,-8.022600e-05,-2.921384e-05,8.112154e-05,2.431787e-04,3.882455e-04,4.700137e-04,4.990724e-04,4.860320e-04,4.400820e-04,3.725543e-04,3.020331e-04,2.319280e-04,1.559861e-04,8.517616e-05,3.481921e-05,1.264461e-05,2.753711e-05,8.821077e-05,2.029070e-04,3.819281e-04,6.214997e-04,8.866976e-04,1.152088e-03,1.417295e-03,-2.304509e-04,-3.466093e-04,-4.635213e-04,-5.662695e-04,-6.528935e-04,-7.358013e-04,-8.155582e-04,-8.902537e-04,-9.621471e-04,-1.008976e-03,-1.030757e-03,-1.029238e-03,-1.042763e-03,-1.090154e-03,-1.115172e-03,-1.095650e-03,-1.046120e-03,-1.000177e-03,-9.573926e-04,-9.084060e-04,-8.559644e-04,-7.992233e-04,-7.419152e-04,-6.932790e-04,-6.503452e-04,-6.119551e-04,-5.764895e-04,-5.423601e-04,-5.082766e-04,-4.475571e-04,-3.473167e-04,-2.308090e-04,-1.156437e-04
4.457352e-05,-1.331092e-04,-1.254846e-03,6.308659e-03,6.843100e-03,7.370205e-03,7.932180e-03,8.637270e-03,9.618674e-03,1.101174e-02,1.286434e-02,1.522133e-02,1.799377e-02,2.090757e-02,2.348865e-02,2.532492e-02,2.320353e-02,2.033251e-02,1.715870e-02,1.428949e-02,1.198474e-02,1.027779e-02,9.108995e-03,8.329064e-03,7.789629e-03,7.377318e-03,7.074843e-03,6.872858e-03,6.757980e-03,6.717708e-03,6.740055e-03,6.810031e-03,6.911578e-03,7.029760e-03,7.152758e-03,7.274569e-03,1.527818e-03,1.421985e-03,1.316158e-03,1.210321e-03,1.104432e-03,9.981663e-04,8.848086e-04,7.450183e-04,5.624087e-04,3.362755e-04,5.005865e-05,-3.208590e-04,-7.663569e-04,-1.166573e-03,-1.441337e-03,-1.607222e-03,-1.679857e-03,-1.674449e-03,-1.609797e-03,-1.511178e-03,-1.391711e-03,-1.256965e-03,-1.111634e-03,-9.577966e-04,-7.965470e-04,-6.289689e-04,-4.561498e-04,-2.791729e-04,-9.913411e-05,8.245074e-05,2.652841e-04,4.486895e-04,6.319671e-04,2.214268e-04,3.170456e-04,4.124660e-04,5.082218e-04,6.067306e-04,7.108629e-04,8.165397e-04,9.174279e-04,1.008897e-03,1.071855e-03,1.102248e-03,1.105136e-03,1.138681e-03,1.228874e-03,1.293032e-03,1.291847e-03,1.244073e-03,1.187721e-03,1.125191e-03,1.052611e-03,9.747636e-04,8.952634e-04,8.175238e-04,7.425667e-04,6.705277e-04,6.015123e-04,5.355969e-04,4.730040e-04,4.133903e-04,3.558592e-04,2.997669e-04,2.439426e-04,1.880330e-04,2.003732e-04,1.547995e-04,1.092509e-04,6.348270e-05,1.923344e-05,-2.960460e-05,-7.934293e-05,-1.101755e-04,-1.101380e-04,-8.344992e-05,-1.905779e-05,9.825652e-05,2.605655e-04,3.993201e-04,4.681106e-04,4.795139e-04,4.464820e-04,3.800476e-04,2.935661e-04,2.083047e-04,1.285701e-04,4.776634e-05,-2.353991e-05,-7.069739e-05,-8.666420e-05,-6.323940e-05,7.604478e-06,1.334298e-04,3.238325e-04,5.745206e-04,8.508187e-04,1.127274e-03,1.403545e-03,-3.677132e-04,-4.799215e-04,-5.928994e-04,-6.911346e-04,-7.727416e-04,-8.498899e-04,-9.244250e-04,-9.958820e-04,-1.067505e-03,-1.121679e-03,-1.158323e-03,-1.178490e-03,-1.217062e-03,-1.288471e-03,-1.330422e-03,-1.317242e-03,-1.265579e-03,-1.214744e-03,-1.164663e-03,-1.105639e-03,-1.041716e-03,-9.730908e-04,-9.042123e-04,-8.444900e-04,-7.909000e-04,-7.422373e-04,-6.968299e-04,-6.530554e-04,-6.095208e-04,-5.399118e-04,-4.313982e-04,-3.066365e-04,-1.832143e-04
2.995073e-05,-1.657453e-04,-1.267335e-03,7.793548e-03,7.843258e-03,7.886435e-03,7.952708e-03,8.115053e-03,8.468959e-03,9.136143e-03,1.020538e-02,1.179777e-02,1.396752e-02,1.668501e-02,1.992730e-02,2.320353e-02,2.581108e-02,2.423897e-02,2.151393e-02,1.824294e-02,1.522485e-02,1.270584e-02,1.077868e-02,9.363762e-03,8.323592e-03,7.544415e-03,7.001552e-03,6.663163e-03,6.495584e-03,6.465414e-03,6.540019e-03,6.683370e-03,6.865166e-03,7.065923e-03,7.273033e-03,7.478844e-03,1.878954e-03,1.612551e-03,1.346154e-03,1.079768e-03,8.133912e-04,5.470207e-04,2.764184e-04,-9.593388e-06,-3.207965e-04,-6.573532e-04,-1.026716e-03,-1.441353e-03,-1.888249e-03,-2.257195e-03,-2.473500e-03,-2.558011e-03,-2.532886e-03,-2.418689e-03,-2.241847e-03,-2.038964e-03,-1.826475e-03,-1.608304e-03,-1.389244e-03,-1.170835e-03,-9.524980e-04,-7.337693e-04,-5.141500e-04,-2.931673e-04,-7.027885e-05,1.541025e-04,3.796868e-04,6.058803e-04,8.319410e-04,3.755070e-05,1.636733e-04,2.896844e-04,4.145004e-04,5.404483e-04,6.708460e-04,8.045692e-04,9.390931e-04,1.073017e-03,1.195900e-03,1.304736e-03,1.400390e-03,1.521645e-03,1.678479e-03,1.780879e-03,1.786474e-03,1.723742e-03,1.649265e-03,1.565934e-03,1.466704e-03,1.358767e-03,1.246963e-03,1.136157e-03,1.028390e-03,9.235682e-04,8.217146e-04,7.227838e-04,6.268912e-04,5.335660e-04,4.425647e-04,3.535304e-04,2.649691e-04,1.763137e-04,6.075208e-05,2.902886e-05,-2.678769e-06,-3.443425e-05,-6.411346e-05,-9.739123e-05,-1.305290e-04,-1.449958e-04,-1.299609e-04,-8.918267e-05,-1.442555e-05,1.062427e-04,2.646462e-04,3.948469e-04,4.515177e-04,4.481154e-04,3.990881e-04,3.163931e-04,2.148416e-04,1.186047e-04,3.239567e-05,-5.150261e-05,-1.226376e-04,-1.665770e-04,-1.767325e-04,-1.453156e-04,-6.472239e-05,7.218917e-05,2.745934e-04,5.377474e-04,8.267903e-04,1.115944e-03,1.404910e-03,-4.828090e-04,-5.965800e-04,-7.111467e-04,-8.102004e-04,-8.919251e-04,-9.687904e-04,-1.043841e-03,-1.117873e-03,-1.195147e-03,-1.261262e-03,-1.315206e-03,-1.356905e-03,-1.416516e-03,-1.503596e-03,-1.553083e-03,-1.537602e-03,-1.476785e-03,-1.417205e-03,-1.358553e-03,-1.289507e-03,-1.214904e-03,-1.135437e-03,-1.056079e-03,-9.866358e-04,-9.239341e-04,-8.666796e-04,-8.130909e-04,-7.614562e-04,-7.102323e-04,-6.330664e-04,-5.169909e-04,-3.844615e-04,-2.532875e-04
