2.727665e-04,2.491247e-06,4.429712e-06,-5.651338e-05,-5.271382e-05,-4.829617e-05,-4.302887e-05,-4.333984e-05,-4.345919e-05,-4.259630e-05,-4.225964e-05,-3.935461e-05,-3.357313e-05,-3.069083e-05,-3.227779e-05,-3.525953e-05,-4.342686e-05,-4.978707e-05,-5.383604e-05,-5.364803e-05,-5.231286e-05,-4.871357e-05,-4.397845e-05,-4.183117e-05,-3.856495e-05,-3.756514e-05,-3.356742e-05,-2.690155e-05,-2.487180e-05,-2.915333e-05,-3.887612e-05,-5.658364e-05,-7.379557e-05,-9.364261e-05,-1.091897e-04,-1.250060e-04,-1.042775e-03,-1.039698e-03,-1.036617e-03,-1.033164e-03,-1.029640e-03,-1.026523e-03,-1.023836e-03,-1.021503e-03,-1.018994e-03,-1.016887e-03,-1.015445e-03,-1.014994e-03,-1.016087e-03,-1.017655e-03,-1.019721e-03,-1.022313e-03,-1.024877e-03,-1.027422e-03,-1.029710e-03,-1.030928e-03,-1.031318e-03,-1.030923e-03,-1.029404e-03,-1.026353e-03,-1.022406e-03,-1.017981e-03,-1.013567e-03,-1.009615e-03,-1.005520e-03,-1.001479e-03,-9.983285e-04,-9.951029e-04,-9.918866e-04,-5.151950e-05,-4.616645e-05,-4.080923e-05,-3.507800e-05,-2.925997e-05,-2.384184e-05,-1.874523e-05,-1.421161e-05,-1.082777e-05,-8.065390e-06,-5.663184e-06,-3.447626e-06,-2.150266e-06,-2.060188e-06,-2.564034e-06,-3.899434e-06,-5.883320e-06,-8.117800e-06,-1.044131e-05,-1.328125e-05,-1.601036e-05,-1.829235e-05,-1.983027e-05,-2.015444e-05,-1.983510e-05,-1.928073e-05,-1.862150e-05,-1.714467e-05,-1.470997e-05,-1.206576e-05,-8.983529e-06,-5.247897e-06,-1.550220e-06,1.305812e-03,1.268928e-03,1.232151e-03,1.194041e-03,1.155232e-03,1.116747e-03,1.078863e-03,1.041860e-03,1.005115e-03,9.714972e-04,9.431927e-04,9.231347e-04,9.137154e-04,9.131187e-04,9.211284e-04,9.368839e-04,9.561784e-04,9.760346e-04,9.933230e-04,1.004268e-03,1.008635e-03,1.005922e-03,9.951679e-04,9.756956e-04,9.505887e-04,9.223500e-04,8.940066e-04,8.674283e-04,8.409971e-04,8.156530e-04,7.934548e-04,7.723176e-04,7.510625e-04,-1.950974e-04,-1.590247e-04,-1.228876e-04,-8.765368e-05,-5.379953e-05,-2.260659e-05,4.057198e-06,2.447403e-05,3.903145e-05,4.876131e-05,5.653384e-05,6.459506e-05,7.214482e-05,7.892330e-05,8.595906e-05,9.103662e-05,9.247397e-05,8.966009e-05,8.168919e-05,6.954214e-05,5.430020e-05,3.851527e-05,2.479357e-05,1.367807e-05,4.936014e-06,-3.622474e-06,-1.388303e-05,-2.539398e-05,-3.892845e-05,-5.652798e-05,-7.689512e-05,-9.757519e-05,-1.182133e-04
2.491247e-06,2.354889e-04,8.175840e-06,-9.739351e-05,-9.327711e-05,-8.858094e-05,-8.137663e-05,-7.848972e-05,-7.566870e-05,-7.408151e-05,-7.040648e-05,-6.542703e-05,-6.305857e-05,-6.097181e-05,-6.300299e-05,-6.441134e-05,-6.574649e-05,-6.609075e-05,-6.794015e-05,-7.095603e-05,-7.202498e-05,-7.355845e-05,-7.392077e-05,-7.200390e-05,-7.053638e-05,-7.164213e-05,-6.905363e-05,-6.155069e-05,-5.732126e-05,-5.122943e-05,-4.686434e-05,-4.490939e-05,-4.894799e-05,-5.615553e-05,-5.763540e-05,-5.894836e-05,-4.386387e-05,-4.115924e-05,-3.844317e-05,-3.520100e-05,-3.151576e-05,-2.771829e-05,-2.369222e-05,-1.961262e-05,-1.608672e-05,-1.278671e-05,-9.509486e-06,-6.120542e-06,-3.149509e-06,-8.421618e-07,1.134133e-06,2.272689e-06,2.337174e-06,1.624729e-06,2.552654e-07,-1.974384e-06,-4.349701e-06,-6.523617e-06,-8.233208e-06,-9.317002e-06,-1.055092e-05,-1.278500e-05,-1.675855e-05,-2.231260e-05,-2.933038e-05,-3.814410e-05,-4.821271e-05,-5.834525e-05,-6.846074e-05,-8.390299e-04,-8.430519e-04,-8.470629e-04,-8.505419e-04,-8.535719e-04,-8.564452e-04,-8.591207e-04,-8.614292e-04,-8.627782e-04,-8.635349e-04,-8.640054e-04,-8.638487e-04,-8.631039e-04,-8.623552e-04,-8.615960e-04,-8.605282e-04,-8.596509e-04,-8.592002e-04,-8.589061e-04,-8.582553e-04,-8.575922e-04,-8.569681e-04,-8.561022e-04,-8.549417e-04,-8.542693e-04,-8.551629e-04,-8.568832e-04,-8.588696e-04,-8.611729e-04,-8.630119e-04,-8.640134e-04,-8.640134e-04,-8.639972e-04,-1.487825e-04,-1.200151e-04,-9.119237e-05,-6.302235e-05,-3.607572e-05,-1.138151e-05,9.691880e-06,2.584136e-05,3.749397e-05,4.544343e-05,5.140436e-05,5.670544e-05,6.084222e-05,6.408802e-05,6.788191e-05,7.124754e-05,7.293624e-05,7.231229e-05,6.859784e-05,6.188785e-05,5.232135e-05,4.150193e-05,3.103417e-05,2.134446e-05,1.226707e-05,2.024557e-06,-1.081321e-05,-2.567751e-05,-4.249482e-05,-6.191582e-05,-8.259302e-05,-1.031700e-04,-1.237425e-04,1.108088e-03,1.072937e-03,1.037850e-03,1.001587e-03,9.655071e-04,9.305453e-04,8.966542e-04,8.637955e-04,8.315315e-04,8.030200e-04,7.810277e-04,7.660865e-04,7.574198e-04,7.565369e-04,7.625063e-04,7.736722e-04,7.901913e-04,8.090009e-04,8.266889e-04,8.388895e-04,8.450598e-04,8.448851e-04,8.375980e-04,8.221343e-04,8.012853e-04,7.783712e-04,7.544647e-04,7.304778e-04,7.092723e-04,6.894382e-04,6.681645e-04,6.455392e-04,6.229969e-04
4.429712e-06,8.175840e-06,5.701443e-05,-4.965963e-04,-4.993437e-04,-5.025551e-04,-4.985946e-04,-4.925715e-04,-4.874613e-04,-4.812343e-04,-4.719197e-04,-4.524966e-04,-4.329388e-04,-4.154775e-04,-4.007639e-04,-3.916753e-04,-3.906926e-04,-3.982994e-04,-4.119200e-04,-4.296079e-04,-4.496474e-04,-4.690516e-04,-4.773062e-04,-4.805925e-04,-4.800692e-04,-4.745846e-04,-4.573144e-04,-4.377602e-04,-4.208104e-04,-4.067167e-04,-3.959971e-04,-3.897485e-04,-3.866704e-04,-3.862700e-04,-3.836355e-04,-3.809687e-04,-5.877848e-05,-5.872595e-05,-5.869488e-05,-5.802245e-05,-5.591928e-05,-5.221970e-05,-4.720819e-05,-4.116382e-05,-3.507706e-05,-2.983473e-05,-2.553697e-05,-2.223727e-05,-1.980145e-05,-1.844347e-05,-1.815626e-05,-1.897889e-05,-2.066983e-05,-2.324085e-05,-2.661344e-05,-2.991142e-05,-3.220598e-05,-3.328095e-05,-3.313802e-05,-3.242793e-05,-3.186350e-05,-3.156828e-05,-3.157903e-05,-3.185969e-05,-3.258710e-05,-3.372614e-05,-3.549556e-05,-3.727339e-05,-3.904794e-05,4.067744e-05,2.782170e-05,1.494414e-05,2.712437e-06,-8.088033e-06,-1.727786e-05,-2.517724e-05,-3.189767e-05,-3.691394e-05,-3.981357e-05,-4.093072e-05,-4.095357e-05,-4.024718e-05,-3.943696e-05,-3.855123e-05,-3.731215e-05,-3.534414e-05,-3.238801e-05,-2.837438e-05,-2.400040e-05,-2.002953e-05,-1.646923e-05,-1.329353e-05,-1.119147e-05,-1.087265e-05,-1.255907e-05,-1.566642e-05,-1.968097e-05,-2.389483e-05,-2.812134e-05,-3.219003e-05,-3.586587e-05,-3.954219e-05,8.831976e-06,1.753668e-05,2.629920e-05,3.449596e-05,4.102101e-05,4.562116e-05,4.820893e-05,4.861338e-05,4.751841e-05,4.536321e-05,4.158525e-05,3.565206e-05,2.785263e-05,2.003157e-05,1.459653e-05,1.286025e-05,1.448589e-05,1.875383e-05,2.507027e-05,3.191436e-05,3.765247e-05,4.159672e-05,4.297506e-05,4.178399e-05,3.781490e-05,2.991628e-05,1.699879e-05,-9.753560e-07,-2.238422e-05,-4.509242e-05,-6.758485e-05,-8.978464e-05,-1.120065e-04,1.991022e-05,2.727168e-05,3.469226e-05,4.141134e-05,4.640221e-05,4.991020e-05,5.237294e-05,5.424675e-05,5.474478e-05,5.329922e-05,5.025001e-05,4.646148e-05,4.404412e-05,4.471954e-05,4.809281e-05,5.196683e-05,5.470295e-05,5.605385e-05,5.566349e-05,5.422972e-05,5.265326e-05,5.072352e-05,4.820035e-05,4.588324e-05,4.455379e-05,4.409505e-05,4.352495e-05,4.041583e-05,3.288828e-05,2.088563e-05,6.026709e-06,-9.655633e-06,-2.526562e-05
-5.651338e-05,-9.739351e-05,-4.965963e-04,3.105238e-02,2.010579e-02,1.090227e-02,4.555629e-03,1.316351e-03,4.449237e-04,9.876438e-04,2.013755e-03,2.810260e-03,3.254882e-03,3.447705e-03,3.463843e-03,3.399611e-03,3.342689e-03,3.370308e-03,3.489527e-03,3.658380e-03,3.859820e-03,4.069445e-03,4.179494e-03,4.227958e-03,4.224678e-03,4.159077e-03,3.988150e-03,3.806537e-03,3.656218e-03,3.536812e-03,3.453003e-03,3.415798e-03,3.410652e-03,3.427778e-03,3.423089e-03,3.418234e-03,-7.542098e-03,-6.402872e-03,-5.259813e-03,-4.164221e-03,-3.201219e-03,-2.376899e-03,-1.674004e-03,-1.078294e-03,-5.944163e-04,-2.255097e-04,4.687976e-05,2.378071e-04,3.626783e-04,4.400576e-04,4.865106e-04,5.151473e-04,5.290157e-04,5.341096e-04,5.355659e-04,5.300348e-04,5.132911e-04,4.860696e-04,4.508895e-04,4.143957e-04,3.835957e-04,3.591519e-04,3.410613e-04,3.282657e-04,3.213294e-04,3.191982e-04,3.228566e-04,3.265527e-04,3.302254e-04,-4.294849e-03,-3.465969e-03,-2.633253e-03,-1.848138e-03,-1.195912e-03,-6.841225e-04,-2.958646e-04,-2.200439e-05,1.689097e-04,3.065205e-04,3.990020e-04,4.579816e-04,4.910663e-04,5.091835e-04,5.177639e-04,5.162484e-04,5.040052e-04,4.784675e-04,4.380963e-04,3.897353e-04,3.411523e-04,2.948194e-04,2.528543e-04,2.220812e-04,2.093130e-04,2.159727e-04,2.361232e-04,2.644680e-04,2.941714e-04,3.234243e-04,3.508322e-04,3.744569e-04,3.981004e-04,-5.615355e-05,-1.753723e-04,-2.956103e-04,-4.069481e-04,-4.910908e-04,-5.469389e-04,-5.769986e-04,-5.828217e-04,-5.695231e-04,-5.401008e-04,-4.925827e-04,-4.246856e-04,-3.407547e-04,-2.581354e-04,-1.989866e-04,-1.750244e-04,-1.826554e-04,-2.151938e-04,-2.670088e-04,-3.243892e-04,-3.729629e-04,-4.066957e-04,-4.187676e-04,-4.088282e-04,-3.750112e-04,-3.070270e-04,-1.952569e-04,-3.943829e-05,1.465001e-04,3.440258e-04,5.397013e-04,7.327857e-04,9.260654e-04,-2.501688e-04,-3.559003e-04,-4.626955e-04,-5.568972e-04,-6.174437e-04,-6.475966e-04,-6.555043e-04,-6.484906e-04,-6.271020e-04,-5.923599e-04,-5.476092e-04,-5.006601e-04,-4.693922e-04,-4.686723e-04,-4.947882e-04,-5.276987e-04,-5.527359e-04,-5.667891e-04,-5.656451e-04,-5.546457e-04,-5.415174e-04,-5.247302e-04,-5.024443e-04,-4.814931e-04,-4.689518e-04,-4.638693e-04,-4.575426e-04,-4.289088e-04,-3.618501e-04,-2.556199e-04,-1.241309e-04,1.472726e-05,1.529418e-04
-5.271382e-05,-9.327711e-05,-4.993437e-04,2.010579e-02,1.515979e-02,9.800222e-03,5.818997e-03,3.555056e-03,2.695970e-03,2.697343e-03,3.051256e-03,3.330737e-03,3.484212e-03,3.534995e-03,3.494843e-03,3.421316e-03,3.383458e-03,3.430765e-03,3.554019e-03,3.719109e-03,3.909752e-03,4.100544e-03,4.191838e-03,4.230402e-03,4.226345e-03,4.169546e-03,4.007950e-03,3.830411e-03,3.679995e-03,3.557744e-03,3.468668e-03,3.423135e-03,3.408002e-03,3.416046e-03,3.403120e-03,3.389964e-03,-4.236801e-03,-3.496473e-03,-2.752979e-03,-2.048660e-03,-1.453771e-03,-9.715788e-04,-5.856421e-04,-2.823760e-04,-5.420175e-05,1.066259e-04,2.151783e-04,2.846032e-04,3.251857e-04,3.477177e-04,3.612816e-04,3.727407e-04,3.821421e-04,3.923088e-04,4.052061e-04,4.151204e-04,4.156651e-04,4.061194e-04,3.876099e-04,3.662048e-04,3.484880e-04,3.353134e-04,3.268118e-04,3.222457e-04,3.226463e-04,3.273360e-04,3.377558e-04,3.482330e-04,3.586835e-04,-3.295677e-03,-2.628101e-03,-1.957358e-03,-1.325897e-03,-8.041255e-04,-3.965027e-04,-8.704586e-05,1.340584e-04,2.854126e-04,3.850972e-04,4.440158e-04,4.750927e-04,4.856909e-04,4.863819e-04,4.815856e-04,4.703296e-04,4.512366e-04,4.219086e-04,3.812496e-04,3.356747e-04,2.923499e-04,2.524230e-04,2.167050e-04,1.915316e-04,1.833818e-04,1.939334e-04,2.175885e-04,2.493797e-04,2.827520e-04,3.159580e-04,3.475253e-04,3.754324e-04,4.033508e-04,-7.871577e-05,-1.868758e-04,-2.959699e-04,-3.968115e-04,-4.724788e-04,-5.216668e-04,-5.462577e-04,-5.471551e-04,-5.307410e-04,-5.011727e-04,-4.556498e-04,-3.913321e-04,-3.119143e-04,-2.340570e-04,-1.794006e-04,-1.593756e-04,-1.704149e-04,-2.058167e-04,-2.599444e-04,-3.190975e-04,-3.688427e-04,-4.031467e-04,-4.152038e-04,-4.047987e-04,-3.701164e-04,-3.009250e-04,-1.876251e-04,-2.997831e-05,1.579343e-04,3.574522e-04,5.550980e-04,7.501421e-04,9.453824e-04,-2.506023e-04,-3.479817e-04,-4.463328e-04,-5.333078e-04,-5.899980e-04,-6.197248e-04,-6.300273e-04,-6.279095e-04,-6.113713e-04,-5.794380e-04,-5.361792e-04,-4.899081e-04,-4.588628e-04,-4.581364e-04,-4.840486e-04,-5.166217e-04,-5.411455e-04,-5.546783e-04,-5.532233e-04,-5.422297e-04,-5.294195e-04,-5.130596e-04,-4.911138e-04,-4.704350e-04,-4.580719e-04,-4.531098e-04,-4.468849e-04,-4.182449e-04,-3.509768e-04,-2.443915e-04,-1.125018e-04,2.675092e-05,1.653596e-04
-4.829617e-05,-8.858094e-05,-5.025551e-04,1.090227e-02,9.800222e-03,8.850784e-03,7.073097e-03,5.819921e-03,4.956813e-03,4.415708e-03,4.093884e-03,3.855195e-03,3.717231e-03,3.626177e-03,3.529858e-03,3.447093e-03,3.428280e-03,3.495124e-03,3.622190e-03,3.783440e-03,3.963303e-03,4.135286e-03,4.207778e-03,4.236422e-03,4.231625e-03,4.183723e-03,4.031471e-03,3.857945e-03,3.707312e-03,3.582070e-03,3.487553e-03,3.433483e-03,3.408131e-03,3.406874e-03,3.385504e-03,3.363840e-03,-9.004913e-04,-5.631947e-04,-2.234239e-04,8.547912e-05,3.083965e-04,4.449820e-04,5.108408e-04,5.189080e-04,4.890149e-04,4.398131e-04,3.829744e-04,3.297215e-04,2.851636e-04,2.522626e-04,2.325617e-04,2.266338e-04,2.315025e-04,2.467898e-04,2.712603e-04,2.968060e-04,3.148507e-04,3.231955e-04,3.215562e-04,3.154223e-04,3.109505e-04,3.091857e-04,3.103910e-04,3.141519e-04,3.219757e-04,3.335644e-04,3.508226e-04,3.681582e-04,3.854639e-04,-2.273051e-03,-1.770161e-03,-1.264797e-03,-7.903847e-04,-4.021802e-04,-1.014705e-04,1.267863e-04,2.930866e-04,4.031562e-04,4.634896e-04,4.877410e-04,4.901228e-04,4.777021e-04,4.606430e-04,4.422977e-04,4.212333e-04,3.952772e-04,3.621877e-04,3.213061e-04,2.786114e-04,2.406598e-04,2.072595e-04,1.778993e-04,1.584283e-04,1.549921e-04,1.695264e-04,1.967752e-04,2.321055e-04,2.692424e-04,3.065006e-04,3.423301e-04,3.746242e-04,4.069220e-04,-1.032073e-04,-1.996731e-04,-2.969849e-04,-3.867214e-04,-4.533702e-04,-4.954325e-04,-5.141662e-04,-5.098277e-04,-4.900708e-04,-4.602009e-04,-4.165631e-04,-3.557344e-04,-2.807433e-04,-2.075715e-04,-1.573476e-04,-1.412258e-04,-1.556715e-04,-1.939657e-04,-2.504670e-04,-3.114784e-04,-3.624902e-04,-3.974590e-04,-4.095840e-04,-3.987855e-04,-3.632920e-04,-2.929193e-04,-1.780757e-04,-1.854142e-05,1.714311e-04,3.730345e-04,5.727461e-04,7.698458e-04,9.671424e-04,-2.486618e-04,-3.376971e-04,-4.276087e-04,-5.073508e-04,-5.601890e-04,-5.895182e-04,-6.022658e-04,-6.051191e-04,-5.935159e-04,-5.644648e-04,-5.227514e-04,-4.771925e-04,-4.464017e-04,-4.457062e-04,-4.714504e-04,-5.037084e-04,-5.277153e-04,-5.407082e-04,-5.389179e-04,-5.279184e-04,-5.154339e-04,-4.995203e-04,-4.779384e-04,-4.575702e-04,-4.454377e-04,-4.406598e-04,-4.346059e-04,-4.060108e-04,-3.385442e-04,-2.315829e-04,-9.925777e-05,4.042662e-05,1.794663e-04
-4.302887e-05,-8.137663e-05,-4.985946e-04,4.555629e-03,5.818997e-03,7.073097e-03,8.184560e-03,7.835827e-03,7.069281e-03,6.020247e-03,5.058552e-03,4.318636e-03,3.894252e-03,3.660380e-03,3.506307e-03,3.412664e-03,3.411978e-03,3.499547e-03,3.632757e-03,3.790826e-03,3.959546e-03,4.112328e-03,4.166697e-03,4.185826e-03,4.180038e-03,4.139991e-03,3.997488e-03,3.829596e-03,3.680722e-03,3.554601e-03,3.456785e-03,3.396366e-03,3.362960e-03,3.354161e-03,3.326335e-03,3.298164e-03,1.989261e-03,1.983435e-03,1.979484e-03,1.950516e-03,1.853736e-03,1.690944e-03,1.477367e-03,1.225472e-03,9.672209e-04,7.320838e-04,5.287423e-04,3.669060e-04,2.472565e-04,1.656747e-04,1.169083e-04,9.576232e-05,9.651460e-05,1.159582e-04,1.500258e-04,1.886098e-04,2.213308e-04,2.447851e-04,2.575157e-04,2.644569e-04,2.713177e-04,2.792871e-04,2.887338e-04,2.995229e-04,3.135483e-04,3.308345e-04,3.536536e-04,3.765664e-04,3.994467e-04,-1.613338e-03,-1.223502e-03,-8.317914e-04,-4.651713e-04,-1.665613e-04,6.513813e-05,2.444647e-04,3.827512e-04,4.734527e-04,5.120255e-04,5.148774e-04,4.978271e-04,4.683758e-04,4.369917e-04,4.067388e-04,3.763248e-04,3.433906e-04,3.059928e-04,2.639850e-04,2.229776e-04,1.889861e-04,1.606695e-04,1.363889e-04,1.214778e-04,1.216805e-04,1.390866e-04,1.687793e-04,2.064556e-04,2.461386e-04,2.862087e-04,3.250673e-04,3.605580e-04,3.960455e-04,-1.321035e-04,-2.160829e-04,-3.008258e-04,-3.786124e-04,-4.352710e-04,-4.691238e-04,-4.809634e-04,-4.705364e-04,-4.467251e-04,-4.159305e-04,-3.737470e-04,-3.162582e-04,-2.458400e-04,-1.776051e-04,-1.318859e-04,-1.194002e-04,-1.366754e-04,-1.770649e-04,-2.349949e-04,-2.969530e-04,-3.485495e-04,-3.838059e-04,-3.960104e-04,-3.852023e-04,-3.496662e-04,-2.794039e-04,-1.649628e-04,-6.134002e-06,1.828655e-04,3.833466e-04,5.819432e-04,7.779579e-04,9.741674e-04,-2.297586e-04,-3.126688e-04,-3.963599e-04,-4.708138e-04,-5.212112e-04,-5.509403e-04,-5.664574e-04,-5.742140e-04,-5.673597e-04,-5.410574e-04,-5.007619e-04,-4.557348e-04,-4.247930e-04,-4.233395e-04,-4.478536e-04,-4.787700e-04,-5.014970e-04,-5.134670e-04,-5.111640e-04,-5.002061e-04,-4.882034e-04,-4.730316e-04,-4.522847e-04,-4.327683e-04,-4.213554e-04,-4.171750e-04,-4.117286e-04,-3.839236e-04,-3.175232e-04,-2.119902e-04,-8.139427e-05,5.644892e-05,1.936560e-04
-4.333984e-05,-7.848972e-05,-4.925715e-04,1.316351e-03,3.555056e-03,5.819921e-03,7.835827e-03,9.305751e-03,8.724359e-03,7.411536e-03,5.929077e-03,4.751483e-03,4.046050e-03,3.656406e-03,3.436436e-03,3.331308e-03,3.352075e-03,3.468389e-03,3.618187e-03,3.779346e-03,3.940746e-03,4.078156e-03,4.118178e-03,4.129561e-03,4.121526e-03,4.084177e-03,3.946523e-03,3.782255e-03,3.635494e-03,3.510342e-03,3.412393e-03,3.350596e-03,3.315277e-03,3.304930e-03,3.276242e-03,3.247183e-03,3.854442e-03,3.618010e-03,3.382931e-03,3.128196e-03,2.821454e-03,2.464688e-03,2.071551e-03,1.652729e-03,1.249833e-03,9.008519e-04,6.107613e-04,3.870097e-04,2.269195e-04,1.213747e-04,6.017132e-05,3.390554e-05,3.503153e-05,5.869498e-05,9.915893e-05,1.452625e-04,1.857186e-04,2.167391e-04,2.364773e-04,2.496393e-04,2.617567e-04,2.741363e-04,2.872567e-04,3.011544e-04,3.178874e-04,3.376432e-04,3.628473e-04,3.881528e-04,4.134250e-04,-1.660092e-03,-1.300609e-03,-9.397737e-04,-5.986565e-04,-3.097132e-04,-7.140409e-05,1.291439e-04,3.027127e-04,4.303548e-04,4.962374e-04,5.174269e-04,5.107583e-04,4.855101e-04,4.537012e-04,4.197596e-04,3.840522e-04,3.455497e-04,3.030200e-04,2.571029e-04,2.135691e-04,1.784570e-04,1.499311e-04,1.258658e-04,1.112633e-04,1.115923e-04,1.289411e-04,1.585191e-04,1.961402e-04,2.359467e-04,2.763178e-04,3.156188e-04,3.516608e-04,3.876958e-04,-1.622109e-04,-2.370580e-04,-3.125928e-04,-3.817349e-04,-4.315424e-04,-4.600288e-04,-4.674888e-04,-4.531129e-04,-4.267934e-04,-3.959120e-04,-3.554512e-04,-3.011139e-04,-2.348163e-04,-1.709465e-04,-1.291396e-04,-1.196947e-04,-1.391380e-04,-1.809029e-04,-2.394752e-04,-3.015336e-04,-3.528913e-04,-3.877059e-04,-3.994151e-04,-3.881419e-04,-3.522682e-04,-2.820033e-04,-1.680809e-04,-1.032702e-05,1.772008e-04,3.760261e-04,5.729480e-04,7.673090e-04,9.618636e-04,-2.103231e-04,-2.899532e-04,-3.702755e-04,-4.422710e-04,-4.929120e-04,-5.253668e-04,-5.455401e-04,-5.595200e-04,-5.583350e-04,-5.354802e-04,-4.969165e-04,-4.523006e-04,-4.207266e-04,-4.177734e-04,-4.402512e-04,-4.691010e-04,-4.900577e-04,-5.006548e-04,-4.975074e-04,-4.861854e-04,-4.741845e-04,-4.592995e-04,-4.390492e-04,-4.201039e-04,-4.091880e-04,-4.054088e-04,-4.003620e-04,-3.732134e-04,-3.079083e-04,-2.039248e-04,-7.519058e-05,6.068719e-05,1.959374e-04
-4.345919e-05,-7.566870e-05,-4.874613e-04,4.449237e-04,2.695970e-03,4.956813e-03,7.069281e-03,8.724359e-03,9.547965e-03,8.291347e-03,6.668628e-03,5.219462e-03,4.286936e-03,3.723398e-03,3.401064e-03,3.249585e-03,3.266263e-03,3.400909e-03,3.570656e-03,3.742884e-03,3.908343e-03,4.044658e-03,4.082570e-03,4.092305e-03,4.082693e-03,4.043768e-03,3.906038e-03,3.742788e-03,3.597208e-03,3.473131e-03,3.376264e-03,3.315875e-03,3.282270e-03,3.273582e-03,3.246800e-03,3.219650e-03,4.602030e-03,4.253404e-03,3.905681e-03,3.543434e-03,3.143983e-03,2.708440e-03,2.247115e-03,1.767423e-03,1.316401e-03,9.365483e-04,6.277807e-04,3.937383e-04,2.292628e-04,1.232445e-04,6.354867e-05,3.896282e-05,4.137769e-05,6.583001e-05,1.064221e-04,1.520616e-04,1.915723e-04,2.214046e-04,2.399248e-04,2.519060e-04,2.629140e-04,2.742691e-04,2.864774e-04,2.995683e-04,3.155396e-04,3.345493e-04,3.589598e-04,3.834699e-04,4.079473e-04,-2.025029e-03,-1.654693e-03,-1.283455e-03,-9.267914e-04,-6.074650e-04,-3.245738e-04,-6.862627e-05,1.689136e-04,3.576711e-04,4.714048e-04,5.258113e-04,5.382835e-04,5.216744e-04,4.911574e-04,4.537531e-04,4.121764e-04,3.674743e-04,3.188449e-04,2.673073e-04,2.188092e-04,1.795172e-04,1.476059e-04,1.209614e-04,1.044445e-04,1.033558e-04,1.195817e-04,1.482344e-04,1.850579e-04,2.241339e-04,2.638093e-04,3.024531e-04,3.378811e-04,3.733022e-04,-1.716443e-04,-2.407146e-04,-3.104036e-04,-3.742333e-04,-4.204591e-04,-4.468177e-04,-4.530467e-04,-4.377615e-04,-4.114820e-04,-3.821935e-04,-3.442377e-04,-2.928507e-04,-2.296364e-04,-1.686337e-04,-1.291163e-04,-1.211682e-04,-1.413712e-04,-1.833015e-04,-2.415666e-04,-3.030445e-04,-3.537491e-04,-3.879507e-04,-3.992066e-04,-3.876780e-04,-3.517996e-04,-2.819169e-04,-1.688901e-04,-1.254521e-05,1.732175e-04,3.701133e-04,5.650965e-04,7.575413e-04,9.501782e-04,-1.830922e-04,-2.609882e-04,-3.394987e-04,-4.105777e-04,-4.629247e-04,-4.994482e-04,-5.253452e-04,-5.461885e-04,-5.511442e-04,-5.322173e-04,-4.955246e-04,-4.509932e-04,-4.182415e-04,-4.132314e-04,-4.332238e-04,-4.596834e-04,-4.787059e-04,-4.878464e-04,-4.837511e-04,-4.719241e-04,-4.597527e-04,-4.450055e-04,-4.251798e-04,-4.068334e-04,-3.965582e-04,-3.933974e-04,-3.889858e-04,-3.626796e-04,-2.985545e-04,-1.961067e-04,-6.915846e-05,6.485205e-05,1.982418e-04
-4.259630e-05,-7.408151e-05,-4.812343e-04,9.876438e-04,2.697343e-03,4.415708e-03,6.020247e-03,7.411536e-03,8.291347e-03,8.504513e-03,7.138111e-03,5.778708e-03,4.718391e-03,3.969269e-03,3.473877e-03,3.196163e-03,3.142840e-03,3.258042e-03,3.438404e-03,3.629047e-03,3.817160e-03,3.977559e-03,4.034982e-03,4.054064e-03,4.046324e-03,4.004543e-03,3.864685e-03,3.701281e-03,3.555879e-03,3.431804e-03,3.335411e-03,3.276539e-03,3.244778e-03,3.237028e-03,3.210949e-03,3.184542e-03,4.254960e-03,3.919732e-03,3.585055e-03,3.240138e-03,2.870143e-03,2.474350e-03,2.058716e-03,1.626478e-03,1.224767e-03,8.956953e-04,6.328897e-04,4.345882e-04,2.941342e-04,2.022578e-04,1.492132e-04,1.251970e-04,1.229867e-04,1.392083e-04,1.694662e-04,2.039390e-04,2.326084e-04,2.523367e-04,2.618516e-04,2.660565e-04,2.705695e-04,2.765378e-04,2.843224e-04,2.936992e-04,3.063820e-04,3.223169e-04,3.436095e-04,3.649897e-04,3.863394e-04,-2.149881e-03,-1.774556e-03,-1.398679e-03,-1.033080e-03,-6.926622e-04,-3.781539e-04,-8.442810e-05,1.937224e-04,4.178556e-04,5.543315e-04,6.166661e-04,6.231269e-04,5.925399e-04,5.453605e-04,4.917544e-04,4.361705e-04,3.812866e-04,3.254791e-04,2.687752e-04,2.164257e-04,1.739893e-04,1.397873e-04,1.118529e-04,9.495081e-05,9.421694e-05,1.111278e-04,1.405514e-04,1.780738e-04,2.176518e-04,2.576478e-04,2.965060e-04,3.321209e-04,3.677333e-04,-1.563570e-04,-2.233372e-04,-2.908761e-04,-3.530399e-04,-3.991814e-04,-4.268206e-04,-4.351900e-04,-4.224026e-04,-3.990624e-04,-3.732454e-04,-3.386628e-04,-2.900110e-04,-2.287007e-04,-1.688081e-04,-1.296334e-04,-1.212629e-04,-1.404103e-04,-1.808898e-04,-2.375188e-04,-2.974450e-04,-3.469394e-04,-3.803427e-04,-3.912868e-04,-3.799131e-04,-3.446547e-04,-2.759469e-04,-1.647374e-04,-1.081642e-05,1.721170e-04,3.660258e-04,5.580525e-04,7.475780e-04,9.372926e-04,-1.588092e-04,-2.360398e-04,-3.138209e-04,-3.849587e-04,-4.396422e-04,-4.804268e-04,-5.116975e-04,-5.383863e-04,-5.483889e-04,-5.326600e-04,-4.971721e-04,-4.519817e-04,-4.174180e-04,-4.100290e-04,-4.275668e-04,-4.519650e-04,-4.696718e-04,-4.781119e-04,-4.737939e-04,-4.620334e-04,-4.500208e-04,-4.355579e-04,-4.161788e-04,-3.983503e-04,-3.885655e-04,-3.858227e-04,-3.818242e-04,-3.561665e-04,-2.931077e-04,-1.921701e-04,-6.702449e-05,6.510200e-05,1.966151e-04
-4.225964e-05,-7.040648e-05,-4.719197e-04,2.013755e-03,3.051256e-03,4.093884e-03,5.058552e-03,5.929077e-03,6.668628e-03,7.138111e-03,7.431703e-03,6.440878e-03,5.460002e-03,4.493960e-03,3.722435e-03,3.192485e-03,2.965768e-03,2.999303e-03,3.170446e-03,3.387132e-03,3.623928e-03,3.844439e-03,3.952297e-03,3.996508e-03,3.996604e-03,3.953210e-03,3.811681e-03,3.648337e-03,3.502098e-03,3.375920e-03,3.277737e-03,3.218108e-03,3.185072e-03,3.173812e-03,3.143511e-03,3.112968e-03,2.822752e-03,2.632551e-03,2.442676e-03,2.245578e-03,2.031878e-03,1.798346e-03,1.545945e-03,1.273456e-03,1.022173e-03,8.276963e-04,6.758489e-04,5.574228e-04,4.650470e-04,3.958555e-04,3.480280e-04,3.171550e-04,2.986063e-04,2.925621e-04,2.980467e-04,3.078539e-04,3.142820e-04,3.144040e-04,3.070735e-04,2.972000e-04,2.903067e-04,2.870988e-04,2.875302e-04,2.908166e-04,2.981478e-04,3.090720e-04,3.252705e-04,3.415319e-04,3.577668e-04,-1.515134e-03,-1.186239e-03,-8.570181e-04,-5.350488e-04,-2.297584e-04,5.573647e-05,3.216962e-04,5.690502e-04,7.561153e-04,8.469667e-04,8.533759e-04,7.956589e-04,7.017946e-04,6.003158e-04,5.045132e-04,4.187981e-04,3.459513e-04,2.812983e-04,2.215401e-04,1.695061e-04,1.285906e-04,9.705629e-05,7.288796e-05,6.065672e-05,6.522400e-05,8.739723e-05,1.217166e-04,1.636041e-04,2.069203e-04,2.501833e-04,2.920228e-04,3.305237e-04,3.690326e-04,-1.273904e-04,-1.950042e-04,-2.631269e-04,-3.263022e-04,-3.748814e-04,-4.063260e-04,-4.195150e-04,-4.122768e-04,-3.946641e-04,-3.741486e-04,-3.437838e-04,-2.976068e-04,-2.369198e-04,-1.762077e-04,-1.352080e-04,-1.242550e-04,-1.402868e-04,-1.774803e-04,-2.309770e-04,-2.882957e-04,-3.360758e-04,-3.686363e-04,-3.795879e-04,-3.689689e-04,-3.351781e-04,-2.687693e-04,-1.608083e-04,-1.101781e-05,1.672084e-04,3.561879e-04,5.433324e-04,7.280333e-04,9.129186e-04,-1.263174e-04,-2.043273e-04,-2.828403e-04,-3.553341e-04,-4.131229e-04,-4.582684e-04,-4.942339e-04,-5.251209e-04,-5.383359e-04,-5.244518e-04,-4.890491e-04,-4.421994e-04,-4.051192e-04,-3.951393e-04,-4.105036e-04,-4.335087e-04,-4.508912e-04,-4.597644e-04,-4.563096e-04,-4.455168e-04,-4.342171e-04,-4.203374e-04,-4.015471e-04,-3.842672e-04,-3.748876e-04,-3.723537e-04,-3.685018e-04,-3.433136e-04,-2.813148e-04,-1.820770e-04,-5.906353e-05,7.080704e-05,2.000755e-04
-3.935461e-05,-6.542703e-05,-4.524966e-04,2.810260e-03,3.330737e-03,3.855195e-03,4.318636e-03,4.751483e-03,5.219462e-03,5.778708e-03,6.440878e-03,7.067777e-03,6.305562e-03,5.254958e-03,4.155988e-03,3.275971e-03,2.766947e-03,2.639174e-03,2.761028e-03,2.994565e-03,3.290219e-03,3.589196e-03,3.764715e-03,3.844542e-03,3.859079e-03,3.819805e-03,3.682258e-03,3.522246e-03,3.376388e-03,3.248658e-03,3.149078e-03,3.087906e-03,3.051510e-03,3.033822e-03,2.996768e-03,2.959565e-03,1.292583e-03,1.288068e-03,1.283779e-03,1.273896e-03,1.251959e-03,1.211780e-03,1.149068e-03,1.058286e-03,9.717981e-04,9.160289e-04,8.694376e-04,8.155094e-04,7.483652e-04,6.752308e-04,6.069450e-04,5.472333e-04,4.939638e-04,4.507376e-04,4.198358e-04,3.967387e-04,3.761162e-04,3.545000e-04,3.300944e-04,3.072037e-04,2.906803e-04,2.804777e-04,2.758271e-04,2.751999e-04,2.792310e-04,2.870604e-04,2.999380e-04,3.128528e-04,3.257455e-04,-7.116605e-04,-4.317068e-04,-1.515275e-04,1.230331e-04,3.854882e-04,6.297913e-04,8.512338e-04,1.045812e-03,1.171301e-03,1.191945e-03,1.116753e-03,9.691505e-04,7.897153e-04,6.180657e-04,4.711639e-04,3.517002e-04,2.612863e-04,1.913082e-04,1.341980e-04,8.921272e-05,5.643912e-05,3.374173e-05,1.872037e-05,1.556978e-05,2.873777e-05,5.846093e-05,9.923286e-05,1.465482e-04,1.944608e-04,2.417881e-04,2.874044e-04,3.296549e-04,3.719242e-04,-8.036598e-05,-1.498414e-04,-2.197822e-04,-2.851890e-04,-3.373449e-04,-3.737453e-04,-3.930021e-04,-3.928342e-04,-3.822724e-04,-3.677554e-04,-3.418584e-04,-2.980424e-04,-2.376170e-04,-1.755004e-04,-1.319022e-04,-1.173836e-04,-1.291265e-04,-1.617472e-04,-2.107629e-04,-2.643142e-04,-3.096758e-04,-3.411756e-04,-3.524510e-04,-3.433960e-04,-3.123621e-04,-2.501951e-04,-1.482354e-04,-6.133328e-06,1.632773e-04,3.430359e-04,5.210840e-04,6.968082e-04,8.727073e-04,-8.987156e-05,-1.685788e-04,-2.477501e-04,-3.214312e-04,-3.818477e-04,-4.305419e-04,-4.700845e-04,-5.036636e-04,-5.188770e-04,-5.062966e-04,-4.706566e-04,-4.218254e-04,-3.818742e-04,-3.689444e-04,-3.818573e-04,-4.034150e-04,-4.207877e-04,-4.307484e-04,-4.291397e-04,-4.204040e-04,-4.107430e-04,-3.982263e-04,-3.806803e-04,-3.643687e-04,-3.554740e-04,-3.529718e-04,-3.490681e-04,-3.245856e-04,-2.646794e-04,-1.690033e-04,-5.051228e-05,7.456331e-05,1.990612e-04
-3.357313e-05,-6.305857e-05,-4.329388e-04,3.254882e-03,3.484212e-03,3.717231e-03,3.894252e-03,4.046050e-03,4.286936e-03,4.718391e-03,5.460002e-03,6.305562e-03,6.977759e-03,6.024322e-03,4.800090e-03,3.581071e-03,2.740221e-03,2.374982e-03,2.387419e-03,2.604328e-03,2.942663e-03,3.310825e-03,3.548852e-03,3.664990e-03,3.698897e-03,3.671210e-03,3.542867e-03,3.387235e-03,3.241694e-03,3.113380e-03,3.013943e-03,2.951501e-03,2.911249e-03,2.887234e-03,2.844138e-03,2.800941e-03,2.614807e-04,4.181076e-04,5.749569e-04,7.266311e-04,8.674452e-04,9.884304e-04,1.080806e-03,1.135397e-03,1.172215e-03,1.206272e-03,1.212294e-03,1.169881e-03,1.078086e-03,9.570257e-04,8.335867e-04,7.214495e-04,6.195848e-04,5.328643e-04,4.647202e-04,4.119058e-04,3.702001e-04,3.345993e-04,3.017164e-04,2.745502e-04,2.566816e-04,2.471464e-04,2.442495e-04,2.457846e-04,2.521079e-04,2.621453e-04,2.769563e-04,2.917931e-04,3.066099e-04,-1.679805e-04,7.774528e-05,3.236941e-04,5.644427e-04,7.942952e-04,1.004409e-03,1.185852e-03,1.330245e-03,1.399544e-03,1.361765e-03,1.220646e-03,1.001660e-03,7.576004e-04,5.384983e-04,3.637470e-04,2.316408e-04,1.405900e-04,7.895368e-05,3.590425e-05,7.416582e-06,-9.575890e-06,-1.773040e-05,-1.997002e-05,-1.235610e-05,9.355594e-06,4.548838e-05,9.101722e-05,1.418520e-04,1.925908e-04,2.424110e-04,2.903748e-04,3.350354e-04,3.797197e-04,-1.848728e-05,-9.204480e-05,-1.660376e-04,-2.358065e-04,-2.933001e-04,-3.360567e-04,-3.624953e-04,-3.702974e-04,-3.669757e-04,-3.575399e-04,-3.345076e-04,-2.911144e-04,-2.289743e-04,-1.636971e-04,-1.163008e-04,-9.772126e-05,-1.052575e-04,-1.337506e-04,-1.788870e-04,-2.293392e-04,-2.729334e-04,-3.039750e-04,-3.161103e-04,-3.090827e-04,-2.811537e-04,-2.234395e-04,-1.275235e-04,6.992034e-06,1.677728e-04,3.385734e-04,5.078441e-04,6.749211e-04,8.421623e-04,-7.197091e-05,-1.501482e-04,-2.287654e-04,-3.022236e-04,-3.633244e-04,-4.131859e-04,-4.536807e-04,-4.872391e-04,-5.024680e-04,-4.905361e-04,-4.548129e-04,-4.046629e-04,-3.628833e-04,-3.483342e-04,-3.602373e-04,-3.815604e-04,-3.997073e-04,-4.112690e-04,-4.119212e-04,-4.055735e-04,-3.978002e-04,-3.867554e-04,-3.703574e-04,-3.546945e-04,-3.457790e-04,-3.427514e-04,-3.382774e-04,-3.140554e-04,-2.559379e-04,-1.636536e-04,-4.957211e-05,7.081395e-05,1.906474e-04
-3.069083e-05,-6.097181e-05,-4.154775e-04,3.447705e-03,3.534995e-03,3.626177e-03,3.660380e-03,3.656406e-03,3.723398e-03,3.969269e-03,4.493960e-03,5.254958e-03,6.024322e-03,6.484874e-03,5.402263e-03,4.122449e-03,3.012799e-03,2.383220e-03,2.215010e-03,2.352147e-03,2.677105e-03,3.065307e-03,3.331063e-03,3.469554e-03,3.522620e-03,3.513150e-03,3.399748e-03,3.251335e-03,3.109155e-03,2.984636e-03,2.889081e-03,2.826832e-03,2.783236e-03,2.754621e-03,2.708000e-03,2.661265e-03,-3.300382e-04,-7.235429e-05,1.855763e-04,4.382403e-04,6.797300e-04,9.000399e-04,1.088719e-03,1.235486e-03,1.348541e-03,1.431760e-03,1.457579e-03,1.401943e-03,1.267116e-03,1.086775e-03,9.042113e-04,7.439158e-04,6.051124e-04,4.912948e-04,4.046108e-04,3.412891e-04,2.966748e-04,2.638467e-04,2.375025e-04,2.190546e-04,2.106294e-04,2.105845e-04,2.165152e-04,2.260123e-04,2.396278e-04,2.564382e-04,2.777229e-04,2.990402e-04,3.203367e-04,2.065117e-04,3.916818e-04,5.770997e-04,7.572239e-04,9.261480e-04,1.073944e-03,1.190224e-03,1.264770e-03,1.268492e-03,1.177791e-03,9.960628e-04,7.488986e-04,4.934471e-04,2.828930e-04,1.332180e-04,3.363725e-05,-2.454746e-05,-5.378646e-05,-6.567702e-05,-6.579143e-05,-5.882542e-05,-4.760301e-05,-3.521946e-05,-1.758026e-05,9.847758e-06,4.843274e-05,9.430530e-05,1.441935e-04,1.936189e-04,2.421226e-04,2.888452e-04,3.324430e-04,3.760622e-04,1.755481e-05,-5.843129e-05,-1.348327e-04,-2.072224e-04,-2.679992e-04,-3.148781e-04,-3.463458e-04,-3.602702e-04,-3.626133e-04,-3.569069e-04,-3.356771e-04,-2.919343e-04,-2.274335e-04,-1.586227e-04,-1.074949e-04,-8.557345e-05,-9.018998e-05,-1.161023e-04,-1.589009e-04,-2.075574e-04,-2.502807e-04,-2.813469e-04,-2.944076e-04,-2.890695e-04,-2.635448e-04,-2.092469e-04,-1.180301e-04,1.047907e-05,1.643637e-04,3.279864e-04,4.902069e-04,6.503359e-04,8.106212e-04,-7.225806e-05,-1.475891e-04,-2.233476e-04,-2.941093e-04,-3.528909e-04,-4.004904e-04,-4.383609e-04,-4.684200e-04,-4.808561e-04,-4.680564e-04,-4.327351e-04,-3.836407e-04,-3.433881e-04,-3.308023e-04,-3.448868e-04,-3.681810e-04,-3.878634e-04,-4.007514e-04,-4.027911e-04,-3.976926e-04,-3.906623e-04,-3.799713e-04,-3.636629e-04,-3.476847e-04,-3.378969e-04,-3.336465e-04,-3.280373e-04,-3.035559e-04,-2.466754e-04,-1.571296e-04,-4.672862e-05,6.970499e-05,1.856095e-04
-3.227779e-05,-6.300299e-05,-4.007639e-04,3.463843e-03,3.494843e-03,3.529858e-03,3.506307e-03,3.436436e-03,3.401064e-03,3.473877e-03,3.722435e-03,4.155988e-03,4.800090e-03,5.402263e-03,5.806859e-03,4.760345e-03,3.663543e-03,2.813857e-03,2.416317e-03,2.389691e-03,2.603775e-03,2.915136e-03,3.136519e-03,3.263128e-03,3.326784e-03,3.340923e-03,3.250276e-03,3.115452e-03,2.983298e-03,2.868862e-03,2.780477e-03,2.718188e-03,2.670150e-03,2.637760e-03,2.589367e-03,2.540765e-03,-4.790918e-04,-2.175317e-04,4.427999e-05,3.006957e-04,5.454233e-04,7.697778e-04,9.651921e-04,1.123467e-03,1.244884e-03,1.325973e-03,1.340119e-03,1.262674e-03,1.093711e-03,8.755235e-04,6.634337e-04,4.904276e-04,3.551442e-04,2.564663e-04,1.923715e-04,1.562682e-04,1.410724e-04,1.381869e-04,1.406913e-04,1.486514e-04,1.630946e-04,1.825065e-04,2.045620e-04,2.275611e-04,2.529154e-04,2.804154e-04,3.121068e-04,3.438630e-04,3.755934e-04,4.290774e-04,5.229766e-04,6.171293e-04,7.058557e-04,7.828757e-04,8.395166e-04,8.674112e-04,8.578101e-04,7.933447e-04,6.614341e-04,4.690115e-04,2.423976e-04,3.528413e-05,-1.046210e-04,-1.722870e-04,-1.928162e-04,-1.865280e-04,-1.635210e-04,-1.325826e-04,-9.803418e-05,-6.363833e-05,-3.206020e-05,-6.234991e-06,1.837812e-05,4.698866e-05,8.289881e-05,1.239497e-04,1.680291e-04,2.118710e-04,2.552550e-04,2.972270e-04,3.363856e-04,3.755523e-04,1.242591e-05,-6.247910e-05,-1.377873e-04,-2.091986e-04,-2.693610e-04,-3.162529e-04,-3.486510e-04,-3.647806e-04,-3.693796e-04,-3.648914e-04,-3.441518e-04,-3.002617e-04,-2.345628e-04,-1.639142e-04,-1.110786e-04,-8.815061e-05,-9.243539e-05,-1.182739e-04,-1.608861e-04,-2.092740e-04,-2.518248e-04,-2.828873e-04,-2.962232e-04,-2.913834e-04,-2.666303e-04,-2.137186e-04,-1.248256e-04,2.885163e-07,1.500492e-04,3.093179e-04,4.672320e-04,6.231115e-04,7.791437e-04,-1.101485e-04,-1.785527e-04,-2.473785e-04,-3.112413e-04,-3.631462e-04,-4.037736e-04,-4.345394e-04,-4.572057e-04,-4.638118e-04,-4.484094e-04,-4.138416e-04,-3.685595e-04,-3.339921e-04,-3.279677e-04,-3.483830e-04,-3.766079e-04,-3.990139e-04,-4.131045e-04,-4.155970e-04,-4.104057e-04,-4.027808e-04,-3.911345e-04,-3.736546e-04,-3.561485e-04,-3.443684e-04,-3.379363e-04,-3.303562e-04,-3.048114e-04,-2.483397e-04,-1.605671e-04,-5.274606e-05,6.087068e-05,1.739784e-04
-3.525953e-05,-6.441134e-05,-3.916753e-04,3.399611e-03,3.421316e-03,3.447093e-03,3.412664e-03,3.331308e-03,3.249585e-03,3.196163e-03,3.192485e-03,3.275971e-03,3.581071e-03,4.122449e-03,4.760345e-03,5.313586e-03,4.531635e-03,3.737760e-03,3.142642e-03,2.894317e-03,2.874262e-03,2.968208e-03,3.033651e-03,3.089588e-03,3.141481e-03,3.178036e-03,3.115988e-03,3.001896e-03,2.886879e-03,2.787153e-03,2.706528e-03,2.642432e-03,2.588915e-03,2.554480e-03,2.507146e-03,2.459406e-03,-1.748760e-04,-9.867347e-06,1.553816e-04,3.151234e-04,4.626927e-04,5.919310e-04,6.980279e-04,7.764981e-04,8.242850e-04,8.355593e-04,7.901583e-04,6.688092e-04,4.728488e-04,2.460250e-04,4.653411e-05,-9.072576e-05,-1.697137e-04,-1.997127e-04,-1.901703e-04,-1.535151e-04,-1.019889e-04,-4.505372e-05,9.603797e-06,6.143029e-05,1.111504e-04,1.585570e-04,2.025646e-04,2.432281e-04,2.834690e-04,3.243656e-04,3.692364e-04,4.142319e-04,4.591923e-04,3.617337e-04,3.882696e-04,4.150481e-04,4.362860e-04,4.453381e-04,4.359953e-04,4.037223e-04,3.430178e-04,2.470926e-04,1.128113e-04,-5.156400e-05,-2.212047e-04,-3.494524e-04,-3.953596e-04,-3.657695e-04,-3.018814e-04,-2.368142e-04,-1.748710e-04,-1.182127e-04,-6.651099e-05,-1.942135e-05,2.019967e-05,4.926000e-05,7.230720e-05,9.485059e-05,1.221505e-04,1.536423e-04,1.883109e-04,2.239208e-04,2.601587e-04,2.957452e-04,3.289873e-04,3.622114e-04,-2.110779e-05,-9.226814e-05,-1.638282e-04,-2.315088e-04,-2.879632e-04,-3.313463e-04,-3.607258e-04,-3.746425e-04,-3.770318e-04,-3.697437e-04,-3.464121e-04,-3.008168e-04,-2.343803e-04,-1.638242e-04,-1.120053e-04,-9.121036e-05,-9.858127e-05,-1.277204e-04,-1.732133e-04,-2.237246e-04,-2.674515e-04,-2.989329e-04,-3.121589e-04,-3.067617e-04,-2.811573e-04,-2.274754e-04,-1.382433e-04,-1.342949e-05,1.355675e-04,2.938876e-04,4.508023e-04,6.056900e-04,7.607315e-04,-1.475459e-04,-2.082964e-04,-2.694660e-04,-3.256424e-04,-3.696989e-04,-4.024230e-04,-4.255443e-04,-4.410197e-04,-4.425489e-04,-4.256686e-04,-3.931888e-04,-3.531583e-04,-3.256714e-04,-3.275424e-04,-3.553820e-04,-3.889141e-04,-4.133089e-04,-4.271324e-04,-4.282828e-04,-4.213486e-04,-4.121155e-04,-3.989942e-04,-3.801805e-04,-3.612874e-04,-3.479053e-04,-3.398707e-04,-3.309505e-04,-3.047817e-04,-2.487590e-04,-1.623705e-04,-5.648544e-05,5.501222e-05,1.660154e-04
-4.342686e-05,-6.574649e-05,-3.906926e-04,3.342689e-03,3.383458e-03,3.428280e-03,3.411978e-03,3.352075e-03,3.266263e-03,3.142840e-03,2.965768e-03,2.766947e-03,2.740221e-03,3.012799e-03,3.663543e-03,4.531635e-03,5.393250e-03,4.920451e-03,4.369258e-03,3.904321e-03,3.559542e-03,3.300435e-03,3.096289e-03,3.015773e-03,3.021640e-03,3.062140e-03,3.018670e-03,2.922395e-03,2.826115e-03,2.744434e-03,2.676815e-03,2.620712e-03,2.576438e-03,2.557670e-03,2.529557e-03,2.500787e-03,4.800132e-04,5.008067e-04,5.218235e-04,5.372846e-04,5.402914e-04,5.272041e-04,4.969555e-04,4.486304e-04,3.789106e-04,2.827572e-04,1.485719e-04,-3.585488e-05,-2.661407e-04,-4.966459e-04,-6.701991e-04,-7.536842e-04,-7.559656e-04,-6.961818e-04,-5.928529e-04,-4.668060e-04,-3.379357e-04,-2.150300e-04,-1.050240e-04,-8.305623e-06,7.627820e-05,1.504639e-04,2.150362e-04,2.721354e-04,3.262325e-04,3.797433e-04,4.372070e-04,4.948661e-04,5.524799e-04,-4.938105e-05,-2.137988e-05,6.847405e-06,2.948315e-05,3.965417e-05,3.362477e-05,1.062053e-05,-3.153081e-05,-9.218848e-05,-1.684494e-04,-2.525617e-04,-3.253781e-04,-3.536206e-04,-3.077212e-04,-2.015153e-04,-8.651486e-05,-3.685253e-06,5.169398e-05,8.711168e-05,1.115057e-04,1.332179e-04,1.491113e-04,1.558763e-04,1.572642e-04,1.582319e-04,1.650527e-04,1.777686e-04,1.957095e-04,2.168202e-04,2.401857e-04,2.639741e-04,2.859479e-04,3.078705e-04,-8.661311e-05,-1.533411e-04,-2.204759e-04,-2.836375e-04,-3.353002e-04,-3.736818e-04,-3.980283e-04,-4.070503e-04,-4.042638e-04,-3.913592e-04,-3.629123e-04,-3.135359e-04,-2.451032e-04,-1.745506e-04,-1.246996e-04,-1.078328e-04,-1.206126e-04,-1.556520e-04,-2.066738e-04,-2.614998e-04,-3.076503e-04,-3.399720e-04,-3.527817e-04,-3.458779e-04,-3.179263e-04,-2.613873e-04,-1.691064e-04,-4.130280e-05,1.106165e-04,2.717630e-04,4.313320e-04,5.888173e-04,7.464630e-04,-1.703004e-04,-2.256997e-04,-2.815211e-04,-3.322645e-04,-3.706378e-04,-3.976898e-04,-4.156243e-04,-4.267891e-04,-4.261145e-04,-4.102470e-04,-3.820147e-04,-3.488610e-04,-3.291039e-04,-3.381346e-04,-3.718398e-04,-4.085845e-04,-4.325201e-04,-4.434247e-04,-4.404688e-04,-4.293700e-04,-4.170353e-04,-4.017559e-04,-3.816209e-04,-3.619547e-04,-3.480967e-04,-3.398800e-04,-3.310307e-04,-3.052483e-04,-2.499533e-04,-1.644653e-04,-5.957415e-05,5.085894e-05,1.608012e-04
