3.446620e-04,-3.872479e-06,-1.410917e-06,-1.170882e-05,-4.872449e-06,1.946071e-06,7.723389e-06,1.321827e-05,1.779673e-05,2.029687e-05,2.058672e-05,2.182877e-05,3.203540e-05,4.154241e-05,4.139889e-05,3.482676e-05,2.382344e-05,1.091281e-05,6.098592e-06,5.814087e-06,9.488420e-06,1.135388e-05,8.308743e-06,3.755364e-06,4.961246e-06,1.019904e-05,1.261418e-05,1.295002e-05,1.041337e-05,4.662038e-06,-4.913555e-06,-1.831257e-05,-3.488550e-05,-5.491230e-05,-7.095745e-05,-8.683078e-05,-1.310593e-03,-1.313175e-03,-1.315753e-03,-1.318344e-03,-1.320873e-03,-1.323041e-03,-1.324456e-03,-1.323771e-03,-1.321232e-03,-1.316778e-03,-1.311904e-03,-1.307514e-03,-1.305493e-03,-1.307750e-03,-1.315252e-03,-1.325494e-03,-1.337356e-03,-1.349505e-03,-1.360065e-03,-1.367857e-03,-1.371175e-03,-1.370157e-03,-1.364737e-03,-1.355635e-03,-1.344064e-03,-1.331122e-03,-1.317955e-03,-1.305634e-03,-1.295474e-03,-1.288430e-03,-1.282180e-03,-1.276234e-03,-1.270208e-03,4.722663e-06,6.002274e-06,7.288686e-06,8.372893e-06,8.923798e-06,8.838032e-06,7.928133e-06,6.508907e-06,4.639923e-06,2.368078e-06,1.111985e-06,1.873946e-06,4.609978e-06,9.557671e-06,1.491422e-05,2.009893e-05,2.562825e-05,3.154742e-05,3.779842e-05,4.370755e-05,4.847644e-05,5.144345e-05,5.175599e-05,4.955284e-05,4.543463e-05,3.990890e-05,3.348251e-05,2.675813e-05,1.995458e-05,1.467681e-05,1.081403e-05,7.626218e-06,4.464711e-06,1.798141e-03,1.727264e-03,1.656188e-03,1.584883e-03,1.516348e-03,1.452171e-03,1.393698e-03,1.340976e-03,1.294344e-03,1.254506e-03,1.226457e-03,1.214267e-03,1.222067e-03,1.249309e-03,1.292519e-03,1.339296e-03,1.378691e-03,1.406971e-03,1.423146e-03,1.428200e-03,1.422441e-03,1.406185e-03,1.377752e-03,1.338568e-03,1.291302e-03,1.238285e-03,1.181985e-03,1.124648e-03,1.069279e-03,1.017345e-03,9.658206e-04,9.164197e-04,8.667784e-04,-1.119268e-04,-9.825501e-05,-8.465289e-05,-7.007856e-05,-5.213115e-05,-3.040560e-05,-8.104598e-06,1.126176e-05,2.378319e-05,2.885752e-05,2.932800e-05,2.908679e-05,2.634436e-05,2.064645e-05,1.001610e-05,-3.017470e-06,-1.389292e-05,-1.885908e-05,-1.443927e-05,-1.686430e-06,1.522110e-05,3.188876e-05,4.436554e-05,5.135837e-05,5.275043e-05,4.830049e-05,3.776599e-05,2.103422e-05,-2.524792e-06,-2.888454e-05,-5.860784e-05,-8.985862e-05,-1.208306e-04
-3.872479e-06,2.812141e-04,1.285661e-05,-8.771965e-05,-8.197373e-05,-7.423409e-05,-6.717198e-05,-6.356327e-05,-6.217436e-05,-6.275810e-05,-6.148390e-05,-5.525336e-05,-4.592063e-05,-4.332330e-05,-5.494296e-05,-7.050058e-05,-8.361570e-05,-9.234644e-05,-8.706251e-05,-8.262328e-05,-7.704959e-05,-7.547836e-05,-8.038285e-05,-8.559851e-05,-8.707097e-05,-8.333922e-05,-7.059427e-05,-5.440993e-05,-3.824501e-05,-2.585949e-05,-2.192359e-05,-2.710572e-05,-3.966066e-05,-5.999473e-05,-8.135183e-05,-1.018936e-04,-1.621350e-05,-1.230588e-05,-8.393064e-06,-4.535975e-06,-6.218992e-07,2.868263e-06,5.580767e-06,7.954098e-06,1.033875e-05,1.293067e-05,1.619378e-05,2.009653e-05,2.381612e-05,2.707984e-05,2.912454e-05,3.017743e-05,3.089996e-05,3.173509e-05,3.363251e-05,3.686006e-05,4.124193e-05,4.572901e-05,4.892985e-05,5.054313e-05,5.050808e-05,4.870733e-05,4.502534e-05,3.939577e-05,3.155317e-05,2.221906e-05,1.165205e-05,7.289710e-07,-1.012383e-05,-1.029542e-03,-1.037644e-03,-1.045538e-03,-1.052354e-03,-1.058322e-03,-1.063526e-03,-1.068073e-03,-1.071539e-03,-1.073477e-03,-1.073286e-03,-1.070529e-03,-1.064798e-03,-1.057870e-03,-1.051475e-03,-1.047055e-03,-1.046829e-03,-1.047944e-03,-1.050565e-03,-1.053685e-03,-1.056563e-03,-1.058794e-03,-1.059856e-03,-1.059171e-03,-1.057193e-03,-1.054666e-03,-1.052275e-03,-1.050681e-03,-1.050690e-03,-1.052551e-03,-1.055296e-03,-1.058502e-03,-1.061420e-03,-1.064294e-03,-1.030124e-04,-8.996691e-05,-7.697314e-05,-6.324889e-05,-4.709442e-05,-2.814822e-05,-8.950150e-06,7.465557e-06,1.799056e-05,2.217432e-05,2.174173e-05,1.901648e-05,1.310328e-05,5.932661e-06,-2.260331e-06,-1.026370e-05,-1.551280e-05,-1.590361e-05,-9.642661e-06,1.748122e-06,1.576270e-05,3.008138e-05,4.166953e-05,4.895705e-05,5.135889e-05,4.817166e-05,3.869049e-05,2.233477e-05,-1.971150e-06,-3.138231e-05,-6.457492e-05,-9.887052e-05,-1.329652e-04,1.095168e-03,1.106805e-03,1.118144e-03,1.127733e-03,1.132733e-03,1.129328e-03,1.116221e-03,1.093250e-03,1.062481e-03,1.027018e-03,9.936461e-04,9.672317e-04,9.514720e-04,9.503218e-04,9.666346e-04,1.002295e-03,1.047712e-03,1.095218e-03,1.136589e-03,1.167152e-03,1.181177e-03,1.179030e-03,1.162121e-03,1.132822e-03,1.094500e-03,1.050234e-03,1.003127e-03,9.564741e-04,9.127730e-04,8.724886e-04,8.356032e-04,7.972698e-04,7.589679e-04
-1.410917e-06,1.285661e-05,6.830366e-05,-5.711406e-04,-5.756503e-04,-5.783746e-04,-5.786705e-04,-5.817560e-04,-5.841097e-04,-5.851168e-04,-5.792517e-04,-5.665420e-04,-5.428784e-04,-5.186714e-04,-4.979767e-04,-4.896738e-04,-4.954233e-04,-5.146836e-04,-5.443101e-04,-5.638921e-04,-5.779517e-04,-5.870305e-04,-5.964857e-04,-6.021323e-04,-6.045683e-04,-5.969414e-04,-5.804811e-04,-5.592095e-04,-5.360519e-04,-5.141587e-04,-4.968771e-04,-4.865220e-04,-4.822571e-04,-4.814367e-04,-4.836760e-04,-4.854193e-04,-6.603356e-06,-3.504852e-06,-4.015475e-07,2.659394e-06,5.760433e-06,7.710418e-06,8.412081e-06,9.187706e-06,1.077662e-05,1.222692e-05,1.344011e-05,1.469567e-05,1.631138e-05,1.750503e-05,1.775029e-05,1.729971e-05,1.619007e-05,1.442445e-05,1.253848e-05,1.187603e-05,1.178650e-05,1.049510e-05,8.265450e-06,5.565779e-06,2.598254e-06,-4.151925e-07,-3.256394e-06,-5.711885e-06,-7.545846e-06,-8.531455e-06,-9.295646e-06,-1.028229e-05,-1.122726e-05,-3.556410e-05,-3.804387e-05,-4.057124e-05,-4.114832e-05,-3.988429e-05,-3.865836e-05,-3.811161e-05,-3.848473e-05,-4.023001e-05,-4.226189e-05,-4.437269e-05,-4.663788e-05,-4.870506e-05,-5.002631e-05,-4.983841e-05,-4.759784e-05,-4.480295e-05,-4.360765e-05,-4.340072e-05,-4.284555e-05,-4.197240e-05,-4.056677e-05,-3.875746e-05,-3.712055e-05,-3.592547e-05,-3.547546e-05,-3.605032e-05,-3.798982e-05,-4.141399e-05,-4.595119e-05,-5.134065e-05,-5.703987e-05,-6.269321e-05,-9.798076e-09,4.605680e-07,9.284063e-07,1.400165e-06,1.535233e-06,2.260218e-06,3.348633e-06,3.456729e-06,1.619644e-06,-1.432053e-06,-6.121258e-06,-1.322801e-05,-2.237323e-05,-2.952090e-05,-3.169578e-05,-2.980124e-05,-2.477639e-05,-1.719266e-05,-7.803599e-06,1.662798e-06,1.114060e-05,2.158199e-05,3.164525e-05,3.962557e-05,4.439567e-05,4.472912e-05,3.940640e-05,2.727953e-05,6.907434e-06,-2.129910e-05,-5.288341e-05,-8.454355e-05,-1.161788e-04,2.850823e-05,3.915916e-05,4.995062e-05,5.834247e-05,6.415379e-05,6.891555e-05,7.310551e-05,7.696359e-05,8.108081e-05,8.401402e-05,8.574944e-05,8.649891e-05,8.842043e-05,9.218316e-05,9.397293e-05,9.233358e-05,8.865398e-05,8.598947e-05,8.380499e-05,8.076168e-05,7.701624e-05,7.258696e-05,6.797740e-05,6.408116e-05,6.079542e-05,5.818174e-05,5.626311e-05,5.505236e-05,5.463770e-05,5.155772e-05,4.430525e-05,3.533444e-05,2.650851e-05
-1.170882e-05,-8.771965e-05,-5.711406e-04,3.351233e-02,1.927049e-02,8.830985e-03,3.814173e-03,2.190216e-03,2.268163e-03,3.129957e-03,3.995368e-03,4.555952e-03,4.685020e-03,4.559682e-03,4.292278e-03,4.135278e-03,4.188609e-03,4.359812e-03,4.595166e-03,4.740403e-03,4.840357e-03,4.902506e-03,4.980842e-03,5.033914e-03,5.062076e-03,5.008254e-03,4.878776e-03,4.706902e-03,4.516119e-03,4.331978e-03,4.181548e-03,4.083605e-03,4.034136e-03,4.012168e-03,4.015163e-03,4.014079e-03,3.347315e-03,2.926815e-03,2.506270e-03,2.087732e-03,1.679049e-03,1.280078e-03,9.144305e-04,6.111607e-04,3.748810e-04,2.001057e-04,7.712388e-05,-4.766388e-06,-6.311702e-05,-9.744641e-05,-1.100951e-04,-1.077207e-04,-9.334642e-05,-7.016795e-05,-4.553546e-05,-3.228924e-05,-2.555402e-05,-1.024506e-05,1.219939e-05,3.810423e-05,6.585941e-05,9.369702e-05,1.198791e-04,1.427057e-04,1.602967e-04,1.707635e-04,1.792504e-04,1.895898e-04,1.995801e-04,-6.329806e-03,-4.860600e-03,-3.376197e-03,-2.108614e-03,-1.092343e-03,-3.218432e-04,2.249481e-04,5.772637e-04,7.635836e-04,8.201828e-04,7.891656e-04,7.115094e-04,6.182215e-04,5.296436e-04,4.458001e-04,3.650347e-04,2.966152e-04,2.555431e-04,2.330135e-04,2.156161e-04,2.022586e-04,1.896516e-04,1.776167e-04,1.701264e-04,1.687893e-04,1.754778e-04,1.918797e-04,2.201577e-04,2.607337e-04,3.103331e-04,3.668182e-04,4.258351e-04,4.844706e-04,-1.548740e-04,-1.517111e-04,-1.485100e-04,-1.456020e-04,-1.403425e-04,-1.378242e-04,-1.371917e-04,-1.289843e-04,-1.063409e-04,-7.547066e-05,-3.293622e-05,2.771208e-05,1.034309e-04,1.605540e-04,1.748354e-04,1.549038e-04,1.094946e-04,4.384383e-05,-3.546919e-05,-1.141553e-04,-1.918829e-04,-2.768569e-04,-3.580121e-04,-4.212760e-04,-4.574367e-04,-4.564371e-04,-4.082879e-04,-3.035743e-04,-1.305150e-04,1.075651e-04,3.736388e-04,6.401234e-04,9.064302e-04,1.224207e-04,-7.176343e-05,-2.692808e-04,-4.181648e-04,-5.181803e-04,-5.868285e-04,-6.332386e-04,-6.640584e-04,-6.870601e-04,-6.949237e-04,-6.900303e-04,-6.770400e-04,-6.768524e-04,-6.963665e-04,-7.029332e-04,-6.836582e-04,-6.495993e-04,-6.259612e-04,-6.080117e-04,-5.842218e-04,-5.557423e-04,-5.222925e-04,-4.876935e-04,-4.591576e-04,-4.356280e-04,-4.174248e-04,-4.045468e-04,-3.969007e-04,-3.950520e-04,-3.703312e-04,-3.101408e-04,-2.355469e-04,-1.621837e-04
-4.872449e-06,-8.197373e-05,-5.756503e-04,1.927049e-02,1.446210e-02,8.794204e-03,5.652423e-03,4.150443e-03,3.785124e-03,4.016947e-03,4.367602e-03,4.604553e-03,4.592315e-03,4.451316e-03,4.245394e-03,4.146293e-03,4.209841e-03,4.379555e-03,4.620283e-03,4.772152e-03,4.878581e-03,4.945733e-03,5.024229e-03,5.074895e-03,5.100094e-03,5.041979e-03,4.908726e-03,4.733781e-03,4.541079e-03,4.356547e-03,4.207656e-03,4.113545e-03,4.068879e-03,4.052106e-03,4.060690e-03,4.065168e-03,2.380898e-03,2.053497e-03,1.725940e-03,1.400369e-03,1.080292e-03,7.853075e-04,5.328105e-04,3.301494e-04,1.736058e-04,5.991640e-05,-1.772089e-05,-6.767459e-05,-1.030620e-04,-1.225503e-04,-1.266727e-04,-1.200891e-04,-1.047061e-04,-8.238043e-05,-5.926933e-05,-4.759290e-05,-4.213211e-05,-2.775723e-05,-6.263514e-06,1.857722e-05,4.514977e-05,7.167422e-05,9.640174e-05,1.176238e-04,1.334413e-04,1.420254e-04,1.486069e-04,1.570454e-04,1.651347e-04,-3.647604e-03,-2.734160e-03,-1.809502e-03,-1.045855e-03,-4.639097e-04,-3.273490e-05,2.676564e-04,4.571081e-04,5.563244e-04,5.846638e-04,5.661864e-04,5.248039e-04,4.761502e-04,4.288961e-04,3.797126e-04,3.250150e-04,2.754987e-04,2.475774e-04,2.339131e-04,2.219406e-04,2.111582e-04,1.989132e-04,1.855953e-04,1.755536e-04,1.706597e-04,1.730619e-04,1.847187e-04,2.080713e-04,2.437935e-04,2.886848e-04,3.405872e-04,3.950762e-04,4.491817e-04,-1.314103e-04,-1.260242e-04,-1.206006e-04,-1.153218e-04,-1.068197e-04,-1.030164e-04,-1.031194e-04,-9.654102e-05,-7.568237e-05,-4.646791e-05,-5.212664e-06,5.482776e-05,1.305864e-04,1.883043e-04,2.033398e-04,1.840433e-04,1.390409e-04,7.353035e-05,-5.886589e-06,-8.483029e-05,-1.630244e-04,-2.487789e-04,-3.310125e-04,-3.955423e-04,-4.330335e-04,-4.333096e-04,-3.862589e-04,-2.823513e-04,-1.096654e-04,1.285364e-04,3.948863e-04,6.616689e-04,9.282720e-04,2.949666e-05,-1.294121e-04,-2.911244e-04,-4.117386e-04,-4.906883e-04,-5.462311e-04,-5.862037e-04,-6.158732e-04,-6.423973e-04,-6.566543e-04,-6.596025e-04,-6.544490e-04,-6.608270e-04,-6.848261e-04,-6.935828e-04,-6.741943e-04,-6.385429e-04,-6.126180e-04,-5.921809e-04,-5.659555e-04,-5.354255e-04,-5.004270e-04,-4.648681e-04,-4.359982e-04,-4.126557e-04,-3.950811e-04,-3.831890e-04,-3.767953e-04,-3.764058e-04,-3.529805e-04,-2.938002e-04,-2.201641e-04,-1.477624e-04
1.946071e-06,-7.423409e-05,-5.783746e-04,8.830985e-03,8.794204e-03,9.091747e-03,7.451042e-03,6.128790e-03,5.279775e-03,4.881303e-03,4.715469e-03,4.633356e-03,4.483557e-03,4.329589e-03,4.186241e-03,4.144643e-03,4.217294e-03,4.384715e-03,4.630480e-03,4.789081e-03,4.901960e-03,4.973998e-03,5.052367e-03,5.100360e-03,5.122469e-03,5.060244e-03,4.923678e-03,4.746273e-03,4.552317e-03,4.368014e-03,4.221126e-03,4.131099e-03,4.091302e-03,4.079648e-03,4.093654e-03,4.103549e-03,1.376880e-03,1.147276e-03,9.174044e-04,6.895196e-04,4.627973e-04,2.766880e-04,1.418801e-04,4.370017e-05,-3.011965e-05,-8.073074e-05,-1.118278e-04,-1.291959e-04,-1.413157e-04,-1.458771e-04,-1.415027e-04,-1.308261e-04,-1.146173e-04,-9.337595e-05,-7.203122e-05,-6.212607e-05,-5.809187e-05,-4.479467e-05,-2.438768e-05,-7.334833e-07,2.454640e-05,4.965933e-05,7.284468e-05,9.238482e-05,1.063599e-04,1.130062e-04,1.176260e-04,1.240991e-04,1.302244e-04,-9.030666e-04,-5.527717e-04,-1.953037e-04,5.575291e-05,1.942609e-04,2.774878e-04,3.236460e-04,3.434287e-04,3.500260e-04,3.460208e-04,3.372769e-04,3.304278e-04,3.254655e-04,3.191506e-04,3.046023e-04,2.761477e-04,2.457957e-04,2.312437e-04,2.266296e-04,2.202630e-04,2.122296e-04,2.005166e-04,1.860782e-04,1.736246e-04,1.652829e-04,1.634688e-04,1.704039e-04,1.887979e-04,2.195754e-04,2.596291e-04,3.067933e-04,3.565921e-04,4.060066e-04,-1.078422e-04,-1.001939e-04,-9.250894e-05,-8.482428e-05,-7.305428e-05,-6.795025e-05,-6.876657e-05,-6.381955e-05,-4.479670e-05,-1.731045e-05,2.255826e-05,8.182784e-05,1.574006e-04,2.155266e-04,2.312368e-04,2.125892e-04,1.680952e-04,1.029152e-04,2.366663e-05,-5.523240e-05,-1.335778e-04,-2.197740e-04,-3.027751e-04,-3.683390e-04,-4.070396e-04,-4.086150e-04,-3.628657e-04,-2.601778e-04,-8.853191e-05,1.488996e-04,4.145269e-04,6.806007e-04,9.464949e-04,-5.848238e-05,-1.815289e-04,-3.068394e-04,-3.984821e-04,-4.556817e-04,-4.975583e-04,-5.306910e-04,-5.589816e-04,-5.889614e-04,-6.097263e-04,-6.207345e-04,-6.236666e-04,-6.367833e-04,-6.653005e-04,-6.762017e-04,-6.565932e-04,-6.192066e-04,-5.907878e-04,-5.676634e-04,-5.388783e-04,-5.062860e-04,-4.698400e-04,-4.335165e-04,-4.045659e-04,-3.817042e-04,-3.650724e-04,-3.544820e-04,-3.496378e-04,-3.509692e-04,-3.291484e-04,-2.713726e-04,-1.991406e-04,-1.281427e-04
7.723389e-06,-6.717198e-05,-5.786705e-04,3.814173e-03,5.652423e-03,7.451042e-03,9.072173e-03,7.898335e-03,6.824452e-03,5.832861e-03,5.153455e-03,4.706448e-03,4.383447e-03,4.192891e-03,4.101869e-03,4.122713e-03,4.217997e-03,4.387964e-03,4.633220e-03,4.790182e-03,4.904471e-03,4.979084e-03,5.057094e-03,5.103464e-03,5.123448e-03,5.058257e-03,4.919649e-03,4.740996e-03,4.546799e-03,4.363383e-03,4.218653e-03,4.132205e-03,4.096351e-03,4.088859e-03,4.107265e-03,4.121562e-03,9.144142e-04,7.140971e-04,5.134090e-04,3.147573e-04,1.132670e-04,-3.243407e-05,-1.121105e-04,-1.583518e-04,-1.895356e-04,-2.040637e-04,-2.049583e-04,-1.982768e-04,-1.906719e-04,-1.809269e-04,-1.675232e-04,-1.514303e-04,-1.324879e-04,-1.100735e-04,-8.810312e-05,-7.766234e-05,-7.309613e-05,-5.940356e-05,-3.904033e-05,-1.588810e-05,8.492061e-06,3.236134e-05,5.401437e-05,7.178976e-05,8.381845e-05,8.844551e-05,9.102897e-05,9.545951e-05,9.954410e-05,5.392772e-04,5.282921e-04,5.208978e-04,4.533090e-04,3.257128e-04,2.137941e-04,1.329472e-04,8.466182e-05,7.418243e-05,8.879552e-05,1.205443e-04,1.636271e-04,2.073566e-04,2.408556e-04,2.567303e-04,2.494417e-04,2.332096e-04,2.277023e-04,2.285157e-04,2.248379e-04,2.172955e-04,2.044781e-04,1.878503e-04,1.723903e-04,1.603972e-04,1.544695e-04,1.570079e-04,1.709049e-04,1.972573e-04,2.330045e-04,2.759441e-04,3.215587e-04,3.667893e-04,-9.640724e-05,-8.539597e-05,-7.435363e-05,-6.313112e-05,-4.684961e-05,-3.882396e-05,-3.882014e-05,-3.428794e-05,-1.640321e-05,9.452971e-06,4.755654e-05,1.053357e-04,1.798327e-04,2.375752e-04,2.534989e-04,2.353287e-04,1.913900e-04,1.267425e-04,4.796491e-05,-3.055116e-05,-1.086681e-04,-1.948470e-04,-2.781185e-04,-3.442445e-04,-3.837555e-04,-3.863545e-04,-3.418043e-04,-2.404549e-04,-7.024759e-05,1.657354e-04,4.298502e-04,6.944195e-04,9.588103e-04,-1.106012e-04,-2.083130e-04,-3.077931e-04,-3.801122e-04,-4.236240e-04,-4.576305e-04,-4.874457e-04,-5.158197e-04,-5.488624e-04,-5.742339e-04,-5.904902e-04,-5.984124e-04,-6.153232e-04,-6.458947e-04,-6.572750e-04,-6.366765e-04,-5.974604e-04,-5.668777e-04,-5.416299e-04,-5.109818e-04,-4.770191e-04,-4.397539e-04,-4.031846e-04,-3.745322e-04,-3.524121e-04,-3.368789e-04,-3.276556e-04,-3.243524e-04,-3.273308e-04,-3.071232e-04,-2.509049e-04,-1.802793e-04,-1.108835e-04
1.321827e-05,-6.356327e-05,-5.817560e-04,2.190216e-03,4.150443e-03,6.128790e-03,7.898335e-03,9.534147e-03,8.511479e-03,7.208979e-03,5.938984e-03,5.008455e-03,4.415339e-03,4.122366e-03,4.043501e-03,4.106050e-03,4.223428e-03,4.404481e-03,4.655035e-03,4.812510e-03,4.929614e-03,5.008155e-03,5.086578e-03,5.131634e-03,5.149609e-03,5.081232e-03,4.939905e-03,4.759048e-03,4.563468e-03,4.379726e-03,4.235987e-03,4.152080e-03,4.119611e-03,4.115971e-03,4.138584e-03,4.157063e-03,-6.216945e-05,-1.480687e-04,-2.343466e-04,-3.188382e-04,-4.080705e-04,-4.398395e-04,-4.083845e-04,-3.653321e-04,-3.334316e-04,-3.011598e-04,-2.678190e-04,-2.376967e-04,-2.132612e-04,-1.929355e-04,-1.744160e-04,-1.570353e-04,-1.393790e-04,-1.194471e-04,-9.993940e-05,-9.149256e-05,-8.835005e-05,-7.559939e-05,-5.603987e-05,-3.365659e-05,-1.002946e-05,1.307699e-05,3.393299e-05,5.085435e-05,6.194159e-05,6.555616e-05,6.711779e-05,7.053147e-05,7.359894e-05,9.778842e-04,7.664721e-04,5.560789e-04,3.201656e-04,6.658967e-05,-1.231865e-04,-2.364217e-04,-2.774279e-04,-2.460929e-04,-1.719676e-04,-7.481292e-05,3.044395e-05,1.260606e-04,1.971726e-04,2.386933e-04,2.474097e-04,2.405178e-04,2.401433e-04,2.434173e-04,2.402731e-04,2.317567e-04,2.169305e-04,1.976608e-04,1.791362e-04,1.637652e-04,1.542666e-04,1.531575e-04,1.634517e-04,1.863502e-04,2.188027e-04,2.585620e-04,3.010460e-04,3.431439e-04,-6.021675e-05,-4.917990e-05,-3.810980e-05,-2.686032e-05,-1.056908e-05,-3.532057e-06,-5.639234e-06,-3.490362e-06,1.223809e-05,3.595171e-05,7.214444e-05,1.285988e-04,2.023783e-04,2.600063e-04,2.761975e-04,2.584195e-04,2.148205e-04,1.503501e-04,7.154703e-05,-7.135880e-06,-8.559409e-05,-1.723546e-04,-2.564368e-04,-3.235242e-04,-3.640565e-04,-3.676486e-04,-3.239735e-04,-2.232963e-04,-5.345444e-05,1.825141e-04,4.467245e-04,7.114107e-04,9.759163e-04,-1.541566e-04,-2.341694e-04,-3.155993e-04,-3.746499e-04,-4.094553e-04,-4.388307e-04,-4.667976e-04,-4.954662e-04,-5.310043e-04,-5.593943e-04,-5.786941e-04,-5.892717e-04,-6.078958e-04,-6.389897e-04,-6.498866e-04,-6.279592e-04,-5.870353e-04,-5.547928e-04,-5.280825e-04,-4.961882e-04,-4.612912e-04,-4.234242e-04,-3.866209e-04,-3.581252e-04,-3.364861e-04,-3.217073e-04,-3.134581e-04,-3.112904e-04,-3.155292e-04,-2.964538e-04,-2.411706e-04,-1.714435e-04,-1.029484e-04
1.779673e-05,-6.217436e-05,-5.841097e-04,2.268163e-03,3.785124e-03,5.279775e-03,6.824452e-03,8.511479e-03,1.013821e-02,8.755549e-03,7.131571e-03,5.639128e-03,4.702926e-03,4.211352e-03,4.050380e-03,4.084770e-03,4.201656e-03,4.396338e-03,4.660432e-03,4.826441e-03,4.948650e-03,5.030083e-03,5.109294e-03,5.154276e-03,5.171381e-03,5.101549e-03,4.958854e-03,4.776719e-03,4.580050e-03,4.395483e-03,4.251253e-03,4.167300e-03,4.135279e-03,4.132244e-03,4.155685e-03,4.174980e-03,-5.427295e-04,-5.400054e-04,-5.375730e-04,-5.338391e-04,-5.344215e-04,-4.887875e-04,-3.924209e-04,-3.106090e-04,-2.697838e-04,-2.409471e-04,-2.173555e-04,-2.005369e-04,-1.884830e-04,-1.789259e-04,-1.695795e-04,-1.599590e-04,-1.486115e-04,-1.335421e-04,-1.174903e-04,-1.113662e-04,-1.096753e-04,-9.766341e-05,-7.832550e-05,-5.577387e-05,-3.166500e-05,-7.845097e-06,1.387508e-05,3.173261e-05,4.373956e-05,4.819513e-05,5.057253e-05,5.480342e-05,5.868839e-05,9.382146e-04,6.759756e-04,4.135799e-04,1.422295e-04,-1.258242e-04,-3.194492e-04,-4.246112e-04,-4.437113e-04,-3.742974e-04,-2.617399e-04,-1.318345e-04,-1.429919e-06,1.109467e-04,1.913008e-04,2.374963e-04,2.484885e-04,2.424955e-04,2.422060e-04,2.451240e-04,2.413233e-04,2.319627e-04,2.162195e-04,1.960640e-04,1.767322e-04,1.606241e-04,1.504566e-04,1.487428e-04,1.584945e-04,1.809043e-04,2.129429e-04,2.523569e-04,2.945288e-04,3.363130e-04,-1.438395e-05,-6.282759e-06,1.852289e-06,1.007634e-05,2.267729e-05,2.631316e-05,2.089624e-05,2.044762e-05,3.471349e-05,5.718230e-05,9.231733e-05,1.481204e-04,2.216043e-04,2.791795e-04,2.954414e-04,2.777595e-04,2.341676e-04,1.695751e-04,9.051980e-05,1.151486e-05,-6.734852e-05,-1.546495e-04,-2.394096e-04,-3.072513e-04,-3.485460e-04,-3.528423e-04,-3.097455e-04,-2.094575e-04,-3.973552e-05,1.964052e-04,4.608886e-04,7.258713e-04,9.906708e-04,-1.662981e-04,-2.417053e-04,-3.183669e-04,-3.749523e-04,-4.096741e-04,-4.397687e-04,-4.681880e-04,-4.972172e-04,-5.339087e-04,-5.624957e-04,-5.811631e-04,-5.906839e-04,-6.079418e-04,-6.375465e-04,-6.470557e-04,-6.239377e-04,-5.820484e-04,-5.490980e-04,-5.218490e-04,-4.895047e-04,-4.542712e-04,-4.161969e-04,-3.793539e-04,-3.510125e-04,-3.296915e-04,-3.153732e-04,-3.077043e-04,-3.062106e-04,-3.112057e-04,-2.927922e-04,-2.380374e-04,-1.688061e-04,-1.008081e-04
2.029687e-05,-6.275810e-05,-5.851168e-04,3.129957e-03,4.016947e-03,4.881303e-03,5.832861e-03,7.208979e-03,8.755549e-03,1.006554e-02,8.417589e-03,6.689786e-03,5.396323e-03,4.598397e-03,4.198895e-03,4.083052e-03,4.146771e-03,4.347503e-03,4.633932e-03,4.820706e-03,4.953746e-03,5.039047e-03,5.120321e-03,5.166702e-03,5.184057e-03,5.114562e-03,4.971954e-03,4.789587e-03,4.592228e-03,4.406399e-03,4.260186e-03,4.173506e-03,4.138897e-03,4.133074e-03,4.153763e-03,4.170311e-03,-2.619409e-04,-2.328764e-04,-2.039830e-04,-1.743246e-04,-1.474798e-04,-9.146407e-05,-7.848537e-06,3.775526e-05,2.000691e-05,-9.424933e-06,-3.941688e-05,-7.215278e-05,-1.031500e-04,-1.276356e-04,-1.432449e-04,-1.516932e-04,-1.527303e-04,-1.458283e-04,-1.350645e-04,-1.323029e-04,-1.326604e-04,-1.216102e-04,-1.021937e-04,-7.869094e-05,-5.291028e-05,-2.685390e-05,-2.488258e-06,1.827103e-05,3.327101e-05,4.065388e-05,4.592122e-05,5.303789e-05,5.980982e-05,6.307214e-04,4.140241e-04,1.968544e-04,-2.344891e-05,-2.306694e-04,-3.699543e-04,-4.282785e-04,-4.062042e-04,-2.980943e-04,-1.666004e-04,-3.803490e-05,7.593663e-05,1.650159e-04,2.228082e-04,2.504767e-04,2.489021e-04,2.350100e-04,2.296505e-04,2.294367e-04,2.239561e-04,2.141382e-04,1.988813e-04,1.799345e-04,1.624055e-04,1.485570e-04,1.409712e-04,1.420261e-04,1.545968e-04,1.797480e-04,2.144884e-04,2.566094e-04,3.014988e-04,3.459999e-04,2.634205e-05,2.994811e-05,3.358842e-05,3.719335e-05,4.425500e-05,4.338031e-05,3.509108e-05,3.328677e-05,4.777593e-05,7.040622e-05,1.055288e-04,1.613657e-04,2.348711e-04,2.921999e-04,3.079526e-04,2.896677e-04,2.453969e-04,1.801198e-04,1.004238e-04,2.085909e-05,-5.848305e-05,-1.462190e-04,-2.313984e-04,-2.996240e-04,-3.412434e-04,-3.457837e-04,-3.028269e-04,-2.025550e-04,-3.269473e-05,2.037375e-04,4.685725e-04,7.339248e-04,9.990914e-04,-1.636566e-04,-2.391327e-04,-3.158096e-04,-3.732988e-04,-4.104028e-04,-4.429555e-04,-4.735659e-04,-5.045720e-04,-5.432534e-04,-5.714205e-04,-5.879627e-04,-5.947414e-04,-6.093536e-04,-6.370543e-04,-6.455615e-04,-6.224167e-04,-5.810830e-04,-5.488994e-04,-5.223799e-04,-4.906133e-04,-4.557982e-04,-4.180110e-04,-3.813705e-04,-3.531755e-04,-3.319557e-04,-3.177064e-04,-3.100871e-04,-3.086348e-04,-3.136810e-04,-2.952752e-04,-2.404860e-04,-1.712036e-04,-1.031546e-04
2.058672e-05,-6.148390e-05,-5.792517e-04,3.995368e-03,4.367602e-03,4.715469e-03,5.153455e-03,5.938984e-03,7.131571e-03,8.417589e-03,9.464091e-03,7.850715e-03,6.518397e-03,5.315701e-03,4.505779e-03,4.083165e-03,4.013900e-03,4.200428e-03,4.517715e-03,4.742337e-03,4.897074e-03,4.991796e-03,5.075684e-03,5.121299e-03,5.138186e-03,5.070592e-03,4.930135e-03,4.749859e-03,4.553942e-03,4.368418e-03,4.220765e-03,4.130672e-03,4.092458e-03,4.082158e-03,4.097795e-03,4.109374e-03,-2.683737e-05,1.637407e-05,5.950469e-05,1.030414e-04,1.451491e-04,2.031614e-04,2.709546e-04,2.961448e-04,2.508301e-04,2.008326e-04,1.536173e-04,9.773306e-05,3.608124e-05,-1.812531e-05,-5.844884e-05,-8.841173e-05,-1.079130e-04,-1.170236e-04,-1.202011e-04,-1.291471e-04,-1.387343e-04,-1.343895e-04,-1.190555e-04,-9.728396e-05,-7.125951e-05,-4.335312e-05,-1.590340e-05,8.807947e-06,2.824087e-05,4.017399e-05,4.999462e-05,6.162731e-05,7.292236e-05,2.997203e-04,1.791536e-04,5.825680e-05,-6.667290e-05,-1.797254e-04,-2.420540e-04,-2.429898e-04,-1.822632e-04,-5.081219e-05,7.359325e-05,1.666435e-04,2.243508e-04,2.534072e-04,2.610088e-04,2.506708e-04,2.246069e-04,1.962517e-04,1.821808e-04,1.775646e-04,1.710573e-04,1.628211e-04,1.509420e-04,1.364672e-04,1.241447e-04,1.159924e-04,1.143375e-04,1.213091e-04,1.395194e-04,1.698207e-04,2.093601e-04,2.560985e-04,3.055489e-04,3.546170e-04,4.331960e-05,4.332444e-05,4.335837e-05,4.331689e-05,4.619088e-05,4.249825e-05,3.344577e-05,3.214590e-05,4.845807e-05,7.256995e-05,1.087760e-04,1.654707e-04,2.395019e-04,2.967645e-04,3.120458e-04,2.932642e-04,2.485861e-04,1.831339e-04,1.035221e-04,2.416097e-05,-5.487617e-05,-1.421452e-04,-2.268356e-04,-2.946935e-04,-3.361697e-04,-3.409019e-04,-2.985826e-04,-1.994980e-04,-3.150325e-05,2.024258e-04,4.644836e-04,7.270582e-04,9.894484e-04,-1.347205e-04,-2.116351e-04,-2.897379e-04,-3.489265e-04,-3.885888e-04,-4.235356e-04,-4.568134e-04,-4.906059e-04,-5.317686e-04,-5.598103e-04,-5.745919e-04,-5.791308e-04,-5.917840e-04,-6.185975e-04,-6.274171e-04,-6.059331e-04,-5.668928e-04,-5.367938e-04,-5.120333e-04,-4.817774e-04,-4.482514e-04,-4.115801e-04,-3.758858e-04,-3.483967e-04,-3.276704e-04,-3.137138e-04,-3.062023e-04,-3.046876e-04,-3.095166e-04,-2.910780e-04,-2.366029e-04,-1.677846e-04,-1.001869e-04
2.182877e-05,-5.525336e-05,-5.665420e-04,4.555952e-03,4.604553e-03,4.633356e-03,4.706448e-03,5.008455e-03,5.639128e-03,6.689786e-03,7.850715e-03,9.161603e-03,8.028051e-03,6.552357e-03,5.089443e-03,4.139187e-03,3.806081e-03,3.941199e-03,4.298163e-03,4.585014e-03,4.777375e-03,4.889905e-03,4.977663e-03,5.019428e-03,5.035350e-03,4.972478e-03,4.837085e-03,4.661764e-03,4.469498e-03,4.285377e-03,4.135678e-03,4.039670e-03,3.995005e-03,3.976321e-03,3.982206e-03,3.984223e-03,-3.049194e-04,-2.147105e-04,-1.245351e-04,-3.410546e-05,5.577285e-05,1.541505e-04,2.531564e-04,3.179923e-04,3.238000e-04,3.338492e-04,3.396558e-04,3.101793e-04,2.414288e-04,1.662432e-04,1.028196e-04,4.654659e-05,-8.398064e-07,-3.852553e-05,-6.973716e-05,-1.041762e-04,-1.349055e-04,-1.466990e-04,-1.421403e-04,-1.262549e-04,-1.020109e-04,-7.253346e-05,-4.092620e-05,-1.022258e-05,1.624364e-05,3.551761e-05,5.270973e-05,7.162863e-05,9.022581e-05,3.233620e-07,4.912159e-05,9.790206e-05,1.380861e-04,1.770858e-04,2.358381e-04,3.165253e-04,4.137021e-04,5.313823e-04,5.896463e-04,5.757421e-04,4.998819e-04,4.003817e-04,3.075244e-04,2.241040e-04,1.517076e-04,9.650114e-05,6.681364e-05,5.528681e-05,4.870689e-05,4.549979e-05,4.196066e-05,3.757610e-05,3.635491e-05,3.989898e-05,5.008776e-05,6.861790e-05,9.763962e-05,1.376478e-04,1.860990e-04,2.413195e-04,2.991138e-04,3.565401e-04,4.893467e-05,4.853965e-05,4.816307e-05,4.775676e-05,5.017164e-05,4.732788e-05,4.084545e-05,4.252631e-05,6.134963e-05,8.680526e-05,1.236081e-04,1.805277e-04,2.544705e-04,3.108741e-04,3.247779e-04,3.047673e-04,2.592262e-04,1.935282e-04,1.142958e-04,3.557820e-05,-4.265977e-05,-1.288665e-04,-2.125434e-04,-2.797471e-04,-3.211467e-04,-3.266157e-04,-2.860815e-04,-1.900516e-04,-2.665825e-05,2.012471e-04,4.566479e-04,7.125562e-04,9.682849e-04,-6.135825e-05,-1.452001e-04,-2.302184e-04,-2.964585e-04,-3.432285e-04,-3.841299e-04,-4.223449e-04,-4.594003e-04,-5.008903e-04,-5.259255e-04,-5.361242e-04,-5.359530e-04,-5.451276e-04,-5.708137e-04,-5.805445e-04,-5.619871e-04,-5.266895e-04,-4.997010e-04,-4.774419e-04,-4.493814e-04,-4.178993e-04,-3.832241e-04,-3.494570e-04,-3.236294e-04,-3.043089e-04,-2.914791e-04,-2.848018e-04,-2.838105e-04,-2.888438e-04,-2.709841e-04,-2.177999e-04,-1.506155e-04,-8.462327e-05
3.203540e-05,-4.592063e-05,-5.428784e-04,4.685020e-03,4.592315e-03,4.483557e-03,4.383447e-03,4.415339e-03,4.702926e-03,5.396323e-03,6.518397e-03,8.028051e-03,9.627914e-03,7.988851e-03,6.010761e-03,4.354311e-03,3.590875e-03,3.578352e-03,3.946713e-03,4.299027e-03,4.541477e-03,4.682326e-03,4.780951e-03,4.823907e-03,4.838258e-03,4.777813e-03,4.647246e-03,4.477812e-03,4.291294e-03,4.111605e-03,3.963605e-03,3.866100e-03,3.819122e-03,3.796080e-03,3.796333e-03,3.792962e-03,-7.982583e-04,-6.179521e-04,-4.376610e-04,-2.571628e-04,-7.680783e-05,1.088387e-04,2.905688e-04,4.425017e-04,5.389386e-04,6.224900e-04,6.686780e-04,6.307691e-04,5.059456e-04,3.634027e-04,2.441629e-04,1.400995e-04,5.245932e-05,-1.939171e-05,-7.944382e-05,-1.368709e-04,-1.848753e-04,-2.089835e-04,-2.119683e-04,-1.994232e-04,-1.749875e-04,-1.424560e-04,-1.056053e-04,-6.812875e-05,-3.406936e-05,-6.957815e-06,1.808455e-05,4.473420e-05,7.108596e-05,-1.802409e-04,-1.369011e-05,1.530646e-04,3.079346e-04,4.510981e-04,5.919127e-04,7.245196e-04,8.372082e-04,9.263785e-04,9.222318e-04,8.187379e-04,6.318702e-04,4.324658e-04,2.731233e-04,1.480107e-04,5.482870e-05,-7.209424e-06,-3.891852e-05,-4.925985e-05,-5.188371e-05,-4.914854e-05,-4.549742e-05,-4.212903e-05,-3.543020e-05,-2.407622e-05,-6.471321e-06,1.880700e-05,5.360319e-05,9.822548e-05,1.505663e-04,2.093041e-04,2.705114e-04,3.313700e-04,1.001610e-04,9.874272e-05,9.733030e-05,9.591923e-05,9.734192e-05,9.441845e-05,8.893206e-05,9.172555e-05,1.109398e-04,1.369821e-04,1.749452e-04,2.334096e-04,3.087982e-04,3.655497e-04,3.786849e-04,3.576567e-04,3.111710e-04,2.451002e-04,1.662073e-04,8.805944e-05,1.062146e-05,-7.427897e-05,-1.567664e-04,-2.235076e-04,-2.655428e-04,-2.731609e-04,-2.366985e-04,-1.470527e-04,7.170169e-06,2.233224e-04,4.657988e-04,7.088135e-04,9.516519e-04,-2.749205e-06,-8.546149e-05,-1.693185e-04,-2.349124e-04,-2.813164e-04,-3.211241e-04,-3.575749e-04,-3.919458e-04,-4.290657e-04,-4.502955e-04,-4.585256e-04,-4.582942e-04,-4.693480e-04,-4.990933e-04,-5.140213e-04,-5.016925e-04,-4.725333e-04,-4.497554e-04,-4.301441e-04,-4.039983e-04,-3.741377e-04,-3.411123e-04,-3.090966e-04,-2.848687e-04,-2.670135e-04,-2.554876e-04,-2.499383e-04,-2.498783e-04,-2.556389e-04,-2.394225e-04,-1.893651e-04,-1.259774e-04,-6.372218e-05
4.154241e-05,-4.332330e-05,-5.186714e-04,4.559682e-03,4.451316e-03,4.329589e-03,4.192891e-03,4.122366e-03,4.211352e-03,4.598397e-03,5.315701e-03,6.552357e-03,7.988851e-03,8.909147e-03,6.828103e-03,4.871731e-03,3.662082e-03,3.406738e-03,3.680066e-03,4.023632e-03,4.284099e-03,4.443324e-03,4.557550e-03,4.613123e-03,4.630037e-03,4.569921e-03,4.442559e-03,4.277615e-03,4.096621e-03,3.922906e-03,3.780745e-03,3.688696e-03,3.645683e-03,3.625966e-03,3.629298e-03,3.629126e-03,-1.081213e-03,-8.451030e-04,-6.090072e-04,-3.726924e-04,-1.364098e-04,1.047319e-04,3.421051e-04,5.541633e-04,7.141686e-04,8.367001e-04,8.860930e-04,8.080779e-04,6.035037e-04,3.811144e-04,2.083574e-04,7.158939e-05,-3.236556e-05,-1.091497e-04,-1.669157e-04,-2.172695e-04,-2.566908e-04,-2.730638e-04,-2.697483e-04,-2.523538e-04,-2.242630e-04,-1.890551e-04,-1.502800e-04,-1.114071e-04,-7.625651e-05,-4.805534e-05,-2.192994e-05,5.734361e-06,3.311548e-05,-1.843974e-04,4.134626e-06,1.930055e-04,3.679634e-04,5.253817e-04,6.700620e-04,7.928712e-04,8.800749e-04,9.235718e-04,8.744365e-04,7.327671e-04,5.144551e-04,3.069643e-04,1.703840e-04,7.709051e-05,1.447024e-05,-2.057473e-05,-3.299891e-05,-3.144815e-05,-2.754379e-05,-2.239550e-05,-1.902256e-05,-1.746099e-05,-1.369412e-05,-6.246130e-06,6.662632e-06,2.663291e-05,5.567729e-05,9.431881e-05,1.406450e-04,1.933397e-04,2.485066e-04,3.033369e-04,1.451045e-04,1.439499e-04,1.427908e-04,1.416632e-04,1.434473e-04,1.414753e-04,1.375019e-04,1.417588e-04,1.616683e-04,1.892952e-04,2.296038e-04,2.904707e-04,3.678418e-04,4.250047e-04,4.366345e-04,4.131928e-04,3.640198e-04,2.957004e-04,2.153148e-04,1.360976e-04,5.821584e-05,-2.614201e-05,-1.077288e-04,-1.739013e-04,-2.161292e-04,-2.251773e-04,-1.918510e-04,-1.074981e-04,3.874462e-05,2.443127e-04,4.750546e-04,7.063763e-04,9.375224e-04,1.020930e-05,-6.957837e-05,-1.504733e-04,-2.136332e-04,-2.578887e-04,-2.950709e-04,-3.284168e-04,-3.591850e-04,-3.917224e-04,-4.107704e-04,-4.194371e-04,-4.215001e-04,-4.366015e-04,-4.718254e-04,-4.919205e-04,-4.840952e-04,-4.586069e-04,-4.375434e-04,-4.182019e-04,-3.918122e-04,-3.615249e-04,-3.281834e-04,-2.960130e-04,-2.716021e-04,-2.535839e-04,-2.419215e-04,-2.362784e-04,-2.361865e-04,-2.419766e-04,-2.269316e-04,-1.796959e-04,-1.197845e-04,-6.094541e-05
4.139889e-05,-5.494296e-05,-4.979767e-04,4.292278e-03,4.245394e-03,4.186241e-03,4.101869e-03,4.043501e-03,4.050380e-03,4.198895e-03,4.505779e-03,5.089443e-03,6.010761e-03,6.828103e-03,7.475446e-03,5.648079e-03,4.304713e-03,3.676663e-03,3.678303e-03,3.853913e-03,4.051746e-03,4.195115e-03,4.324494e-03,4.408016e-03,4.436741e-03,4.377817e-03,4.253719e-03,4.092706e-03,3.917507e-03,3.751887e-03,3.620993e-03,3.543270e-03,3.511030e-03,3.503724e-03,3.520664e-03,3.533994e-03,-7.750943e-04,-6.066827e-04,-4.382919e-04,-2.696453e-04,-1.010775e-04,7.346910e-05,2.492868e-04,4.099423e-04,5.346748e-04,6.199383e-04,6.280380e-04,5.082756e-04,2.547121e-04,-1.748560e-06,-1.732591e-04,-2.793679e-04,-3.324518e-04,-3.469175e-04,-3.388453e-04,-3.256069e-04,-3.103258e-04,-2.846301e-04,-2.523814e-04,-2.178846e-04,-1.825533e-04,-1.480776e-04,-1.160906e-04,-8.817730e-05,-6.616998e-05,-5.142422e-05,-3.875381e-05,-2.450430e-05,-1.054459e-05,1.915584e-05,1.185220e-04,2.182860e-04,3.031512e-04,3.695039e-04,4.235316e-04,4.599395e-04,4.699747e-04,4.479062e-04,3.707302e-04,2.498746e-04,1.053024e-04,1.739973e-05,2.696675e-05,6.546361e-05,9.967046e-05,1.319296e-04,1.632265e-04,1.876380e-04,1.986271e-04,1.989693e-04,1.898656e-04,1.748203e-04,1.592784e-04,1.455104e-04,1.361583e-04,1.336617e-04,1.408989e-04,1.591723e-04,1.861968e-04,2.200365e-04,2.564735e-04,2.925723e-04,1.374828e-04,1.388867e-04,1.402816e-04,1.417473e-04,1.462026e-04,1.472638e-04,1.465249e-04,1.536825e-04,1.755075e-04,2.055604e-04,2.482528e-04,3.105289e-04,3.884368e-04,4.448922e-04,4.540177e-04,4.269248e-04,3.737786e-04,3.018432e-04,2.185852e-04,1.371143e-04,5.804519e-05,-2.598153e-05,-1.061511e-04,-1.704902e-04,-2.109348e-04,-2.187482e-04,-1.852302e-04,-1.022066e-04,4.063815e-05,2.405766e-04,4.647904e-04,6.896016e-04,9.142365e-04,-4.579342e-05,-1.234549e-04,-2.021807e-04,-2.635542e-04,-3.061895e-04,-3.412721e-04,-3.720606e-04,-3.999588e-04,-4.290352e-04,-4.472659e-04,-4.576784e-04,-4.637545e-04,-4.850765e-04,-5.273287e-04,-5.523419e-04,-5.462777e-04,-5.206855e-04,-4.980170e-04,-4.761322e-04,-4.470887e-04,-4.139937e-04,-3.778061e-04,-3.426947e-04,-3.151903e-04,-2.940688e-04,-2.793978e-04,-2.709496e-04,-2.683863e-04,-2.720793e-04,-2.562262e-04,-2.097775e-04,-1.511213e-04,-9.349302e-05
3.482676e-05,-7.050058e-05,-4.896738e-04,4.135278e-03,4.146293e-03,4.144643e-03,4.122713e-03,4.106050e-03,4.084770e-03,4.083052e-03,4.083165e-03,4.139187e-03,4.354311e-03,4.871731e-03,5.648079e-03,6.766887e-03,5.599847e-03,4.762775e-03,4.244884e-03,3.996254e-03,3.965455e-03,4.011569e-03,4.141645e-03,4.272180e-03,4.334045e-03,4.292616e-03,4.183019e-03,4.032583e-03,3.865508e-03,3.706249e-03,3.581368e-03,3.508581e-03,3.473055e-03,3.465483e-03,3.484743e-03,3.500068e-03,6.414612e-05,5.501115e-05,4.585303e-05,3.695588e-05,2.795742e-05,2.550936e-05,2.774125e-05,2.163747e-05,-5.603294e-06,-6.180204e-05,-1.707664e-04,-3.630654e-04,-6.413913e-04,-8.773751e-04,-9.826605e-04,-9.844702e-04,-9.092975e-04,-7.842853e-04,-6.377385e-04,-4.973524e-04,-3.761472e-04,-2.702094e-04,-1.826932e-04,-1.149837e-04,-6.487914e-05,-3.053490e-05,-1.001367e-05,-1.391463e-06,-2.781857e-06,-1.233517e-05,-2.412563e-05,-3.418032e-05,-4.455481e-05,2.045035e-04,1.976305e-04,1.911541e-04,1.702109e-04,1.356115e-04,9.908610e-05,6.276182e-05,2.613507e-05,-1.003607e-05,-4.969891e-05,-7.977043e-05,-8.477984e-05,-8.025099e-06,1.644956e-04,3.265209e-04,4.263750e-04,4.836053e-04,5.210506e-04,5.349065e-04,5.233984e-04,4.935167e-04,4.509915e-04,4.030451e-04,3.561080e-04,3.128389e-04,2.763169e-04,2.493943e-04,2.354106e-04,2.359554e-04,2.474615e-04,2.666404e-04,2.886725e-04,3.103480e-04,1.005555e-04,1.035013e-04,1.064393e-04,1.094724e-04,1.155085e-04,1.183381e-04,1.196343e-04,1.289879e-04,1.530596e-04,1.864328e-04,2.325048e-04,2.969497e-04,3.755761e-04,4.314412e-04,4.384270e-04,4.077286e-04,3.502683e-04,2.738244e-04,1.864382e-04,1.015712e-04,2.048718e-05,-6.382386e-05,-1.427681e-04,-2.048052e-04,-2.422110e-04,-2.465995e-04,-2.096208e-04,-1.234424e-04,2.187438e-05,2.233084e-04,4.486756e-04,6.746141e-04,9.003778e-04,-1.287531e-04,-2.017824e-04,-2.758544e-04,-3.326838e-04,-3.710395e-04,-4.020966e-04,-4.294786e-04,-4.551050e-04,-4.833317e-04,-5.043893e-04,-5.204237e-04,-5.340843e-04,-5.639911e-04,-6.140709e-04,-6.430396e-04,-6.356017e-04,-6.060619e-04,-5.795318e-04,-5.539329e-04,-5.215581e-04,-4.851819e-04,-4.456444e-04,-4.069741e-04,-3.757868e-04,-3.509993e-04,-3.328069e-04,-3.211062e-04,-3.157093e-04,-3.170390e-04,-2.996238e-04,-2.523951e-04,-1.930718e-04,-1.347643e-04
2.382344e-05,-8.361570e-05,-4.954233e-04,4.188609e-03,4.209841e-03,4.217294e-03,4.217997e-03,4.223428e-03,4.201656e-03,4.146771e-03,4.013900e-03,3.806081e-03,3.590875e-03,3.662082e-03,4.304713e-03,5.599847e-03,7.220485e-03,6.330389e-03,5.403777e-03,4.531087e-03,4.124585e-03,3.984537e-03,4.076121e-03,4.239425e-03,4.339746e-03,4.328574e-03,4.242392e-03,4.108266e-03,3.950326e-03,3.792810e-03,3.662463e-03,3.575725e-03,3.519435e-03,3.493726e-03,3.496923e-03,3.495893e-03,6.599925e-04,5.337802e-04,4.075456e-04,2.815542e-04,1.554542e-04,3.588950e-05,-7.905778e-05,-2.027240e-04,-3.452900e-04,-5.126751e-04,-7.120550e-04,-9.529060e-04,-1.234148e-03,-1.447695e-03,-1.510412e-03,-1.448269e-03,-1.294739e-03,-1.081498e-03,-8.428146e-04,-6.157326e-04,-4.212978e-04,-2.593394e-04,-1.319413e-04,-3.831576e-05,2.601988e-05,6.518683e-05,8.341031e-05,8.486089e-05,7.382562e-05,5.390446e-05,3.156311e-05,1.111226e-05,-9.688534e-06,2.278408e-04,1.907534e-04,1.540155e-04,1.042040e-04,4.768962e-05,2.249178e-06,-2.423424e-05,-2.637681e-05,1.984203e-06,6.339333e-05,1.631774e-04,3.044811e-04,5.072017e-04,7.538545e-04,9.237596e-04,9.668727e-04,9.337035e-04,8.868313e-04,8.252214e-04,7.474013e-04,6.610761e-04,5.727828e-04,4.901013e-04,4.181834e-04,3.584512e-04,3.127091e-04,2.825398e-04,2.700308e-04,2.754439e-04,2.936609e-04,3.201893e-04,3.497850e-04,3.790007e-04,4.795597e-05,5.071397e-05,5.347231e-05,5.631029e-05,6.202733e-05,6.435902e-05,6.523423e-05,7.464475e-05,9.967736e-05,1.353565e-04,1.841518e-04,2.508740e-04,3.312465e-04,3.891025e-04,3.975650e-04,3.670192e-04,3.085905e-04,2.298671e-04,1.392532e-04,5.111214e-05,-3.254025e-05,-1.184083e-04,-1.977246e-04,-2.589316e-04,-2.943870e-04,-2.957657e-04,-2.547838e-04,-1.636755e-04,-1.256124e-05,1.952778e-04,4.273947e-04,6.600403e-04,8.925119e-04,-1.915837e-04,-2.629963e-04,-3.354512e-04,-3.905493e-04,-4.275281e-04,-4.581142e-04,-4.863242e-04,-5.145026e-04,-5.474103e-04,-5.758178e-04,-5.999786e-04,-6.211787e-04,-6.565730e-04,-7.081395e-04,-7.331568e-04,-7.162767e-04,-6.757099e-04,-6.414854e-04,-6.110327e-04,-5.757362e-04,-5.374668e-04,-4.964712e-04,-4.563823e-04,-4.238197e-04,-3.977128e-04,-3.782658e-04,-3.653822e-04,-3.588944e-04,-3.591911e-04,-3.405934e-04,-2.918500e-04,-2.307499e-04,-1.706887e-04
