2.918255e-04,-1.614262e-06,4.839172e-06,-3.503173e-05,-3.393956e-05,-3.287091e-05,-3.163717e-05,-3.015376e-05,-2.943588e-05,-2.652425e-05,-2.269442e-05,-1.676617e-05,-1.230808e-05,-1.192465e-05,-1.392316e-05,-1.658222e-05,-2.037063e-05,-2.454382e-05,-2.785591e-05,-3.242876e-05,-3.726362e-05,-4.144738e-05,-4.434756e-05,-4.068943e-05,-3.651773e-05,-3.165130e-05,-2.972533e-05,-2.693919e-05,-2.224217e-05,-1.873246e-05,-1.816893e-05,-2.275176e-05,-3.263303e-05,-4.495214e-05,-5.700542e-05,-6.859816e-05,-1.158926e-03,-1.153240e-03,-1.147554e-03,-1.141865e-03,-1.136185e-03,-1.130467e-03,-1.124447e-03,-1.118797e-03,-1.112947e-03,-1.107326e-03,-1.101890e-03,-1.096441e-03,-1.091763e-03,-1.088816e-03,-1.087915e-03,-1.088657e-03,-1.091406e-03,-1.095162e-03,-1.099284e-03,-1.103070e-03,-1.105698e-03,-1.107078e-03,-1.107751e-03,-1.106742e-03,-1.105071e-03,-1.102853e-03,-1.100238e-03,-1.097877e-03,-1.096027e-03,-1.094725e-03,-1.093466e-03,-1.092517e-03,-1.091497e-03,-1.415586e-05,-1.092431e-05,-7.700592e-06,-4.446872e-06,-1.148214e-06,2.170759e-06,5.648088e-06,8.712033e-06,1.110874e-05,1.253475e-05,1.265805e-05,1.126406e-05,9.105905e-06,6.877873e-06,4.402986e-06,2.492290e-06,1.080083e-06,2.619693e-07,1.591707e-08,1.428023e-07,1.126350e-06,2.644414e-06,3.900000e-06,4.915621e-06,5.569114e-06,5.615439e-06,5.018158e-06,4.295973e-06,3.223808e-06,2.693342e-06,2.332913e-06,2.191222e-06,2.088516e-06,1.568175e-03,1.509192e-03,1.450257e-03,1.390417e-03,1.331215e-03,1.274125e-03,1.220146e-03,1.172024e-03,1.130090e-03,1.095122e-03,1.066684e-03,1.044215e-03,1.030299e-03,1.027851e-03,1.037873e-03,1.058177e-03,1.086117e-03,1.114096e-03,1.135632e-03,1.148879e-03,1.152891e-03,1.147240e-03,1.134359e-03,1.114014e-03,1.087546e-03,1.054470e-03,1.015283e-03,9.732969e-04,9.316882e-04,8.912766e-04,8.511877e-04,8.127298e-04,7.740788e-04,-8.117033e-05,-7.676282e-05,-7.237740e-05,-6.770047e-05,-6.164846e-05,-5.262502e-05,-4.039112e-05,-2.642029e-05,-1.295519e-05,-1.770988e-06,5.204510e-06,7.315937e-06,5.785915e-06,3.084586e-06,-1.741303e-06,-6.991935e-06,-1.321059e-05,-1.957685e-05,-2.397333e-05,-2.438951e-05,-1.885561e-05,-7.183156e-06,8.444098e-06,2.479701e-05,3.857314e-05,4.614745e-05,4.557908e-05,3.675464e-05,2.072361e-05,7.341946e-07,-2.294557e-05,-4.788892e-05,-7.262454e-05
-1.614262e-06,2.363743e-04,6.551601e-06,-5.543478e-05,-6.294406e-05,-6.896517e-05,-7.155227e-05,-7.581928e-05,-7.946455e-05,-8.062525e-05,-8.090541e-05,-8.052319e-05,-8.020203e-05,-7.717115e-05,-7.279772e-05,-6.815790e-05,-6.586526e-05,-6.607772e-05,-6.840774e-05,-7.387960e-05,-7.999303e-05,-8.588610e-05,-8.808806e-05,-8.516409e-05,-8.167172e-05,-7.780608e-05,-7.433146e-05,-7.167195e-05,-7.038718e-05,-6.757086e-05,-6.516167e-05,-5.798115e-05,-4.986099e-05,-4.336482e-05,-3.491331e-05,-2.546589e-05,1.492276e-06,2.243939e-06,2.996397e-06,3.752408e-06,4.500354e-06,5.282223e-06,6.228618e-06,7.040646e-06,7.796387e-06,8.603212e-06,9.182835e-06,9.138433e-06,8.877985e-06,8.912667e-06,8.834838e-06,8.790028e-06,8.227103e-06,7.170701e-06,6.073052e-06,5.251756e-06,5.198994e-06,5.895252e-06,6.727998e-06,7.394257e-06,7.444365e-06,6.589494e-06,4.648398e-06,1.680064e-06,-2.998658e-06,-8.885454e-06,-1.600649e-05,-2.358434e-05,-3.107389e-05,-8.825240e-04,-8.850244e-04,-8.874852e-04,-8.884559e-04,-8.882082e-04,-8.868788e-04,-8.844715e-04,-8.814045e-04,-8.777895e-04,-8.737987e-04,-8.696008e-04,-8.651858e-04,-8.615649e-04,-8.588298e-04,-8.570637e-04,-8.564926e-04,-8.565426e-04,-8.576692e-04,-8.583918e-04,-8.594446e-04,-8.603347e-04,-8.608226e-04,-8.613628e-04,-8.619276e-04,-8.626249e-04,-8.634015e-04,-8.643191e-04,-8.657673e-04,-8.668981e-04,-8.675114e-04,-8.675428e-04,-8.666959e-04,-8.657939e-04,-6.369298e-05,-6.013747e-05,-5.660945e-05,-5.277376e-05,-4.784272e-05,-4.080331e-05,-3.138865e-05,-2.047245e-05,-9.624436e-06,-4.670714e-07,5.639741e-06,8.145758e-06,7.768999e-06,5.848282e-06,1.913039e-06,-2.245332e-06,-6.426662e-06,-1.017522e-05,-1.226173e-05,-1.164866e-05,-7.138164e-06,1.196047e-06,1.177611e-05,2.255709e-05,3.160926e-05,3.648697e-05,3.539208e-05,2.783422e-05,1.422014e-05,-3.004142e-06,-2.290448e-05,-4.343964e-05,-6.385769e-05,9.291794e-04,9.424482e-04,9.557734e-04,9.667885e-04,9.755546e-04,9.796920e-04,9.763084e-04,9.647843e-04,9.434986e-04,9.144010e-04,8.809685e-04,8.463557e-04,8.173381e-04,7.975436e-04,7.883530e-04,7.910718e-04,8.046933e-04,8.289880e-04,8.578560e-04,8.879533e-04,9.141744e-04,9.328893e-04,9.423753e-04,9.391572e-04,9.240443e-04,8.987357e-04,8.644171e-04,8.251112e-04,7.825191e-04,7.389711e-04,6.959607e-04,6.514033e-04,6.068976e-04
4.839172e-06,6.551601e-06,5.740941e-05,-4.912077e-04,-4.945403e-04,-4.979823e-04,-4.945410e-04,-4.922849e-04,-4.911995e-04,-4.881338e-04,-4.881553e-04,-4.847415e-04,-4.780484e-04,-4.663844e-04,-4.436556e-04,-4.211297e-04,-4.056209e-04,-4.013642e-04,-4.103715e-04,-4.299002e-04,-4.541427e-04,-4.689487e-04,-4.799265e-04,-4.852270e-04,-4.841195e-04,-4.838911e-04,-4.781190e-04,-4.715987e-04,-4.612866e-04,-4.432984e-04,-4.266309e-04,-4.123382e-04,-4.000440e-04,-3.901373e-04,-3.808695e-04,-3.711399e-04,-1.341586e-05,-1.358766e-05,-1.376034e-05,-1.392401e-05,-1.409787e-05,-1.423285e-05,-1.509579e-05,-1.719631e-05,-1.991243e-05,-2.179778e-05,-2.268200e-05,-2.278401e-05,-2.246716e-05,-2.169258e-05,-2.075878e-05,-2.021526e-05,-2.042787e-05,-2.110590e-05,-2.206172e-05,-2.309843e-05,-2.399899e-05,-2.395108e-05,-2.276515e-05,-2.156222e-05,-2.180496e-05,-2.338366e-05,-2.538550e-05,-2.732456e-05,-2.912310e-05,-3.090483e-05,-3.290670e-05,-3.512802e-05,-3.730593e-05,-1.439962e-06,-9.041704e-06,-1.668583e-05,-2.317332e-05,-2.754769e-05,-3.000120e-05,-3.146546e-05,-3.249011e-05,-3.311747e-05,-3.348367e-05,-3.374154e-05,-3.364846e-05,-3.276892e-05,-3.133918e-05,-2.989962e-05,-2.872315e-05,-2.736089e-05,-2.559056e-05,-2.428696e-05,-2.438853e-05,-2.532570e-05,-2.586898e-05,-2.556841e-05,-2.464367e-05,-2.316190e-05,-2.122556e-05,-1.978248e-05,-1.942370e-05,-1.992983e-05,-2.099898e-05,-2.219539e-05,-2.329636e-05,-2.435908e-05,2.481123e-05,2.447261e-05,2.413292e-05,2.382587e-05,2.364546e-05,2.354469e-05,2.424546e-05,2.603879e-05,2.834912e-05,2.969748e-05,2.978363e-05,2.880097e-05,2.674446e-05,2.281868e-05,1.779573e-05,1.436768e-05,1.409571e-05,1.631418e-05,2.027249e-05,2.534794e-05,3.106611e-05,3.602312e-05,3.939545e-05,4.126102e-05,4.217753e-05,4.142396e-05,3.734616e-05,2.886158e-05,1.516981e-05,-2.949343e-06,-2.283611e-05,-4.264794e-05,-6.245884e-05,-8.770904e-06,3.218661e-06,1.535078e-05,2.599745e-05,3.388763e-05,3.907832e-05,4.255885e-05,4.492131e-05,4.617910e-05,4.655669e-05,4.639012e-05,4.521058e-05,4.259384e-05,3.921832e-05,3.750359e-05,3.819053e-05,3.912568e-05,3.913189e-05,3.907623e-05,4.035358e-05,4.249960e-05,4.405970e-05,4.455903e-05,4.393705e-05,4.212115e-05,3.894701e-05,3.553306e-05,3.234496e-05,2.880135e-05,2.284183e-05,1.370784e-05,3.301119e-06,-6.989639e-06
-3.503173e-05,-5.543478e-05,-4.912077e-04,3.395455e-02,2.101144e-02,1.063330e-02,4.397333e-03,1.862501e-03,1.470020e-03,1.955486e-03,2.811700e-03,3.560155e-03,3.988370e-03,4.150055e-03,4.047506e-03,3.817984e-03,3.566470e-03,3.445529e-03,3.511633e-03,3.686412e-03,3.894090e-03,4.016070e-03,4.104659e-03,4.142419e-03,4.129794e-03,4.130956e-03,4.087060e-03,4.035456e-03,3.951355e-03,3.799442e-03,3.655278e-03,3.528397e-03,3.417670e-03,3.327129e-03,3.242139e-03,3.153206e-03,2.150061e-03,1.990236e-03,1.830445e-03,1.669999e-03,1.505555e-03,1.334922e-03,1.145939e-03,9.484190e-04,7.632520e-04,6.050927e-04,4.706459e-04,3.605130e-04,2.747655e-04,2.091500e-04,1.593538e-04,1.280487e-04,1.142323e-04,1.126589e-04,1.198301e-04,1.319783e-04,1.452106e-04,1.509906e-04,1.467287e-04,1.416217e-04,1.480860e-04,1.656400e-04,1.866943e-04,2.071623e-04,2.263554e-04,2.452747e-04,2.660206e-04,2.886391e-04,3.108875e-04,-8.598514e-03,-6.975720e-03,-5.341367e-03,-3.830025e-03,-2.573873e-03,-1.545053e-03,-7.490841e-04,-1.654902e-04,2.374116e-04,4.884285e-04,6.170817e-04,6.503120e-04,6.155801e-04,5.434285e-04,4.609381e-04,3.862175e-04,3.196085e-04,2.622753e-04,2.203830e-04,2.002031e-04,1.945391e-04,1.910290e-04,1.846320e-04,1.764146e-04,1.660588e-04,1.535543e-04,1.463358e-04,1.489205e-04,1.591031e-04,1.741934e-04,1.903855e-04,2.057812e-04,2.208494e-04,-3.086563e-04,-2.865179e-04,-2.643368e-04,-2.438724e-04,-2.264320e-04,-2.116303e-04,-2.036189e-04,-2.048928e-04,-2.126416e-04,-2.166343e-04,-2.133871e-04,-2.038219e-04,-1.871558e-04,-1.558356e-04,-1.155975e-04,-8.920410e-05,-8.954763e-05,-1.108903e-04,-1.468702e-04,-1.921214e-04,-2.425543e-04,-2.861420e-04,-3.158187e-04,-3.323368e-04,-3.405337e-04,-3.343962e-04,-2.998552e-04,-2.276181e-04,-1.107962e-04,4.394719e-05,2.138200e-04,3.830829e-04,5.523342e-04,6.113436e-04,3.753933e-04,1.364510e-04,-7.289885e-05,-2.274407e-04,-3.344790e-04,-4.026499e-04,-4.408738e-04,-4.550562e-04,-4.513411e-04,-4.361674e-04,-4.090139e-04,-3.694357e-04,-3.257909e-04,-3.002958e-04,-2.998851e-04,-3.053331e-04,-3.059171e-04,-3.079627e-04,-3.225321e-04,-3.448634e-04,-3.619367e-04,-3.695024e-04,-3.669846e-04,-3.537836e-04,-3.285567e-04,-3.009622e-04,-2.750648e-04,-2.459759e-04,-1.961066e-04,-1.190562e-04,-3.112701e-05,5.581276e-05
-3.393956e-05,-6.294406e-05,-4.945403e-04,2.101144e-02,1.566705e-02,9.709055e-03,5.760383e-03,3.760682e-03,3.061319e-03,3.032967e-03,3.377591e-03,3.746117e-03,3.973641e-03,4.059692e-03,3.952149e-03,3.754517e-03,3.553175e-03,3.465766e-03,3.536720e-03,3.709376e-03,3.919208e-03,4.045031e-03,4.135986e-03,4.175710e-03,4.163322e-03,4.162778e-03,4.116097e-03,4.062676e-03,3.977170e-03,3.824050e-03,3.679661e-03,3.553278e-03,3.443187e-03,3.353228e-03,3.268585e-03,3.179960e-03,1.530903e-03,1.405702e-03,1.280546e-03,1.154800e-03,1.026184e-03,8.915707e-04,7.533955e-04,6.226662e-04,5.089737e-04,4.149829e-04,3.358026e-04,2.704667e-04,2.191596e-04,1.791240e-04,1.480562e-04,1.293326e-04,1.234813e-04,1.263261e-04,1.350557e-04,1.466734e-04,1.580409e-04,1.612253e-04,1.541574e-04,1.464424e-04,1.507229e-04,1.664331e-04,1.858817e-04,2.048988e-04,2.227733e-04,2.404816e-04,2.600925e-04,2.815945e-04,3.027225e-04,-5.447808e-03,-4.320400e-03,-3.183830e-03,-2.144037e-03,-1.304055e-03,-6.412702e-04,-1.457974e-04,2.042055e-04,4.315780e-04,5.586843e-04,6.081276e-04,5.994579e-04,5.510947e-04,4.835910e-04,4.149924e-04,3.566614e-04,3.061168e-04,2.623022e-04,2.311287e-04,2.190334e-04,2.193609e-04,2.201078e-04,2.165062e-04,2.098374e-04,2.000107e-04,1.872384e-04,1.792097e-04,1.806886e-04,1.895801e-04,2.032627e-04,2.179741e-04,2.318281e-04,2.453528e-04,-2.725163e-04,-2.544065e-04,-2.362628e-04,-2.194657e-04,-2.052224e-04,-1.929784e-04,-1.883969e-04,-1.942157e-04,-2.065796e-04,-2.140072e-04,-2.130727e-04,-2.047610e-04,-1.884277e-04,-1.566934e-04,-1.155338e-04,-8.800759e-05,-8.729089e-05,-1.077401e-04,-1.430545e-04,-1.879134e-04,-2.382672e-04,-2.820297e-04,-3.120415e-04,-3.289944e-04,-3.376734e-04,-3.319129e-04,-2.974652e-04,-2.249299e-04,-1.073551e-04,4.849133e-05,2.196458e-04,3.902142e-04,5.607664e-04,4.222815e-04,2.200511e-04,1.517717e-05,-1.636819e-04,-2.941245e-04,-3.812958e-04,-4.353241e-04,-4.649760e-04,-4.745864e-04,-4.694149e-04,-4.551805e-04,-4.305607e-04,-3.943864e-04,-3.542781e-04,-3.319255e-04,-3.339365e-04,-3.410418e-04,-3.425186e-04,-3.448442e-04,-3.593061e-04,-3.812195e-04,-3.975748e-04,-4.041454e-04,-4.003218e-04,-3.855606e-04,-3.585817e-04,-3.291387e-04,-3.014192e-04,-2.705181e-04,-2.187521e-04,-1.396914e-04,-4.964497e-05,3.940553e-05
-3.287091e-05,-6.896517e-05,-4.979823e-04,1.063330e-02,9.709055e-03,9.002889e-03,7.099891e-03,5.684779e-03,4.653633e-03,4.111477e-03,3.941747e-03,3.929950e-03,3.957098e-03,3.968794e-03,3.857531e-03,3.692467e-03,3.541269e-03,3.486817e-03,3.561958e-03,3.732274e-03,3.944494e-03,4.074493e-03,4.168007e-03,4.209805e-03,4.197692e-03,4.195435e-03,4.145918e-03,4.090651e-03,4.003727e-03,3.849383e-03,3.704750e-03,3.578887e-03,3.469467e-03,3.380102e-03,3.295816e-03,3.207516e-03,8.805669e-04,7.935137e-04,7.065171e-04,6.189958e-04,5.297372e-04,4.346768e-04,3.507956e-04,2.900588e-04,2.505026e-04,2.227773e-04,2.003869e-04,1.808427e-04,1.645431e-04,1.503628e-04,1.381068e-04,1.319374e-04,1.339802e-04,1.411382e-04,1.512963e-04,1.622374e-04,1.715881e-04,1.720259e-04,1.620102e-04,1.515669e-04,1.535698e-04,1.673669e-04,1.851578e-04,2.026826e-04,2.191967e-04,2.356493e-04,2.540750e-04,2.744074e-04,2.943627e-04,-2.227577e-03,-1.604330e-03,-9.743751e-04,-4.151598e-04,-3.359621e-08,2.886473e-04,4.764261e-04,5.865856e-04,6.331085e-04,6.319188e-04,5.987056e-04,5.455877e-04,4.818450e-04,4.179034e-04,3.626031e-04,3.204143e-04,2.859061e-04,2.556910e-04,2.353766e-04,2.315169e-04,2.379921e-04,2.431475e-04,2.424792e-04,2.374817e-04,2.282876e-04,2.153290e-04,2.065518e-04,2.069686e-04,2.146031e-04,2.269073e-04,2.401665e-04,2.525102e-04,2.645232e-04,-2.384670e-04,-2.241307e-04,-2.097696e-04,-1.964059e-04,-1.851526e-04,-1.752863e-04,-1.739840e-04,-1.842097e-04,-2.010470e-04,-2.117716e-04,-2.130236e-04,-2.058594e-04,-1.897741e-04,-1.575586e-04,-1.154362e-04,-8.675800e-05,-8.498771e-05,-1.045667e-04,-1.392410e-04,-1.837246e-04,-2.339960e-04,-2.779050e-04,-3.082063e-04,-3.255440e-04,-3.346643e-04,-3.292624e-04,-2.949191e-04,-2.221255e-04,-1.038621e-04,5.301252e-05,2.253619e-04,3.971452e-04,5.689083e-04,2.349793e-04,6.717018e-05,-1.029256e-04,-2.505510e-04,-3.561885e-04,-4.228927e-04,-4.623402e-04,-4.831506e-04,-4.880872e-04,-4.814997e-04,-4.683540e-04,-4.464890e-04,-4.139500e-04,-3.775795e-04,-3.585174e-04,-3.630244e-04,-3.717778e-04,-3.740465e-04,-3.765009e-04,-3.906806e-04,-4.120147e-04,-4.275279e-04,-4.330293e-04,-4.279012e-04,-4.116520e-04,-3.830539e-04,-3.519517e-04,-3.226322e-04,-2.901613e-04,-2.367412e-04,-1.559012e-04,-6.397492e-05,2.694890e-05
-3.163717e-05,-7.155227e-05,-4.945410e-04,4.397333e-03,5.760383e-03,7.099891e-03,8.297821e-03,7.348890e-03,6.146682e-03,5.125078e-03,4.467486e-03,4.085340e-03,3.911293e-03,3.839593e-03,3.716047e-03,3.578367e-03,3.475609e-03,3.457036e-03,3.540830e-03,3.708970e-03,3.919288e-03,4.049035e-03,4.142251e-03,4.184700e-03,4.172773e-03,4.169139e-03,4.118055e-03,4.062069e-03,3.975051e-03,3.821623e-03,3.678639e-03,3.554845e-03,3.447393e-03,3.359753e-03,3.277019e-03,3.190297e-03,5.339360e-04,4.514630e-04,3.690594e-04,2.861639e-04,2.026322e-04,1.134863e-04,5.055158e-05,2.898091e-05,3.781769e-05,5.603982e-05,7.545196e-05,9.156215e-05,1.041384e-04,1.126024e-04,1.178409e-04,1.240505e-04,1.342397e-04,1.462848e-04,1.587102e-04,1.700110e-04,1.785115e-04,1.774975e-04,1.658629e-04,1.538315e-04,1.543034e-04,1.665671e-04,1.828517e-04,1.989098e-04,2.140136e-04,2.291111e-04,2.461996e-04,2.651834e-04,2.837922e-04,9.159233e-05,3.380300e-04,5.889804e-04,7.894284e-04,8.897360e-04,9.011233e-04,8.632293e-04,8.010334e-04,7.208921e-04,6.333383e-04,5.482080e-04,4.715573e-04,4.052884e-04,3.516479e-04,3.121844e-04,2.860468e-04,2.660695e-04,2.474992e-04,2.359860e-04,2.383906e-04,2.491886e-04,2.572265e-04,2.583061e-04,2.540992e-04,2.449437e-04,2.314711e-04,2.217445e-04,2.209120e-04,2.271116e-04,2.378702e-04,2.495378e-04,2.602689e-04,2.706722e-04,-2.165500e-04,-2.035412e-04,-1.905170e-04,-1.782588e-04,-1.678086e-04,-1.582734e-04,-1.582632e-04,-1.711412e-04,-1.912125e-04,-2.046288e-04,-2.080504e-04,-2.024723e-04,-1.874146e-04,-1.558035e-04,-1.139382e-04,-8.507225e-05,-8.272088e-05,-1.014929e-04,-1.352710e-04,-1.788789e-04,-2.283829e-04,-2.717487e-04,-3.017685e-04,-3.190568e-04,-3.282839e-04,-3.231269e-04,-2.892200e-04,-2.170896e-04,-9.974817e-05,5.597278e-05,2.270918e-04,3.976626e-04,5.682112e-04,9.737945e-05,-4.342258e-05,-1.861608e-04,-3.094017e-04,-3.960440e-04,-4.469164e-04,-4.750748e-04,-4.891106e-04,-4.905248e-04,-4.829618e-04,-4.707682e-04,-4.511916e-04,-4.216781e-04,-3.883784e-04,-3.717501e-04,-3.777083e-04,-3.871812e-04,-3.895906e-04,-3.917214e-04,-4.051940e-04,-4.255925e-04,-4.401320e-04,-4.446954e-04,-4.386697e-04,-4.215980e-04,-3.922941e-04,-3.605421e-04,-3.306294e-04,-2.976477e-04,-2.439130e-04,-1.629931e-04,-7.105288e-05,1.989241e-05
-3.015376e-05,-7.581928e-05,-4.922849e-04,1.862501e-03,3.760682e-03,5.684779e-03,7.348890e-03,8.452901e-03,7.333451e-03,6.168512e-03,5.112817e-03,4.391604e-03,3.992718e-03,3.790740e-03,3.611830e-03,3.475057e-03,3.409602e-03,3.428345e-03,3.529412e-03,3.700841e-03,3.908429e-03,4.034537e-03,4.125901e-03,4.168631e-03,4.156938e-03,4.152457e-03,4.100494e-03,4.043970e-03,3.956445e-03,3.803254e-03,3.661297e-03,3.538957e-03,3.432994e-03,3.346991e-03,3.265957e-03,3.180926e-03,4.700304e-04,3.658052e-04,2.616592e-04,1.570566e-04,5.274292e-05,-5.683680e-05,-1.278248e-04,-1.397180e-04,-1.085437e-04,-6.742376e-05,-2.514008e-05,1.251871e-05,4.452817e-05,6.965506e-05,8.897992e-05,1.058820e-04,1.233961e-04,1.401728e-04,1.552979e-04,1.678785e-04,1.768278e-04,1.758848e-04,1.641677e-04,1.519336e-04,1.520543e-04,1.637390e-04,1.792521e-04,1.944039e-04,2.085573e-04,2.227109e-04,2.388702e-04,2.569273e-04,2.746092e-04,1.051784e-03,1.088999e-03,1.128807e-03,1.136193e-03,1.080597e-03,9.635049e-04,8.320898e-04,7.108666e-04,5.995154e-04,5.034803e-04,4.272396e-04,3.713966e-04,3.319519e-04,3.058212e-04,2.905690e-04,2.829304e-04,2.763621e-04,2.667102e-04,2.606575e-04,2.660931e-04,2.781907e-04,2.863776e-04,2.867934e-04,2.813020e-04,2.704653e-04,2.551314e-04,2.434716e-04,2.407224e-04,2.450502e-04,2.539799e-04,2.638468e-04,2.727808e-04,2.813869e-04,-1.946685e-04,-1.827661e-04,-1.708563e-04,-1.594925e-04,-1.496390e-04,-1.402775e-04,-1.411671e-04,-1.562920e-04,-1.795191e-04,-1.956641e-04,-2.014010e-04,-1.976460e-04,-1.839179e-04,-1.531870e-04,-1.117944e-04,-8.292245e-05,-8.011981e-05,-9.818242e-05,-1.311574e-04,-1.739890e-04,-2.228502e-04,-2.658071e-04,-2.956536e-04,-3.129565e-04,-3.223065e-04,-3.173374e-04,-2.836982e-04,-2.119288e-04,-9.506392e-05,6.005891e-05,2.305526e-04,4.005184e-04,5.704592e-04,-1.152785e-05,-1.327286e-04,-2.555557e-04,-3.615818e-04,-4.357134e-04,-4.764330e-04,-4.975024e-04,-5.073717e-04,-5.065535e-04,-4.982079e-04,-4.862866e-04,-4.676407e-04,-4.393183e-04,-4.070649e-04,-3.910027e-04,-3.969207e-04,-4.060716e-04,-4.080835e-04,-4.097796e-04,-4.228003e-04,-4.427230e-04,-4.568075e-04,-4.609320e-04,-4.544146e-04,-4.368166e-04,-4.069955e-04,-3.746990e-04,-3.442529e-04,-3.107745e-04,-2.566718e-04,-1.755541e-04,-8.344733e-05,7.669354e-06
-2.943588e-05,-7.946455e-05,-4.911995e-04,1.470020e-03,3.061319e-03,4.653633e-03,6.146682e-03,7.333451e-03,8.246235e-03,7.243448e-03,6.054706e-03,4.990112e-03,4.308267e-03,3.887292e-03,3.586185e-03,3.408077e-03,3.352983e-03,3.391947e-03,3.507076e-03,3.687400e-03,3.898002e-03,4.024215e-03,4.116666e-03,4.162279e-03,4.152157e-03,4.147014e-03,4.093663e-03,4.035906e-03,3.947120e-03,3.793348e-03,3.651726e-03,3.530505e-03,3.426266e-03,3.342420e-03,3.263598e-03,3.180765e-03,-3.530628e-04,-3.784046e-04,-4.036719e-04,-4.293206e-04,-4.541703e-04,-4.834117e-04,-4.714689e-04,-3.983435e-04,-2.866035e-04,-1.842530e-04,-9.702435e-05,-2.744708e-05,2.694871e-05,6.715377e-05,9.683449e-05,1.197832e-04,1.398784e-04,1.565802e-04,1.697783e-04,1.793896e-04,1.851234e-04,1.812531e-04,1.671273e-04,1.530084e-04,1.517040e-04,1.622526e-04,1.768333e-04,1.912026e-04,2.046991e-04,2.182825e-04,2.339239e-04,2.514681e-04,2.686363e-04,1.229805e-03,1.160008e-03,1.091382e-03,1.004091e-03,8.823992e-04,7.237238e-04,5.757096e-04,4.595387e-04,3.699389e-04,3.079198e-04,2.738522e-04,2.626621e-04,2.645164e-04,2.729936e-04,2.837402e-04,2.932412e-04,2.971313e-04,2.931709e-04,2.895437e-04,2.953784e-04,3.066885e-04,3.134956e-04,3.122148e-04,3.048105e-04,2.919834e-04,2.747111e-04,2.612191e-04,2.567671e-04,2.594957e-04,2.668877e-04,2.752440e-04,2.826698e-04,2.897666e-04,-1.667394e-04,-1.583866e-04,-1.500271e-04,-1.420853e-04,-1.355621e-04,-1.295764e-04,-1.341961e-04,-1.535360e-04,-1.809271e-04,-1.994664e-04,-2.061734e-04,-2.022883e-04,-1.877602e-04,-1.559084e-04,-1.133371e-04,-8.325204e-05,-7.925420e-05,-9.620862e-05,-1.282303e-04,-1.703092e-04,-2.186698e-04,-2.614135e-04,-2.913003e-04,-3.088254e-04,-3.185007e-04,-3.138916e-04,-2.806220e-04,-2.092266e-04,-9.274743e-05,6.195994e-05,2.320467e-04,4.016219e-04,5.711697e-04,-8.171626e-05,-1.887113e-04,-2.970992e-04,-3.907855e-04,-4.564751e-04,-4.916797e-04,-5.099264e-04,-5.189581e-04,-5.183804e-04,-5.109161e-04,-5.003362e-04,-4.831170e-04,-4.558922e-04,-4.241779e-04,-4.079988e-04,-4.132214e-04,-4.214965e-04,-4.227338e-04,-4.238133e-04,-4.363860e-04,-4.559913e-04,-4.698750e-04,-4.738659e-04,-4.671801e-04,-4.493675e-04,-4.192997e-04,-3.866994e-04,-3.559291e-04,-3.221220e-04,-2.677437e-04,-1.864345e-04,-9.414117e-05,-2.835912e-06
-2.652425e-05,-8.062525e-05,-4.881338e-04,1.955486e-03,3.032967e-03,4.111477e-03,5.125078e-03,6.168512e-03,7.243448e-03,8.227147e-03,7.102718e-03,5.917191e-03,4.921361e-03,4.201785e-03,3.696980e-03,3.411218e-03,3.309578e-03,3.330806e-03,3.447373e-03,3.638923e-03,3.859366e-03,3.991978e-03,4.088661e-03,4.137819e-03,4.129529e-03,4.124259e-03,4.070228e-03,4.011729e-03,3.922470e-03,3.768905e-03,3.627773e-03,3.507402e-03,3.404568e-03,3.322318e-03,3.245024e-03,3.163744e-03,-1.121426e-03,-1.052837e-03,-9.841904e-04,-9.158267e-04,-8.466041e-04,-7.804979e-04,-6.786641e-04,-5.219637e-04,-3.359448e-04,-1.850924e-04,-7.117328e-05,9.738456e-06,6.686813e-05,1.046902e-04,1.301130e-04,1.476387e-04,1.618124e-04,1.722723e-04,1.792902e-04,1.831234e-04,1.838337e-04,1.758992e-04,1.587009e-04,1.423892e-04,1.395987e-04,1.492290e-04,1.633646e-04,1.776493e-04,1.912921e-04,2.051330e-04,2.210754e-04,2.389075e-04,2.563663e-04,1.041926e-03,9.550469e-04,8.685524e-04,7.711207e-04,6.547963e-04,5.155266e-04,3.933489e-04,3.053888e-04,2.460852e-04,2.153778e-04,2.137285e-04,2.318161e-04,2.554802e-04,2.783901e-04,2.968146e-04,3.088413e-04,3.123748e-04,3.069880e-04,3.014711e-04,3.052356e-04,3.146544e-04,3.199545e-04,3.175758e-04,3.094083e-04,2.961015e-04,2.785734e-04,2.649512e-04,2.604090e-04,2.630424e-04,2.703224e-04,2.785566e-04,2.858611e-04,2.928382e-04,-1.267328e-04,-1.229951e-04,-1.192459e-04,-1.158859e-04,-1.139895e-04,-1.129939e-04,-1.224181e-04,-1.464571e-04,-1.783136e-04,-1.990910e-04,-2.061237e-04,-2.011318e-04,-1.848117e-04,-1.510178e-04,-1.066779e-04,-7.495547e-05,-6.942931e-05,-8.502659e-05,-1.159357e-04,-1.571666e-04,-2.049579e-04,-2.474577e-04,-2.774032e-04,-2.952351e-04,-3.053815e-04,-3.014051e-04,-2.689785e-04,-1.986484e-04,-8.346275e-05,6.975909e-05,2.382927e-04,4.063406e-04,5.743584e-04,-1.011634e-04,-2.018723e-04,-3.038332e-04,-3.924077e-04,-4.555140e-04,-4.906179e-04,-5.099104e-04,-5.201569e-04,-5.205959e-04,-5.139121e-04,-5.042064e-04,-4.877887e-04,-4.609511e-04,-4.291709e-04,-4.124745e-04,-4.168693e-04,-4.243936e-04,-4.252055e-04,-4.261031e-04,-4.385847e-04,-4.581377e-04,-4.720254e-04,-4.760704e-04,-4.694539e-04,-4.517388e-04,-4.218317e-04,-3.894097e-04,-3.588327e-04,-3.252649e-04,-2.712699e-04,-1.905417e-04,-9.889712e-05,-8.232950e-06
-2.269442e-05,-8.090541e-05,-4.881553e-04,2.811700e-03,3.377591e-03,3.941747e-03,4.467486e-03,5.112817e-03,6.054706e-03,7.102718e-03,7.961273e-03,6.958904e-03,5.905344e-03,4.860716e-03,4.080054e-03,3.591512e-03,3.353831e-03,3.295104e-03,3.389234e-03,3.591173e-03,3.829411e-03,3.976570e-03,4.082288e-03,4.135952e-03,4.129701e-03,4.125692e-03,4.072378e-03,4.013622e-03,3.923862e-03,3.769602e-03,3.627408e-03,3.505925e-03,3.402499e-03,3.319827e-03,3.242099e-03,3.160393e-03,-1.224038e-03,-1.103326e-03,-9.825795e-04,-8.620110e-04,-7.408012e-04,-6.213210e-04,-4.771685e-04,-2.926743e-04,-9.313557e-05,4.824659e-05,1.338928e-04,1.775481e-04,1.973274e-04,2.000750e-04,1.953581e-04,1.883805e-04,1.835921e-04,1.795503e-04,1.759168e-04,1.722394e-04,1.679074e-04,1.567908e-04,1.377721e-04,1.206600e-04,1.178476e-04,1.281348e-04,1.434565e-04,1.592991e-04,1.747003e-04,1.903641e-04,2.081577e-04,2.278352e-04,2.471409e-04,6.848329e-04,6.378131e-04,5.908531e-04,5.363609e-04,4.695382e-04,3.875712e-04,3.182273e-04,2.736051e-04,2.501675e-04,2.481472e-04,2.700960e-04,3.018395e-04,3.252796e-04,3.382574e-04,3.420301e-04,3.390978e-04,3.295769e-04,3.146127e-04,3.024812e-04,3.016919e-04,3.082045e-04,3.118470e-04,3.087989e-04,3.007698e-04,2.882137e-04,2.718511e-04,2.596614e-04,2.566727e-04,2.608828e-04,2.697441e-04,2.795570e-04,2.884441e-04,2.970037e-04,-8.551839e-05,-8.757857e-05,-8.962056e-05,-9.207338e-05,-9.605268e-05,-1.012995e-04,-1.162223e-04,-1.447368e-04,-1.800880e-04,-2.020569e-04,-2.080991e-04,-2.005644e-04,-1.811298e-04,-1.441546e-04,-9.697914e-05,-6.293458e-05,-5.562258e-05,-6.993743e-05,-1.000583e-04,-1.409193e-04,-1.886749e-04,-2.313923e-04,-2.617126e-04,-2.800326e-04,-2.907407e-04,-2.873999e-04,-2.556660e-04,-1.860357e-04,-7.151066e-05,8.109489e-05,2.490318e-04,4.165083e-04,5.839516e-04,-8.947211e-05,-1.890338e-04,-2.897854e-04,-3.777846e-04,-4.417048e-04,-4.797025e-04,-5.021657e-04,-5.148501e-04,-5.169905e-04,-5.113913e-04,-5.026935e-04,-4.869287e-04,-4.599176e-04,-4.273313e-04,-4.097153e-04,-4.134613e-04,-4.207630e-04,-4.218802e-04,-4.234137e-04,-4.366300e-04,-4.568756e-04,-4.713169e-04,-4.757711e-04,-4.694426e-04,-4.519346e-04,-4.222039e-04,-3.899675e-04,-3.596041e-04,-3.262842e-04,-2.725501e-04,-1.921122e-04,-1.007687e-04,-1.040312e-05
-1.676617e-05,-8.052319e-05,-4.847415e-04,3.560155e-03,3.746117e-03,3.929950e-03,4.085340e-03,4.391604e-03,4.990112e-03,5.917191e-03,6.958904e-03,8.025759e-03,7.092629e-03,5.878512e-03,4.743968e-03,3.943664e-03,3.458669e-03,3.244444e-03,3.283073e-03,3.489889e-03,3.751221e-03,3.920478e-03,4.040769e-03,4.102075e-03,4.099756e-03,4.098255e-03,4.046707e-03,3.988185e-03,3.898584e-03,3.744543e-03,3.601718e-03,3.479205e-03,3.375291e-03,3.292141e-03,3.213828e-03,3.131583e-03,-8.586310e-04,-7.206107e-04,-5.825741e-04,-4.446325e-04,-3.062999e-04,-1.686653e-04,-1.729276e-05,1.559200e-04,3.245434e-04,4.188322e-04,4.434188e-04,4.237272e-04,3.866887e-04,3.377335e-04,2.881795e-04,2.449298e-04,2.123384e-04,1.872446e-04,1.683198e-04,1.539674e-04,1.424938e-04,1.269043e-04,1.053829e-04,8.721002e-05,8.436742e-05,9.555861e-05,1.125650e-04,1.306678e-04,1.486433e-04,1.669779e-04,1.874675e-04,2.098172e-04,2.318002e-04,3.209014e-04,3.198777e-04,3.188151e-04,3.118303e-04,2.961622e-04,2.735440e-04,2.625859e-04,2.704044e-04,2.935003e-04,3.304725e-04,3.842498e-04,4.318257e-04,4.484433e-04,4.384191e-04,4.132191e-04,3.830887e-04,3.509713e-04,3.200179e-04,2.972432e-04,2.893304e-04,2.914719e-04,2.928607e-04,2.892437e-04,2.819959e-04,2.712199e-04,2.572798e-04,2.478496e-04,2.476920e-04,2.546760e-04,2.662557e-04,2.787595e-04,2.903436e-04,3.016026e-04,-3.666560e-05,-4.665530e-05,-5.662125e-05,-6.702211e-05,-7.893186e-05,-9.223410e-05,-1.141057e-04,-1.474591e-04,-1.852676e-04,-2.074922e-04,-2.114309e-04,-2.001599e-04,-1.764455e-04,-1.350381e-04,-8.376043e-05,-4.620236e-05,-3.596728e-05,-4.796373e-05,-7.641674e-05,-1.161904e-04,-1.633382e-04,-2.058912e-04,-2.364008e-04,-2.551986e-04,-2.665822e-04,-2.641617e-04,-2.336650e-04,-1.655744e-04,-5.286364e-05,9.771647e-05,2.635444e-04,4.289522e-04,5.943228e-04,-7.633484e-05,-1.729087e-04,-2.706410e-04,-3.560419e-04,-4.185000e-04,-4.573487e-04,-4.816628e-04,-4.964202e-04,-5.008752e-04,-4.976906e-04,-4.917096e-04,-4.781800e-04,-4.519610e-04,-4.188299e-04,-4.002991e-04,-4.034433e-04,-4.107497e-04,-4.126739e-04,-4.154479e-04,-4.298867e-04,-4.511686e-04,-4.664189e-04,-4.714916e-04,-4.656493e-04,-4.485663e-04,-4.192861e-04,-3.875232e-04,-3.576547e-04,-3.248990e-04,-2.718909e-04,-1.924099e-04,-1.021171e-04,-1.279196e-05
-1.230808e-05,-8.020203e-05,-4.780484e-04,3.988370e-03,3.973641e-03,3.957098e-03,3.911293e-03,3.992718e-03,4.308267e-03,4.921361e-03,5.905344e-03,7.092629e-03,8.073748e-03,6.896618e-03,5.619416e-03,4.456067e-03,3.643016e-03,3.200475e-03,3.142952e-03,3.340622e-03,3.626570e-03,3.825015e-03,3.966158e-03,4.040873e-03,4.045681e-03,4.046121e-03,3.994071e-03,3.934848e-03,3.846375e-03,3.694198e-03,3.551967e-03,3.429548e-03,3.326564e-03,3.243910e-03,3.165348e-03,3.082964e-03,-6.797366e-04,-5.353790e-04,-3.910153e-04,-2.467064e-04,-1.021818e-04,4.215664e-05,1.938918e-04,3.567605e-04,5.080094e-04,5.912331e-04,6.032633e-04,5.730982e-04,5.288316e-04,4.668861e-04,3.982882e-04,3.353378e-04,2.845865e-04,2.423265e-04,2.074866e-04,1.785574e-04,1.540137e-04,1.271381e-04,9.641948e-05,7.125750e-05,6.348827e-05,7.178570e-05,8.772780e-05,1.061867e-04,1.253811e-04,1.453122e-04,1.675176e-04,1.915336e-04,2.151924e-04,8.002526e-05,1.323291e-04,1.846388e-04,2.309805e-04,2.683809e-04,3.003555e-04,3.391439e-04,3.887558e-04,4.460800e-04,5.086089e-04,5.799666e-04,6.283178e-04,6.212946e-04,5.693192e-04,4.987114e-04,4.293501e-04,3.661460e-04,3.137522e-04,2.770740e-04,2.601444e-04,2.574382e-04,2.574201e-04,2.551337e-04,2.512258e-04,2.450805e-04,2.363295e-04,2.320978e-04,2.367803e-04,2.481555e-04,2.637471e-04,2.800432e-04,2.953487e-04,3.103371e-04,-6.091226e-06,-2.119900e-05,-3.628056e-05,-5.181202e-05,-6.879433e-05,-8.713406e-05,-1.131723e-04,-1.490825e-04,-1.880610e-04,-2.115666e-04,-2.157203e-04,-2.035108e-04,-1.781015e-04,-1.339569e-04,-7.929982e-05,-3.831683e-05,-2.478540e-05,-3.374304e-05,-5.957530e-05,-9.719613e-05,-1.426558e-04,-1.840921e-04,-2.140789e-04,-2.329013e-04,-2.447322e-04,-2.432297e-04,-2.142464e-04,-1.482872e-04,-3.831727e-05,1.090400e-04,2.714615e-04,4.335033e-04,5.955042e-04,-6.248829e-05,-1.573191e-04,-2.532940e-04,-3.371576e-04,-3.987144e-04,-4.380013e-04,-4.632912e-04,-4.792872e-04,-4.855478e-04,-4.846359e-04,-4.813978e-04,-4.701394e-04,-4.444700e-04,-4.100690e-04,-3.899111e-04,-3.920043e-04,-3.991214e-04,-4.019281e-04,-4.061439e-04,-4.219646e-04,-4.444464e-04,-4.607515e-04,-4.667587e-04,-4.617329e-04,-4.453771e-04,-4.167831e-04,-3.855871e-04,-3.561562e-04,-3.238206e-04,-2.714681e-04,-1.930127e-04,-1.038932e-04,-1.572578e-05
-1.192465e-05,-7.717115e-05,-4.663844e-04,4.150055e-03,4.059692e-03,3.968794e-03,3.839593e-03,3.790740e-03,3.887292e-03,4.201785e-03,4.860716e-03,5.878512e-03,6.896618e-03,7.678062e-03,6.503862e-03,5.176390e-03,3.973807e-03,3.220471e-03,2.996254e-03,3.148324e-03,3.446771e-03,3.675525e-03,3.841069e-03,3.933262e-03,3.948358e-03,3.951638e-03,3.898775e-03,3.839255e-03,3.753911e-03,3.606080e-03,3.465997e-03,3.344733e-03,3.243739e-03,3.161949e-03,3.082864e-03,3.000155e-03,-7.721861e-04,-6.123088e-04,-4.524284e-04,-2.925940e-04,-1.326517e-04,2.726373e-05,1.915578e-04,3.610768e-04,5.177141e-04,6.220120e-04,6.646231e-04,6.709414e-04,6.606345e-04,6.149481e-04,5.429267e-04,4.685135e-04,4.040116e-04,3.457145e-04,2.934686e-04,2.464755e-04,2.040307e-04,1.604621e-04,1.153195e-04,7.857974e-05,6.207956e-05,6.458054e-05,7.746085e-05,9.502489e-05,1.146533e-04,1.356176e-04,1.590243e-04,1.841572e-04,2.089486e-04,-1.014004e-04,3.222209e-05,1.659648e-04,2.928343e-04,4.079584e-04,5.131137e-04,6.148712e-04,7.131245e-04,8.022765e-04,8.766171e-04,9.367162e-04,9.470918e-04,8.755298e-04,7.419320e-04,5.945807e-04,4.656449e-04,3.586763e-04,2.775483e-04,2.233171e-04,1.958368e-04,1.884957e-04,1.887398e-04,1.905680e-04,1.934885e-04,1.957709e-04,1.959147e-04,2.002114e-04,2.125511e-04,2.306844e-04,2.522954e-04,2.741966e-04,2.949700e-04,3.154412e-04,-5.601361e-06,-2.237067e-05,-3.911438e-05,-5.630039e-05,-7.485351e-05,-9.465136e-05,-1.215007e-04,-1.570414e-04,-1.949143e-04,-2.187951e-04,-2.240536e-04,-2.131334e-04,-1.885261e-04,-1.436722e-04,-8.696603e-05,-4.353146e-05,-2.743594e-05,-3.377369e-05,-5.705476e-05,-9.228342e-05,-1.355397e-04,-1.752152e-04,-2.040788e-04,-2.224122e-04,-2.342634e-04,-2.334140e-04,-2.059917e-04,-1.426485e-04,-3.642745e-05,1.062670e-04,2.636663e-04,4.207074e-04,5.777075e-04,-3.032797e-05,-1.261067e-04,-2.230129e-04,-3.080457e-04,-3.713216e-04,-4.131604e-04,-4.412760e-04,-4.601093e-04,-4.692892e-04,-4.709235e-04,-4.691850e-04,-4.578310e-04,-4.300213e-04,-3.916780e-04,-3.679157e-04,-3.679550e-04,-3.744950e-04,-3.781859e-04,-3.840167e-04,-4.013325e-04,-4.251548e-04,-4.428216e-04,-4.502414e-04,-4.466513e-04,-4.317127e-04,-4.044873e-04,-3.744027e-04,-3.457545e-04,-3.140644e-04,-2.627049e-04,-1.858027e-04,-9.847960e-05,-1.208596e-05
-1.392316e-05,-7.279772e-05,-4.436556e-04,4.047506e-03,3.952149e-03,3.857531e-03,3.716047e-03,3.611830e-03,3.586185e-03,3.696980e-03,4.080054e-03,4.743968e-03,5.619416e-03,6.503862e-03,7.250387e-03,5.918534e-03,4.493929e-03,3.360520e-03,2.879805e-03,2.910850e-03,3.180110e-03,3.422434e-03,3.608619e-03,3.720193e-03,3.749707e-03,3.760210e-03,3.711163e-03,3.653797e-03,3.572677e-03,3.431578e-03,3.296489e-03,3.179454e-03,3.083259e-03,3.004842e-03,2.927930e-03,2.847656e-03,-1.073422e-03,-8.751426e-04,-6.768596e-04,-4.786279e-04,-2.803375e-04,-8.209344e-05,1.196795e-04,3.243882e-04,5.174400e-04,6.713348e-04,7.716249e-04,8.327430e-04,8.603332e-04,8.222579e-04,7.291931e-04,6.253766e-04,5.342543e-04,4.514181e-04,3.768251e-04,3.095725e-04,2.489605e-04,1.899983e-04,1.327599e-04,8.701722e-05,6.394391e-05,6.220305e-05,7.306873e-05,9.042552e-05,1.109435e-04,1.332672e-04,1.581042e-04,1.845503e-04,2.106775e-04,-2.006076e-04,2.341177e-06,2.055086e-04,4.010245e-04,5.820243e-04,7.470624e-04,8.984170e-04,1.032123e-03,1.139110e-03,1.210233e-03,1.241211e-03,1.199102e-03,1.056277e-03,8.397198e-04,6.224249e-04,4.482472e-04,3.135256e-04,2.176223e-04,1.570019e-04,1.268871e-04,1.199049e-04,1.232339e-04,1.303952e-04,1.401447e-04,1.500650e-04,1.579439e-04,1.693541e-04,1.877393e-04,2.109459e-04,2.368898e-04,2.627787e-04,2.874604e-04,3.118603e-04,-2.094188e-05,-3.564556e-05,-5.032511e-05,-6.542958e-05,-8.186224e-05,-9.954166e-05,-1.239633e-04,-1.565946e-04,-1.917514e-04,-2.153262e-04,-2.225350e-04,-2.148750e-04,-1.931613e-04,-1.495961e-04,-9.264624e-05,-4.846570e-05,-3.143980e-05,-3.654070e-05,-5.829584e-05,-9.178504e-05,-1.331091e-04,-1.711360e-04,-1.989922e-04,-2.169199e-04,-2.287550e-04,-2.285638e-04,-2.031128e-04,-1.434941e-04,-4.306756e-05,9.208663e-05,2.412555e-04,3.900850e-04,5.388757e-04,1.555693e-06,-9.507405e-05,-1.927859e-04,-2.791286e-04,-3.446758e-04,-3.897251e-04,-4.214335e-04,-4.438264e-04,-4.563507e-04,-4.604364e-04,-4.590969e-04,-4.461219e-04,-4.148634e-04,-3.714342e-04,-3.432855e-04,-3.408827e-04,-3.465597e-04,-3.507734e-04,-3.576727e-04,-3.755542e-04,-3.996018e-04,-4.177085e-04,-4.259316e-04,-4.234941e-04,-4.100157e-04,-3.845374e-04,-3.560335e-04,-3.286153e-04,-2.980891e-04,-2.487177e-04,-1.749654e-04,-9.127663e-05,-8.474137e-06
-1.658222e-05,-6.815790e-05,-4.211297e-04,3.817984e-03,3.754517e-03,3.692467e-03,3.578367e-03,3.475057e-03,3.408077e-03,3.411218e-03,3.591512e-03,3.943664e-03,4.456067e-03,5.176390e-03,5.918534e-03,6.457790e-03,5.083575e-03,3.821195e-03,3.040721e-03,2.857144e-03,3.003812e-03,3.198757e-03,3.375189e-03,3.492863e-03,3.534262e-03,3.558143e-03,3.522371e-03,3.471786e-03,3.392964e-03,3.256322e-03,3.126691e-03,3.015594e-03,2.924461e-03,2.850495e-03,2.778715e-03,2.703695e-03,-1.191804e-03,-9.750376e-04,-7.582667e-04,-5.415550e-04,-3.247971e-04,-1.081661e-04,1.123161e-04,3.366140e-04,5.533811e-04,7.413153e-04,8.816248e-04,9.735194e-04,1.008144e-03,9.467973e-04,8.057061e-04,6.540149e-04,5.298671e-04,4.265995e-04,3.416686e-04,2.716400e-04,2.132802e-04,1.603672e-04,1.113952e-04,7.414425e-05,5.817845e-05,6.172522e-05,7.627075e-05,9.610285e-05,1.182942e-04,1.418495e-04,1.676430e-04,1.949806e-04,2.220127e-04,-1.646344e-04,3.411841e-05,2.331522e-04,4.239854e-04,5.986352e-04,7.540663e-04,8.913166e-04,1.005929e-03,1.088602e-03,1.130332e-03,1.124819e-03,1.048653e-03,8.831819e-04,6.550995e-04,4.483786e-04,3.076831e-04,2.126367e-04,1.520212e-04,1.200617e-04,1.105608e-04,1.166945e-04,1.274099e-04,1.376451e-04,1.472164e-04,1.548472e-04,1.594550e-04,1.670299e-04,1.812416e-04,2.002328e-04,2.220801e-04,2.441050e-04,2.650871e-04,2.857979e-04,-4.159790e-05,-5.238698e-05,-6.315367e-05,-7.432783e-05,-8.681836e-05,-1.006035e-04,-1.210413e-04,-1.497638e-04,-1.818348e-04,-2.047882e-04,-2.139051e-04,-2.095056e-04,-1.905753e-04,-1.483282e-04,-9.135877e-05,-4.710452e-05,-3.054983e-05,-3.630152e-05,-5.861665e-05,-9.244346e-05,-1.337342e-04,-1.717148e-04,-1.997463e-04,-2.179326e-04,-2.298815e-04,-2.299810e-04,-2.057264e-04,-1.487818e-04,-5.296684e-05,7.587331e-05,2.180394e-04,3.598663e-04,5.016586e-04,1.823817e-05,-7.723381e-05,-1.737418e-04,-2.593550e-04,-3.250035e-04,-3.708597e-04,-4.036696e-04,-4.271836e-04,-4.407797e-04,-4.454914e-04,-4.434352e-04,-4.291234e-04,-3.968600e-04,-3.526382e-04,-3.247829e-04,-3.239798e-04,-3.312463e-04,-3.362960e-04,-3.430720e-04,-3.595271e-04,-3.813584e-04,-3.973702e-04,-4.039868e-04,-4.005975e-04,-3.869048e-04,-3.620319e-04,-3.344929e-04,-3.081453e-04,-2.789584e-04,-2.319661e-04,-1.618578e-04,-8.233100e-05,-3.646515e-06
-2.037063e-05,-6.586526e-05,-4.056209e-04,3.566470e-03,3.553175e-03,3.541269e-03,3.475609e-03,3.409602e-03,3.352983e-03,3.309578e-03,3.353831e-03,3.458669e-03,3.643016e-03,3.973807e-03,4.493929e-03,5.083575e-03,5.701609e-03,4.605973e-03,3.740435e-03,3.243218e-03,3.126059e-03,3.146846e-03,3.235933e-03,3.312468e-03,3.346201e-03,3.387029e-03,3.378426e-03,3.344856e-03,3.270576e-03,3.137801e-03,3.014292e-03,2.908253e-03,2.816501e-03,2.741935e-03,2.673139e-03,2.600940e-03,-7.059418e-04,-5.647690e-04,-4.235906e-04,-2.824757e-04,-1.413145e-04,-3.500960e-07,1.449184e-04,2.961809e-04,4.458034e-04,5.774309e-04,6.752241e-04,7.303705e-04,7.272810e-04,6.293909e-04,4.531876e-04,2.822808e-04,1.643497e-04,8.883539e-05,4.696430e-05,2.944290e-05,2.694266e-05,2.927053e-05,3.082304e-05,3.574153e-05,5.159778e-05,7.660210e-05,1.036119e-04,1.290692e-04,1.526130e-04,1.754209e-04,1.995855e-04,2.253448e-04,2.507911e-04,-7.697127e-06,1.113864e-04,2.307844e-04,3.415814e-04,4.357014e-04,5.111933e-04,5.705630e-04,6.123687e-04,6.310498e-04,6.216359e-04,5.799332e-04,4.955030e-04,3.625047e-04,2.065523e-04,1.047355e-04,8.693426e-05,1.053000e-04,1.310077e-04,1.606738e-04,1.930815e-04,2.225175e-04,2.414521e-04,2.482544e-04,2.460159e-04,2.367650e-04,2.227465e-04,2.117460e-04,2.085114e-04,2.116335e-04,2.191405e-04,2.279216e-04,2.361647e-04,2.441279e-04,-7.488404e-05,-8.078682e-05,-8.667111e-05,-9.292340e-05,-1.003908e-04,-1.090011e-04,-1.239532e-04,-1.470636e-04,-1.739527e-04,-1.932834e-04,-2.010165e-04,-1.969954e-04,-1.792491e-04,-1.388784e-04,-8.396396e-05,-4.237237e-05,-2.941485e-05,-3.920557e-05,-6.545272e-05,-1.027499e-04,-1.467368e-04,-1.867439e-04,-2.161486e-04,-2.348540e-04,-2.463184e-04,-2.452555e-04,-2.198445e-04,-1.623734e-04,-6.722371e-05,5.978335e-05,1.996189e-04,3.390728e-04,4.784997e-04,8.687579e-06,-8.275983e-05,-1.752147e-04,-2.570270e-04,-3.192652e-04,-3.620055e-04,-3.917388e-04,-4.121914e-04,-4.229090e-04,-4.250197e-04,-4.204501e-04,-4.049979e-04,-3.748176e-04,-3.362283e-04,-3.163439e-04,-3.242216e-04,-3.380172e-04,-3.457482e-04,-3.520770e-04,-3.659345e-04,-3.837500e-04,-3.954169e-04,-3.979457e-04,-3.911357e-04,-3.749608e-04,-3.487834e-04,-3.208069e-04,-2.946587e-04,-2.662863e-04,-2.211335e-04,-1.538958e-04,-7.764200e-05,-2.199641e-06
