1.606410e-04,-2.375380e-07,5.995870e-06,4.390104e-07,2.141079e-06,5.041706e-06,5.508172e-06,4.037501e-06,1.299669e-06,-6.495638e-07,-1.216783e-06,-2.875720e-06,-2.105892e-06,-1.824263e-06,2.148570e-06,4.836229e-06,5.497254e-06,2.816320e-06,4.804402e-07,-1.905564e-06,-1.651230e-06,5.716768e-07,1.854586e-06,3.542862e-06,4.938262e-06,7.755823e-06,8.390939e-06,8.398923e-06,6.952173e-06,7.303264e-06,6.792918e-06,3.458301e-06,-3.164209e-06,-1.082141e-05,-1.691162e-05,-2.277975e-05,-6.221239e-04,-6.179894e-04,-6.138197e-04,-6.094013e-04,-6.052682e-04,-6.015415e-04,-5.980674e-04,-5.955910e-04,-5.947786e-04,-5.960794e-04,-5.979664e-04,-6.002189e-04,-6.023944e-04,-6.049783e-04,-6.073944e-04,-6.096829e-04,-6.117424e-04,-6.131382e-04,-6.134553e-04,-6.130973e-04,-6.122840e-04,-6.108049e-04,-6.092025e-04,-6.077323e-04,-6.067478e-04,-6.056989e-04,-6.048386e-04,-6.040549e-04,-6.039854e-04,-6.045589e-04,-6.052599e-04,-6.060999e-04,-6.068940e-04,-8.093638e-06,-7.663050e-06,-7.207798e-06,-6.452100e-06,-5.836686e-06,-5.276022e-06,-5.027754e-06,-4.434932e-06,-3.025749e-06,-1.642511e-06,-5.084539e-07,6.618112e-07,2.031369e-06,3.569579e-06,4.757932e-06,5.942526e-06,6.787591e-06,7.212486e-06,6.781231e-06,5.969414e-06,4.922537e-06,4.066424e-06,3.106069e-06,1.889689e-06,7.584800e-07,-1.918385e-07,-1.171542e-06,-2.063871e-06,-3.220593e-06,-3.750354e-06,-3.998963e-06,-3.908345e-06,-3.805865e-06,7.925308e-04,7.550291e-04,7.175130e-04,6.790368e-04,6.408861e-04,6.035420e-04,5.669689e-04,5.339414e-04,5.076617e-04,4.907472e-04,4.815685e-04,4.810639e-04,4.872830e-04,5.006783e-04,5.183873e-04,5.390934e-04,5.597081e-04,5.763631e-04,5.856439e-04,5.878493e-04,5.833877e-04,5.718608e-04,5.559461e-04,5.388561e-04,5.234158e-04,5.087144e-04,4.966365e-04,4.863578e-04,4.787761e-04,4.730575e-04,4.679859e-04,4.641547e-04,4.601582e-04,-9.704791e-05,-7.607064e-05,-5.507047e-05,-3.494065e-05,-1.678206e-05,-2.960150e-06,5.376524e-06,8.898502e-06,1.027405e-05,9.379760e-06,8.448746e-06,8.618426e-06,1.040360e-05,1.388658e-05,1.768665e-05,2.193913e-05,2.377339e-05,2.229256e-05,1.746601e-05,1.038881e-05,3.846864e-06,-2.762349e-07,-1.977317e-06,-3.472635e-06,-4.452992e-06,-5.524152e-06,-7.905595e-06,-1.108493e-05,-1.656184e-05,-2.335264e-05,-3.288423e-05,-4.335798e-05,-5.368788e-05
-2.375380e-07,1.473672e-04,3.256220e-06,-5.913106e-05,-5.685387e-05,-5.353623e-05,-5.116724e-05,-5.004631e-05,-4.833091e-05,-4.587530e-05,-4.466010e-05,-4.467149e-05,-4.491801e-05,-4.430204e-05,-4.385593e-05,-4.456434e-05,-4.654540e-05,-4.818482e-05,-4.852534e-05,-4.940697e-05,-5.045297e-05,-4.999036e-05,-4.696249e-05,-4.373020e-05,-3.956787e-05,-3.478960e-05,-3.394055e-05,-3.462295e-05,-3.975718e-05,-4.432212e-05,-4.622987e-05,-4.536934e-05,-4.361277e-05,-4.268432e-05,-4.039664e-05,-3.765653e-05,-1.521864e-05,-1.409700e-05,-1.294664e-05,-1.143537e-05,-9.911393e-06,-8.315230e-06,-7.005912e-06,-5.596726e-06,-3.862206e-06,-1.967005e-06,1.623364e-07,2.267496e-06,4.208865e-06,6.241714e-06,8.013902e-06,9.643858e-06,1.047944e-05,1.046717e-05,9.493375e-06,8.261057e-06,6.982007e-06,6.136154e-06,5.465444e-06,4.217371e-06,2.505136e-06,6.374882e-07,-1.208918e-06,-2.938991e-06,-5.130009e-06,-7.547471e-06,-1.053747e-05,-1.366215e-05,-1.674364e-05,-5.224259e-04,-5.261987e-04,-5.299498e-04,-5.333062e-04,-5.364929e-04,-5.394352e-04,-5.416650e-04,-5.434896e-04,-5.448420e-04,-5.456774e-04,-5.461830e-04,-5.461271e-04,-5.460442e-04,-5.456698e-04,-5.452387e-04,-5.444956e-04,-5.434375e-04,-5.423082e-04,-5.408297e-04,-5.395991e-04,-5.388535e-04,-5.384747e-04,-5.393640e-04,-5.418645e-04,-5.446340e-04,-5.472190e-04,-5.492849e-04,-5.512402e-04,-5.530430e-04,-5.547190e-04,-5.562709e-04,-5.573402e-04,-5.583994e-04,-7.863376e-05,-6.130704e-05,-4.395460e-05,-2.727249e-05,-1.216752e-05,-4.663242e-07,7.083230e-06,1.105081e-05,1.292706e-05,1.225675e-05,1.096384e-05,1.060634e-05,1.148687e-05,1.321686e-05,1.489453e-05,1.737396e-05,1.899653e-05,1.894313e-05,1.677672e-05,1.275729e-05,8.780435e-06,6.098052e-06,4.608795e-06,2.397227e-06,-1.686036e-07,-2.988228e-06,-6.687842e-06,-1.145202e-05,-1.871453e-05,-2.732830e-05,-3.763224e-05,-4.830919e-05,-5.891049e-05,7.104953e-04,6.780970e-04,6.456215e-04,6.125659e-04,5.806447e-04,5.499354e-04,5.201340e-04,4.942610e-04,4.739459e-04,4.589255e-04,4.503864e-04,4.472782e-04,4.511454e-04,4.592974e-04,4.715200e-04,4.859124e-04,5.013518e-04,5.150635e-04,5.224931e-04,5.236481e-04,5.191243e-04,5.082894e-04,4.937713e-04,4.790022e-04,4.647183e-04,4.540803e-04,4.455922e-04,4.393315e-04,4.338574e-04,4.294890e-04,4.263755e-04,4.222398e-04,4.181808e-04
5.995870e-06,3.256220e-06,3.134607e-05,-2.774121e-04,-2.760212e-04,-2.743753e-04,-2.682570e-04,-2.628779e-04,-2.562385e-04,-2.432431e-04,-2.309488e-04,-2.211632e-04,-2.157453e-04,-2.138796e-04,-2.140336e-04,-2.144451e-04,-2.163930e-04,-2.214642e-04,-2.312669e-04,-2.453649e-04,-2.589247e-04,-2.626190e-04,-2.613712e-04,-2.573611e-04,-2.466042e-04,-2.343643e-04,-2.250211e-04,-2.185302e-04,-2.159907e-04,-2.167411e-04,-2.183034e-04,-2.200364e-04,-2.217853e-04,-2.229261e-04,-2.232152e-04,-2.233678e-04,-2.876903e-05,-3.082470e-05,-3.290269e-05,-3.427558e-05,-3.446195e-05,-3.361706e-05,-3.219453e-05,-3.084926e-05,-2.934011e-05,-2.752847e-05,-2.571140e-05,-2.418069e-05,-2.306188e-05,-2.245900e-05,-2.258594e-05,-2.363938e-05,-2.549947e-05,-2.772412e-05,-2.960980e-05,-3.048022e-05,-3.022701e-05,-2.907195e-05,-2.786712e-05,-2.680654e-05,-2.591606e-05,-2.536021e-05,-2.528593e-05,-2.552048e-05,-2.588515e-05,-2.625456e-05,-2.668820e-05,-2.717439e-05,-2.764158e-05,1.188960e-05,5.829964e-06,-2.528751e-07,-5.648561e-06,-9.825382e-06,-1.310377e-05,-1.526562e-05,-1.596284e-05,-1.576799e-05,-1.514838e-05,-1.451085e-05,-1.402166e-05,-1.383871e-05,-1.377842e-05,-1.364318e-05,-1.312213e-05,-1.174857e-05,-9.523910e-06,-7.032538e-06,-4.889447e-06,-2.981551e-06,-1.611896e-06,-1.639585e-06,-2.984190e-06,-5.012362e-06,-7.203850e-06,-9.247875e-06,-1.099902e-05,-1.239560e-05,-1.351069e-05,-1.440154e-05,-1.509740e-05,-1.578628e-05,3.258281e-05,3.621999e-05,3.992423e-05,4.288910e-05,4.456922e-05,4.487065e-05,4.402584e-05,4.230933e-05,3.893974e-05,3.397613e-05,2.910317e-05,2.575781e-05,2.302044e-05,1.993261e-05,1.746579e-05,1.754954e-05,2.031815e-05,2.489787e-05,3.009237e-05,3.465673e-05,3.814701e-05,4.026908e-05,4.120430e-05,3.996193e-05,3.614557e-05,3.091860e-05,2.560668e-05,1.931827e-05,1.042473e-05,-1.022476e-06,-1.333456e-05,-2.546383e-05,-3.761062e-05,1.052534e-05,1.407126e-05,1.768673e-05,2.046878e-05,2.192920e-05,2.248648e-05,2.176953e-05,1.930721e-05,1.578994e-05,1.307619e-05,1.237654e-05,1.239993e-05,1.180506e-05,1.151629e-05,1.300598e-05,1.552880e-05,1.699480e-05,1.707567e-05,1.626682e-05,1.547317e-05,1.455652e-05,1.385936e-05,1.453618e-05,1.662035e-05,1.843049e-05,1.845911e-05,1.754256e-05,1.731009e-05,1.697546e-05,1.460916e-05,9.657177e-06,3.810264e-06,-1.945533e-06
4.390104e-07,-5.913106e-05,-2.774121e-04,2.427237e-02,1.375341e-02,5.646439e-03,1.309261e-03,6.550573e-05,3.938281e-04,9.912741e-04,1.443130e-03,1.757552e-03,1.925821e-03,1.976717e-03,1.996191e-03,1.987242e-03,1.951664e-03,1.945976e-03,2.021060e-03,2.155677e-03,2.293289e-03,2.341262e-03,2.337272e-03,2.303072e-03,2.205031e-03,2.094485e-03,2.010467e-03,1.952968e-03,1.931695e-03,1.939556e-03,1.953020e-03,1.966603e-03,1.979486e-03,1.986967e-03,1.987154e-03,1.986108e-03,-5.800434e-03,-4.740256e-03,-3.672575e-03,-2.692943e-03,-1.874612e-03,-1.199967e-03,-6.822784e-04,-3.261062e-04,-9.626183e-05,3.520778e-05,9.787320e-05,1.191243e-04,1.158984e-04,1.017793e-04,8.656846e-05,7.856396e-05,7.858958e-05,8.316360e-05,8.696893e-05,8.425614e-05,7.406001e-05,5.835007e-05,4.433308e-05,3.334033e-05,2.500198e-05,2.052773e-05,2.074712e-05,2.393115e-05,2.824821e-05,3.247378e-05,3.736142e-05,4.269724e-05,4.787087e-05,-2.391326e-03,-1.855322e-03,-1.312385e-03,-8.514422e-04,-5.265160e-04,-3.024866e-04,-1.436167e-04,-9.830373e-06,9.839164e-05,1.786985e-04,2.311030e-04,2.607101e-04,2.733342e-04,2.745572e-04,2.690063e-04,2.586550e-04,2.407927e-04,2.158769e-04,1.885375e-04,1.644731e-04,1.432254e-04,1.278726e-04,1.261576e-04,1.371995e-04,1.549546e-04,1.745203e-04,1.928690e-04,2.087016e-04,2.213146e-04,2.316271e-04,2.400269e-04,2.467140e-04,2.533404e-04,2.154648e-05,-5.929766e-05,-1.417278e-04,-2.085182e-04,-2.490602e-04,-2.680664e-04,-2.684420e-04,-2.516659e-04,-2.147558e-04,-1.602077e-04,-1.057698e-04,-6.538017e-05,-3.164966e-05,4.338464e-06,3.381005e-05,3.945519e-05,2.006215e-05,-1.717382e-05,-6.225500e-05,-1.038446e-04,-1.380767e-04,-1.625480e-04,-1.778562e-04,-1.736649e-04,-1.455708e-04,-1.042835e-04,-6.088973e-05,-7.772991e-06,7.007212e-05,1.716143e-04,2.814479e-04,3.901556e-04,4.989477e-04,-2.198936e-04,-2.720724e-04,-3.260231e-04,-3.599243e-04,-3.635246e-04,-3.489168e-04,-3.214241e-04,-2.850058e-04,-2.439456e-04,-2.134650e-04,-2.026106e-04,-1.991723e-04,-1.913205e-04,-1.870538e-04,-2.001358e-04,-2.235953e-04,-2.393589e-04,-2.440261e-04,-2.407829e-04,-2.371715e-04,-2.311311e-04,-2.249031e-04,-2.292600e-04,-2.459010e-04,-2.598945e-04,-2.586826e-04,-2.498255e-04,-2.476780e-04,-2.454885e-04,-2.258606e-04,-1.843979e-04,-1.350810e-04,-8.654210e-05
2.141079e-06,-5.685387e-05,-2.760212e-04,1.375341e-02,9.874392e-03,5.423064e-03,2.777548e-03,1.687237e-03,1.504013e-03,1.591865e-03,1.720091e-03,1.829275e-03,1.891165e-03,1.917841e-03,1.941655e-03,1.946144e-03,1.938270e-03,1.956581e-03,2.035313e-03,2.163160e-03,2.291104e-03,2.331236e-03,2.323526e-03,2.289095e-03,2.193162e-03,2.084156e-03,2.000890e-03,1.943548e-03,1.921936e-03,1.929699e-03,1.943501e-03,1.957316e-03,1.970062e-03,1.977244e-03,1.977183e-03,1.975904e-03,-3.320354e-03,-2.654818e-03,-1.983379e-03,-1.380572e-03,-9.012434e-04,-5.297641e-04,-2.640263e-04,-9.289546e-05,8.033198e-06,5.759486e-05,7.292202e-05,6.985912e-05,5.766561e-05,4.361173e-05,3.341084e-05,3.190977e-05,3.891328e-05,5.064135e-05,6.123809e-05,6.454549e-05,5.935955e-05,4.748529e-05,3.612348e-05,2.679877e-05,1.935436e-05,1.521565e-05,1.541478e-05,1.836768e-05,2.233666e-05,2.616957e-05,3.063592e-05,3.554525e-05,4.029405e-05,-1.506746e-03,-1.121268e-03,-7.303763e-04,-4.032260e-04,-1.805962e-04,-2.932546e-05,7.226975e-05,1.453039e-04,1.968186e-04,2.287924e-04,2.451327e-04,2.508500e-04,2.509193e-04,2.474228e-04,2.416238e-04,2.328833e-04,2.173425e-04,1.950358e-04,1.705855e-04,1.495077e-04,1.309457e-04,1.176971e-04,1.173742e-04,1.291810e-04,1.472726e-04,1.669083e-04,1.851694e-04,2.008481e-04,2.132717e-04,2.233955e-04,2.316114e-04,2.381285e-04,2.445858e-04,-1.170582e-05,-8.035270e-05,-1.503859e-04,-2.067741e-04,-2.399558e-04,-2.529272e-04,-2.494150e-04,-2.325089e-04,-1.979004e-04,-1.471573e-04,-9.686968e-05,-6.009677e-05,-2.918602e-05,4.914547e-06,3.337025e-05,3.889641e-05,2.001334e-05,-1.636876e-05,-6.048052e-05,-1.011061e-04,-1.344284e-04,-1.581123e-04,-1.727763e-04,-1.681660e-04,-1.398803e-04,-9.858469e-05,-5.529070e-05,-2.403756e-06,7.502818e-05,1.760093e-04,2.852096e-04,3.932930e-04,5.014601e-04,-2.320726e-04,-2.751526e-04,-3.197441e-04,-3.473394e-04,-3.494240e-04,-3.371601e-04,-3.129365e-04,-2.773409e-04,-2.360490e-04,-2.049945e-04,-1.938695e-04,-1.906108e-04,-1.833983e-04,-1.798892e-04,-1.935148e-04,-2.171692e-04,-2.328990e-04,-2.374208e-04,-2.340783e-04,-2.304159e-04,-2.243422e-04,-2.180901e-04,-2.223661e-04,-2.388735e-04,-2.527668e-04,-2.515233e-04,-2.427021e-04,-2.405810e-04,-2.384624e-04,-2.190045e-04,-1.778328e-04,-1.288685e-04,-8.067590e-05
5.041706e-06,-5.353623e-05,-2.743753e-04,5.646439e-03,5.423064e-03,5.404102e-03,4.220489e-03,3.329216e-03,2.612489e-03,2.193372e-03,1.998105e-03,1.902121e-03,1.856014e-03,1.857285e-03,1.884691e-03,1.902619e-03,1.923250e-03,1.966254e-03,2.048636e-03,2.169382e-03,2.287267e-03,2.319300e-03,2.307791e-03,2.273177e-03,2.179505e-03,2.072195e-03,1.989771e-03,1.932632e-03,1.910644e-03,1.918273e-03,1.932398e-03,1.946424e-03,1.958982e-03,1.965805e-03,1.965461e-03,1.963919e-03,-7.848835e-04,-5.216774e-04,-2.542096e-04,-3.630210e-05,9.600258e-05,1.566955e-04,1.636787e-04,1.441643e-04,1.119993e-04,7.685210e-05,4.312477e-05,1.484733e-05,-6.667755e-06,-2.070288e-05,-2.576493e-05,-2.058062e-05,-6.399928e-06,1.269071e-05,3.028221e-05,3.979842e-05,3.978903e-05,3.189215e-05,2.329158e-05,1.570294e-05,9.187198e-06,5.397532e-06,5.573884e-06,8.284347e-06,1.188112e-05,1.528965e-05,1.929721e-05,2.374036e-05,2.802537e-05,-5.896619e-04,-3.589183e-04,-1.243115e-04,6.441017e-05,1.799806e-04,2.538685e-04,2.938901e-04,3.024036e-04,2.943210e-04,2.759195e-04,2.549640e-04,2.361890e-04,2.235184e-04,2.153761e-04,2.095133e-04,2.025882e-04,1.895594e-04,1.700290e-04,1.486155e-04,1.306496e-04,1.148685e-04,1.037878e-04,1.048771e-04,1.174292e-04,1.358206e-04,1.554852e-04,1.736191e-04,1.891075e-04,2.013066e-04,2.112144e-04,2.192234e-04,2.255547e-04,2.318273e-04,-4.462452e-05,-1.003807e-04,-1.573202e-04,-2.026067e-04,-2.277798e-04,-2.341764e-04,-2.264003e-04,-2.091603e-04,-1.768049e-04,-1.299304e-04,-8.390469e-05,-5.084130e-05,-2.280566e-05,9.411067e-06,3.690309e-05,4.242663e-05,2.419818e-05,-1.120026e-05,-5.426551e-05,-9.390849e-05,-1.263499e-04,-1.493214e-04,-1.634450e-04,-1.585462e-04,-1.302068e-04,-8.904828e-05,-4.598948e-05,6.529837e-06,8.339557e-05,1.836501e-04,2.920390e-04,3.993272e-04,5.066976e-04,-2.415303e-04,-2.753950e-04,-3.105060e-04,-3.316113e-04,-3.319735e-04,-3.218779e-04,-3.008132e-04,-2.659919e-04,-2.244921e-04,-1.929416e-04,-1.816376e-04,-1.786415e-04,-1.721087e-04,-1.693503e-04,-1.834554e-04,-2.071947e-04,-2.227784e-04,-2.270723e-04,-2.236132e-04,-2.199379e-04,-2.139018e-04,-2.077200e-04,-2.120089e-04,-2.284698e-04,-2.423472e-04,-2.411452e-04,-2.324358e-04,-2.304056e-04,-2.284357e-04,-2.092405e-04,-1.684796e-04,-1.200070e-04,-7.229775e-05
5.508172e-06,-5.116724e-05,-2.682570e-04,1.309261e-03,2.777548e-03,4.220489e-03,5.520209e-03,4.740470e-03,3.642809e-03,2.733497e-03,2.216676e-03,1.918632e-03,1.777862e-03,1.765099e-03,1.805433e-03,1.837493e-03,1.877429e-03,1.936275e-03,2.019953e-03,2.133837e-03,2.242809e-03,2.268753e-03,2.254774e-03,2.220680e-03,2.130425e-03,2.026224e-03,1.945699e-03,1.889566e-03,1.867715e-03,1.875179e-03,1.889352e-03,1.903342e-03,1.915590e-03,1.922048e-03,1.921479e-03,1.919746e-03,1.006407e-03,9.828750e-04,9.621853e-04,9.066193e-04,7.937521e-04,6.346832e-04,4.602127e-04,3.108936e-04,1.892616e-04,9.745147e-05,3.093849e-05,-1.467795e-05,-4.311032e-05,-5.764179e-05,-5.973487e-05,-5.050178e-05,-3.194541e-05,-8.306524e-06,1.371927e-05,2.735874e-05,3.096819e-05,2.599946e-05,1.948728e-05,1.325681e-05,7.514794e-06,4.035643e-06,4.186329e-06,6.665850e-06,9.931311e-06,1.298102e-05,1.659706e-05,2.063673e-05,2.452225e-05,-2.344318e-04,-6.859229e-05,9.977759e-05,2.359226e-04,3.211939e-04,3.842366e-04,4.185623e-04,4.076216e-04,3.721959e-04,3.244791e-04,2.777716e-04,2.391151e-04,2.140518e-04,1.992135e-04,1.904532e-04,1.827457e-04,1.702369e-04,1.521170e-04,1.327761e-04,1.171928e-04,1.037364e-04,9.457986e-05,9.689422e-05,1.099958e-04,1.284871e-04,1.479864e-04,1.658253e-04,1.809841e-04,1.928645e-04,2.024794e-04,2.102267e-04,2.163330e-04,2.223825e-04,-6.723380e-05,-1.139699e-04,-1.616941e-04,-1.995131e-04,-2.197363e-04,-2.220786e-04,-2.118008e-04,-1.950402e-04,-1.649772e-04,-1.215481e-04,-7.908579e-05,-4.890378e-05,-2.311705e-05,7.336152e-06,3.369611e-05,3.906158e-05,2.152303e-05,-1.263705e-05,-5.423230e-05,-9.246133e-05,-1.236452e-04,-1.455992e-04,-1.589561e-04,-1.537994e-04,-1.258061e-04,-8.536308e-05,-4.313800e-05,8.274656e-06,8.344080e-05,1.814467e-04,2.873836e-04,3.922426e-04,4.971823e-04,-2.324743e-04,-2.623725e-04,-2.932656e-04,-3.126570e-04,-3.150376e-04,-3.097751e-04,-2.936630e-04,-2.608302e-04,-2.195378e-04,-1.871214e-04,-1.745815e-04,-1.706080e-04,-1.638163e-04,-1.611317e-04,-1.751220e-04,-1.985302e-04,-2.139023e-04,-2.181850e-04,-2.149036e-04,-2.114306e-04,-2.056325e-04,-1.996665e-04,-2.039009e-04,-2.200048e-04,-2.335688e-04,-2.323659e-04,-2.238247e-04,-2.218190e-04,-2.198891e-04,-2.011220e-04,-1.612710e-04,-1.138912e-04,-6.725669e-05
4.037501e-06,-5.004631e-05,-2.628779e-04,6.550573e-05,1.687237e-03,3.329216e-03,4.740470e-03,5.620265e-03,4.393837e-03,3.277069e-03,2.463105e-03,1.959776e-03,1.714876e-03,1.682187e-03,1.739255e-03,1.788008e-03,1.837796e-03,1.901578e-03,1.984644e-03,2.094805e-03,2.199441e-03,2.222982e-03,2.208252e-03,2.174904e-03,2.087274e-03,1.985383e-03,1.906268e-03,1.851064e-03,1.829599e-03,1.837010e-03,1.851122e-03,1.864989e-03,1.876963e-03,1.883137e-03,1.882394e-03,1.880510e-03,1.659339e-03,1.511913e-03,1.366087e-03,1.199053e-03,9.983505e-04,7.676959e-04,5.423736e-04,3.670664e-04,2.293058e-04,1.249221e-04,4.865962e-05,-4.962167e-06,-3.944230e-05,-5.757706e-05,-6.161280e-05,-5.328016e-05,-3.487797e-05,-1.077880e-05,1.218087e-05,2.711189e-05,3.216629e-05,2.857878e-05,2.317263e-05,1.776024e-05,1.256555e-05,9.379359e-06,9.606353e-06,1.201960e-05,1.515561e-05,1.806197e-05,2.151188e-05,2.537739e-05,2.909153e-05,-4.273215e-04,-2.470097e-04,-6.534819e-05,9.691728e-05,2.271547e-04,3.457029e-04,4.309813e-04,4.481369e-04,4.191848e-04,3.650769e-04,3.066860e-04,2.553481e-04,2.204108e-04,1.985808e-04,1.852656e-04,1.749359e-04,1.612682e-04,1.431239e-04,1.245619e-04,1.101887e-04,9.809574e-05,9.016224e-05,9.328422e-05,1.067571e-04,1.253188e-04,1.447040e-04,1.623442e-04,1.772816e-04,1.889601e-04,1.983912e-04,2.059815e-04,2.119577e-04,2.178787e-04,-7.175858e-05,-1.148449e-04,-1.587372e-04,-1.944054e-04,-2.148676e-04,-2.181189e-04,-2.094104e-04,-1.953963e-04,-1.677940e-04,-1.261777e-04,-8.482924e-05,-5.505002e-05,-2.939586e-05,7.689285e-07,2.685537e-05,3.230280e-05,1.525182e-05,-1.811644e-05,-5.876719e-05,-9.610416e-05,-1.265059e-04,-1.478156e-04,-1.606737e-04,-1.553965e-04,-1.277707e-04,-8.796617e-05,-4.645105e-05,4.039284e-06,7.776983e-05,1.738555e-04,2.777029e-04,3.804826e-04,4.833429e-04,-2.132695e-04,-2.426029e-04,-2.727027e-04,-2.937077e-04,-3.011616e-04,-3.028847e-04,-2.931303e-04,-2.632904e-04,-2.221609e-04,-1.882464e-04,-1.735674e-04,-1.676208e-04,-1.596750e-04,-1.564037e-04,-1.699210e-04,-1.929497e-04,-2.082295e-04,-2.126898e-04,-2.097362e-04,-2.065668e-04,-2.010808e-04,-1.953829e-04,-1.996276e-04,-2.154427e-04,-2.287319e-04,-2.275235e-04,-2.190991e-04,-2.170649e-04,-2.150845e-04,-1.965977e-04,-1.574312e-04,-1.108810e-04,-6.506213e-05
1.299669e-06,-4.833091e-05,-2.562385e-04,3.938281e-04,1.504013e-03,2.612489e-03,3.642809e-03,4.393837e-03,4.903467e-03,3.850290e-03,2.915528e-03,2.130037e-03,1.696011e-03,1.583267e-03,1.648032e-03,1.729699e-03,1.797798e-03,1.860884e-03,1.935390e-03,2.039035e-03,2.139763e-03,2.162338e-03,2.148063e-03,2.116681e-03,2.032766e-03,1.933441e-03,1.856235e-03,1.802997e-03,1.782574e-03,1.789926e-03,1.803794e-03,1.817294e-03,1.828658e-03,1.834290e-03,1.833242e-03,1.831072e-03,1.163907e-03,1.072911e-03,9.826154e-04,8.806818e-04,7.597983e-04,6.151650e-04,4.763626e-04,3.788842e-04,2.919752e-04,2.057934e-04,1.269110e-04,6.032212e-05,8.734593e-06,-2.497804e-05,-4.187647e-05,-4.331876e-05,-3.141271e-05,-1.105865e-05,1.047549e-05,2.584424e-05,3.254056e-05,3.115114e-05,2.791240e-05,2.439256e-05,2.066740e-05,1.850906e-05,1.933637e-05,2.205171e-05,2.532915e-05,2.831834e-05,3.180979e-05,3.571264e-05,3.946657e-05,-2.157844e-04,-5.502029e-05,1.062557e-04,2.570590e-04,3.876665e-04,5.070630e-04,5.843422e-04,5.770694e-04,5.084185e-04,4.132750e-04,3.224856e-04,2.482901e-04,2.003783e-04,1.731927e-04,1.588081e-04,1.501225e-04,1.393768e-04,1.248414e-04,1.101219e-04,9.932602e-05,9.027041e-05,8.454902e-05,8.884962e-05,1.026669e-04,1.210415e-04,1.399872e-04,1.571248e-04,1.715950e-04,1.828984e-04,1.920250e-04,1.993734e-04,2.051530e-04,2.108784e-04,-5.609298e-05,-1.007101e-04,-1.459828e-04,-1.844061e-04,-2.097260e-04,-2.188292e-04,-2.162058e-04,-2.075286e-04,-1.827234e-04,-1.410261e-04,-9.787814e-05,-6.564386e-05,-3.778389e-05,-6.469972e-06,2.000582e-05,2.566659e-05,8.861324e-06,-2.416061e-05,-6.439274e-05,-1.014023e-04,-1.315599e-04,-1.526672e-04,-1.653531e-04,-1.602325e-04,-1.332471e-04,-9.431451e-05,-5.369065e-05,-4.308194e-06,6.769434e-05,1.614568e-04,2.627706e-04,3.630224e-04,4.633557e-04,-1.909591e-04,-2.215500e-04,-2.527386e-04,-2.765759e-04,-2.891247e-04,-2.960875e-04,-2.901072e-04,-2.614231e-04,-2.189753e-04,-1.829590e-04,-1.666648e-04,-1.598945e-04,-1.521818e-04,-1.496831e-04,-1.636953e-04,-1.869405e-04,-2.023925e-04,-2.070565e-04,-2.043003e-04,-2.011728e-04,-1.956848e-04,-1.899438e-04,-1.938668e-04,-2.090485e-04,-2.217947e-04,-2.204420e-04,-2.120773e-04,-2.099620e-04,-2.078912e-04,-1.897327e-04,-1.513849e-04,-1.058321e-04,-6.099395e-05
-6.495638e-07,-4.587530e-05,-2.432431e-04,9.912741e-04,1.591865e-03,2.193372e-03,2.733497e-03,3.277069e-03,3.850290e-03,4.546022e-03,3.546868e-03,2.533655e-03,1.773354e-03,1.472528e-03,1.494803e-03,1.610933e-03,1.712067e-03,1.782750e-03,1.847270e-03,1.939041e-03,2.029175e-03,2.046411e-03,2.031594e-03,2.003257e-03,1.925913e-03,1.831598e-03,1.758776e-03,1.709983e-03,1.691848e-03,1.699184e-03,1.712479e-03,1.724984e-03,1.734880e-03,1.739338e-03,1.737669e-03,1.734909e-03,2.816252e-04,3.395946e-04,3.978085e-04,4.487473e-04,4.851540e-04,4.940229e-04,4.918333e-04,4.964359e-04,4.605868e-04,3.725654e-04,2.629177e-04,1.581944e-04,6.925771e-05,5.674368e-06,-3.318480e-05,-4.992543e-05,-4.716066e-05,-3.105346e-05,-9.940175e-06,7.888686e-06,1.886703e-05,2.248952e-05,2.393863e-05,2.437676e-05,2.367225e-05,2.361550e-05,2.567506e-05,2.902482e-05,3.260851e-05,3.577806e-05,3.937676e-05,4.337996e-05,4.723922e-05,2.578530e-04,3.775065e-04,4.972675e-04,6.105492e-04,7.072611e-04,7.842102e-04,8.070069e-04,7.346012e-04,5.905658e-04,4.302344e-04,2.978474e-04,2.016779e-04,1.462588e-04,1.214533e-04,1.132358e-04,1.121559e-04,1.089568e-04,1.015906e-04,9.347804e-05,8.830208e-05,8.360076e-05,8.065465e-05,8.589090e-05,9.929977e-05,1.165164e-04,1.340935e-04,1.499549e-04,1.633774e-04,1.739101e-04,1.824737e-04,1.894077e-04,1.948740e-04,2.002874e-04,-2.006583e-05,-6.987733e-05,-1.202345e-04,-1.647436e-04,-1.978076e-04,-2.158571e-04,-2.220395e-04,-2.197871e-04,-1.974443e-04,-1.541404e-04,-1.073181e-04,-7.120587e-05,-4.040752e-05,-8.085951e-06,1.817583e-05,2.366157e-05,7.089856e-06,-2.528438e-05,-6.462301e-05,-1.008576e-04,-1.304248e-04,-1.511283e-04,-1.635576e-04,-1.588550e-04,-1.332257e-04,-9.612265e-05,-5.734369e-05,-1.021404e-05,5.838022e-05,1.476118e-04,2.440031e-04,3.393697e-04,4.348159e-04,-1.665835e-04,-1.991337e-04,-2.321778e-04,-2.588994e-04,-2.754476e-04,-2.852316e-04,-2.804017e-04,-2.514514e-04,-2.068098e-04,-1.687489e-04,-1.520130e-04,-1.461694e-04,-1.405716e-04,-1.404413e-04,-1.556894e-04,-1.792098e-04,-1.947185e-04,-1.994884e-04,-1.968834e-04,-1.936884e-04,-1.880818e-04,-1.821357e-04,-1.853135e-04,-1.992000e-04,-2.108597e-04,-2.092458e-04,-2.010689e-04,-1.989022e-04,-1.968138e-04,-1.794816e-04,-1.429741e-04,-9.962192e-05,-5.694930e-05
-1.216783e-06,-4.466010e-05,-2.309488e-04,1.443130e-03,1.720091e-03,1.998105e-03,2.216676e-03,2.463105e-03,2.915528e-03,3.546868e-03,4.171082e-03,3.084244e-03,2.125297e-03,1.525560e-03,1.396256e-03,1.483258e-03,1.606960e-03,1.700770e-03,1.772059e-03,1.857483e-03,1.934284e-03,1.941347e-03,1.923748e-03,1.896462e-03,1.823494e-03,1.733651e-03,1.665983e-03,1.622318e-03,1.606824e-03,1.614340e-03,1.626882e-03,1.638009e-03,1.646281e-03,1.649717e-03,1.647648e-03,1.644506e-03,-9.644823e-05,6.466712e-05,2.259076e-04,3.806154e-04,5.193067e-04,6.248755e-04,6.983201e-04,7.382139e-04,6.915009e-04,5.513076e-04,3.763346e-04,2.180428e-04,8.951841e-05,2.498541e-07,-5.296854e-05,-7.715275e-05,-7.699785e-05,-6.016688e-05,-3.626984e-05,-1.442613e-05,1.357530e-06,9.967611e-06,1.583295e-05,1.986507e-05,2.187948e-05,2.372200e-05,2.691318e-05,3.087401e-05,3.479268e-05,3.819320e-05,4.197480e-05,4.615904e-05,5.020345e-05,3.562102e-04,4.531230e-04,5.500752e-04,6.410739e-04,7.147087e-04,7.590495e-04,7.445964e-04,6.408695e-04,4.684218e-04,2.966619e-04,1.777255e-04,1.084338e-04,8.045146e-05,8.060263e-05,9.116405e-05,1.027535e-04,1.076884e-04,1.052900e-04,1.000760e-04,9.633486e-05,9.184243e-05,8.802461e-05,9.129247e-05,1.022053e-04,1.168835e-04,1.323022e-04,1.465184e-04,1.588004e-04,1.686341e-04,1.767936e-04,1.834989e-04,1.888447e-04,1.941376e-04,1.803768e-05,-3.727650e-05,-9.307618e-05,-1.435760e-04,-1.836201e-04,-2.098210e-04,-2.236923e-04,-2.260305e-04,-2.045456e-04,-1.586924e-04,-1.082185e-04,-6.948031e-05,-3.749953e-05,-5.721013e-06,1.909811e-05,2.361712e-05,6.928729e-06,-2.481597e-05,-6.303487e-05,-9.808218e-05,-1.265926e-04,-1.464878e-04,-1.583456e-04,-1.537890e-04,-1.292677e-04,-9.379680e-05,-5.670582e-05,-1.167825e-05,5.372868e-05,1.387191e-04,2.305076e-04,3.213172e-04,4.122030e-04,-1.581550e-04,-1.902735e-04,-2.228466e-04,-2.494692e-04,-2.661798e-04,-2.746680e-04,-2.679746e-04,-2.383027e-04,-1.928940e-04,-1.552569e-04,-1.409629e-04,-1.384153e-04,-1.359137e-04,-1.380820e-04,-1.538995e-04,-1.767465e-04,-1.914345e-04,-1.956000e-04,-1.926368e-04,-1.890981e-04,-1.832655e-04,-1.771174e-04,-1.796624e-04,-1.924697e-04,-2.032703e-04,-2.015994e-04,-1.937907e-04,-1.917573e-04,-1.898298e-04,-1.734532e-04,-1.388782e-04,-9.779640e-05,-5.736070e-05
-2.875720e-06,-4.467149e-05,-2.211632e-04,1.757552e-03,1.829275e-03,1.902121e-03,1.918632e-03,1.959776e-03,2.130037e-03,2.533655e-03,3.084244e-03,3.679881e-03,2.694940e-03,1.906218e-03,1.474677e-03,1.404806e-03,1.485630e-03,1.592530e-03,1.687618e-03,1.783931e-03,1.860484e-03,1.865867e-03,1.848366e-03,1.818872e-03,1.743827e-03,1.656716e-03,1.593826e-03,1.553625e-03,1.539439e-03,1.546519e-03,1.557671e-03,1.567553e-03,1.575677e-03,1.579996e-03,1.579169e-03,1.577294e-03,-1.827559e-04,-1.720849e-05,1.484584e-04,3.079823e-04,4.526584e-04,5.703956e-04,6.554008e-04,6.955725e-04,6.423880e-04,4.868426e-04,3.014386e-04,1.521519e-04,4.373461e-05,-2.433937e-05,-5.761855e-05,-6.657966e-05,-5.702759e-05,-3.590169e-05,-1.187499e-05,7.235794e-06,1.911497e-05,2.388027e-05,2.641926e-05,2.779176e-05,2.802351e-05,2.877275e-05,3.134015e-05,3.501213e-05,3.888073e-05,4.236863e-05,4.629202e-05,5.061031e-05,5.479307e-05,3.292416e-04,3.575339e-04,3.859171e-04,4.084937e-04,4.157417e-04,3.971271e-04,3.364923e-04,2.229457e-04,8.065039e-05,-2.364505e-05,-4.823665e-05,-2.154673e-05,2.379478e-05,7.469125e-05,1.160479e-04,1.428384e-04,1.534685e-04,1.503927e-04,1.403223e-04,1.294561e-04,1.172117e-04,1.062422e-04,1.033982e-04,1.094432e-04,1.204739e-04,1.333984e-04,1.460356e-04,1.573911e-04,1.667644e-04,1.747008e-04,1.813017e-04,1.866160e-04,1.918769e-04,2.226096e-05,-3.137184e-05,-8.546313e-05,-1.345531e-04,-1.740211e-04,-2.015139e-04,-2.177583e-04,-2.219464e-04,-2.023535e-04,-1.576791e-04,-1.084017e-04,-7.204739e-05,-4.291359e-05,-1.381524e-05,8.825055e-06,1.248027e-05,-3.644888e-06,-3.373507e-05,-6.965194e-05,-1.022886e-04,-1.286324e-04,-1.468370e-04,-1.575134e-04,-1.526306e-04,-1.288156e-04,-9.464725e-05,-5.902501e-05,-1.585963e-05,4.679233e-05,1.281799e-04,2.160862e-04,3.030475e-04,3.900827e-04,-1.855439e-04,-2.094908e-04,-2.338936e-04,-2.524198e-04,-2.611156e-04,-2.612540e-04,-2.477472e-04,-2.157631e-04,-1.725723e-04,-1.407688e-04,-1.345142e-04,-1.394366e-04,-1.415197e-04,-1.455014e-04,-1.605922e-04,-1.812221e-04,-1.936984e-04,-1.960529e-04,-1.916938e-04,-1.870336e-04,-1.805093e-04,-1.740422e-04,-1.762404e-04,-1.885219e-04,-1.990332e-04,-1.977146e-04,-1.905339e-04,-1.888696e-04,-1.872538e-04,-1.717737e-04,-1.388416e-04,-9.965473e-05,-6.108897e-05
-2.105892e-06,-4.491801e-05,-2.157453e-04,1.925821e-03,1.891165e-03,1.856014e-03,1.777862e-03,1.714876e-03,1.696011e-03,1.773354e-03,2.125297e-03,2.694940e-03,3.401277e-03,2.547602e-03,1.879282e-03,1.487899e-03,1.402821e-03,1.464235e-03,1.580215e-03,1.705022e-03,1.807815e-03,1.833203e-03,1.823526e-03,1.791175e-03,1.710132e-03,1.624184e-03,1.561913e-03,1.518807e-03,1.501988e-03,1.507702e-03,1.517827e-03,1.528110e-03,1.538624e-03,1.545746e-03,1.547325e-03,1.547931e-03,-2.859124e-05,4.176237e-05,1.122541e-04,1.772168e-04,2.307571e-04,2.694393e-04,2.891430e-04,2.804460e-04,2.151349e-04,9.139803e-05,-2.477880e-05,-7.612770e-05,-8.280612e-05,-6.909303e-05,-4.211647e-05,-1.141363e-05,1.863622e-05,4.542930e-05,6.456370e-05,7.225643e-05,6.958001e-05,5.959934e-05,4.906326e-05,3.974896e-05,3.215304e-05,2.750793e-05,2.666925e-05,2.832390e-05,3.102980e-05,3.377542e-05,3.709589e-05,4.077298e-05,4.432269e-05,1.688480e-04,1.548990e-04,1.411008e-04,1.219075e-04,9.128031e-05,4.566817e-05,-1.820646e-05,-9.783120e-05,-1.724120e-04,-1.895980e-04,-1.191764e-04,-1.040821e-05,8.164292e-05,1.505315e-04,1.936492e-04,2.125975e-04,2.126308e-04,1.979130e-04,1.755242e-04,1.525424e-04,1.300906e-04,1.119277e-04,1.049906e-04,1.090816e-04,1.195526e-04,1.325724e-04,1.455158e-04,1.571259e-04,1.666239e-04,1.745147e-04,1.809724e-04,1.861184e-04,1.912145e-04,7.356907e-06,-3.943532e-05,-8.668549e-05,-1.290168e-04,-1.620903e-04,-1.845127e-04,-1.969349e-04,-1.985066e-04,-1.796902e-04,-1.396155e-04,-9.754833e-05,-6.988253e-05,-4.844466e-05,-2.398261e-05,-3.291460e-06,7.501646e-07,-1.308657e-05,-3.974509e-05,-7.185055e-05,-1.009035e-04,-1.242386e-04,-1.402723e-04,-1.496321e-04,-1.443671e-04,-1.210914e-04,-8.803096e-05,-5.373894e-05,-1.217733e-05,4.838867e-05,1.272526e-04,2.125025e-04,2.968485e-04,3.812637e-04,-2.157782e-04,-2.301291e-04,-2.449472e-04,-2.539331e-04,-2.534799e-04,-2.456364e-04,-2.272638e-04,-1.956735e-04,-1.573718e-04,-1.326514e-04,-1.342234e-04,-1.453635e-04,-1.495883e-04,-1.525590e-04,-1.651516e-04,-1.828339e-04,-1.931347e-04,-1.941311e-04,-1.889534e-04,-1.838066e-04,-1.772307e-04,-1.710937e-04,-1.737484e-04,-1.863842e-04,-1.972761e-04,-1.965377e-04,-1.899420e-04,-1.885967e-04,-1.871972e-04,-1.722087e-04,-1.401837e-04,-1.020434e-04,-6.450963e-05
-1.824263e-06,-4.430204e-05,-2.138796e-04,1.976717e-03,1.917841e-03,1.857285e-03,1.765099e-03,1.682187e-03,1.583267e-03,1.472528e-03,1.525560e-03,1.906218e-03,2.547602e-03,3.317165e-03,2.527559e-03,1.880277e-03,1.474681e-03,1.373970e-03,1.453506e-03,1.599967e-03,1.748059e-03,1.813985e-03,1.822197e-03,1.794091e-03,1.712391e-03,1.626954e-03,1.559669e-03,1.508514e-03,1.487130e-03,1.491767e-03,1.502220e-03,1.514423e-03,1.527854e-03,1.536930e-03,1.539544e-03,1.541289e-03,2.145553e-04,1.901322e-04,1.658633e-04,1.366836e-04,9.909819e-05,5.552670e-05,6.010460e-06,-5.117243e-05,-1.240720e-04,-2.072441e-04,-2.472522e-04,-1.995658e-04,-1.099291e-04,-2.938451e-05,3.682472e-05,8.813997e-05,1.231284e-04,1.436918e-04,1.500171e-04,1.421984e-04,1.231135e-04,9.766128e-05,7.392823e-05,5.414900e-05,3.889017e-05,2.889753e-05,2.462017e-05,2.412989e-05,2.546449e-05,2.720465e-05,2.959993e-05,3.229784e-05,3.487754e-05,-1.187611e-04,-9.656242e-05,-7.418283e-05,-5.666913e-05,-4.747298e-05,-4.439257e-05,-4.439375e-05,-4.126978e-05,-2.347966e-05,3.376260e-05,1.416896e-04,2.489530e-04,2.995411e-04,3.064104e-04,2.920117e-04,2.651636e-04,2.330284e-04,1.975914e-04,1.622377e-04,1.314597e-04,1.059767e-04,8.876569e-05,8.564595e-05,9.454157e-05,1.097989e-04,1.266552e-04,1.423030e-04,1.555402e-04,1.658210e-04,1.739245e-04,1.803245e-04,1.853102e-04,1.902542e-04,-1.401245e-05,-5.383808e-05,-9.412951e-05,-1.294900e-04,-1.556856e-04,-1.718226e-04,-1.788257e-04,-1.766921e-04,-1.581748e-04,-1.230701e-04,-8.901468e-05,-7.078185e-05,-5.741629e-05,-3.690570e-05,-1.677838e-05,-1.138972e-05,-2.257553e-05,-4.595662e-05,-7.483755e-05,-1.011713e-04,-1.223680e-04,-1.369238e-04,-1.454556e-04,-1.399861e-04,-1.170335e-04,-8.461719e-05,-5.112419e-05,-1.048561e-05,4.898206e-05,1.266057e-04,2.105772e-04,2.936650e-04,3.768198e-04,-2.183168e-04,-2.286470e-04,-2.394477e-04,-2.445397e-04,-2.408629e-04,-2.315542e-04,-2.147612e-04,-1.887108e-04,-1.587274e-04,-1.411301e-04,-1.458656e-04,-1.561657e-04,-1.554434e-04,-1.517587e-04,-1.591061e-04,-1.735669e-04,-1.827207e-04,-1.840779e-04,-1.799851e-04,-1.761472e-04,-1.710364e-04,-1.663824e-04,-1.703784e-04,-1.840027e-04,-1.955706e-04,-1.952481e-04,-1.888207e-04,-1.873769e-04,-1.857423e-04,-1.705605e-04,-1.384661e-04,-1.003043e-04,-6.274409e-05
2.148570e-06,-4.385593e-05,-2.140336e-04,1.996191e-03,1.941655e-03,1.884691e-03,1.805433e-03,1.739255e-03,1.648032e-03,1.494803e-03,1.396256e-03,1.474677e-03,1.879282e-03,2.527559e-03,3.322011e-03,2.534913e-03,1.873748e-03,1.451198e-03,1.370290e-03,1.479325e-03,1.660180e-03,1.770294e-03,1.805344e-03,1.794956e-03,1.723219e-03,1.638368e-03,1.565952e-03,1.511121e-03,1.488834e-03,1.493259e-03,1.503980e-03,1.516876e-03,1.530220e-03,1.538067e-03,1.539214e-03,1.539524e-03,1.872560e-04,1.512641e-04,1.154173e-04,7.535172e-05,2.919675e-05,-1.827977e-05,-6.283952e-05,-9.917799e-05,-1.234102e-04,-1.307647e-04,-9.533219e-05,4.048183e-06,1.122862e-04,1.716089e-04,1.925563e-04,1.983808e-04,1.941122e-04,1.820422e-04,1.638159e-04,1.400266e-04,1.112847e-04,8.068854e-05,5.482524e-05,3.483064e-05,2.013519e-05,1.104892e-05,7.699538e-06,8.052474e-06,1.009126e-05,1.243131e-05,1.535275e-05,1.855921e-05,2.165058e-05,-2.118272e-04,-1.539210e-04,-9.584744e-05,-4.196086e-05,5.741965e-06,5.254970e-05,1.021548e-04,1.584948e-04,2.261997e-04,3.078976e-04,4.002319e-04,4.574797e-04,4.325605e-04,3.589205e-04,2.861550e-04,2.265467e-04,1.790641e-04,1.409835e-04,1.103366e-04,8.729231e-05,7.112763e-05,6.329014e-05,6.852386e-05,8.411570e-05,1.043158e-04,1.243601e-04,1.418455e-04,1.559509e-04,1.664811e-04,1.745359e-04,1.807927e-04,1.856047e-04,1.903791e-04,-5.039914e-06,-4.168289e-05,-7.879547e-05,-1.110153e-04,-1.342079e-04,-1.476899e-04,-1.529149e-04,-1.509314e-04,-1.360683e-04,-1.081689e-04,-8.187726e-05,-6.919811e-05,-5.793720e-05,-3.507027e-05,-1.001273e-05,1.273168e-08,-7.584684e-06,-2.845170e-05,-5.605543e-05,-8.229884e-05,-1.041814e-04,-1.198870e-04,-1.297557e-04,-1.255888e-04,-1.037027e-04,-7.213252e-05,-3.924531e-05,9.800073e-07,6.021906e-05,1.377393e-04,2.216554e-04,3.047219e-04,3.878510e-04,-2.134864e-04,-2.226933e-04,-2.323658e-04,-2.365013e-04,-2.325098e-04,-2.243684e-04,-2.106619e-04,-1.895629e-04,-1.656434e-04,-1.521279e-04,-1.566807e-04,-1.632748e-04,-1.561802e-04,-1.457896e-04,-1.495063e-04,-1.633637e-04,-1.735291e-04,-1.768762e-04,-1.750206e-04,-1.731491e-04,-1.696205e-04,-1.660569e-04,-1.706646e-04,-1.845346e-04,-1.960650e-04,-1.954880e-04,-1.887302e-04,-1.869400e-04,-1.850152e-04,-1.695697e-04,-1.372688e-04,-9.892147e-05,-6.117264e-05
4.836229e-06,-4.456434e-05,-2.144451e-04,1.987242e-03,1.946144e-03,1.902619e-03,1.837493e-03,1.788008e-03,1.729699e-03,1.610933e-03,1.483258e-03,1.404806e-03,1.487899e-03,1.880277e-03,2.534913e-03,3.323704e-03,2.545539e-03,1.900025e-03,1.519806e-03,1.477371e-03,1.598646e-03,1.697933e-03,1.743335e-03,1.757901e-03,1.708799e-03,1.629782e-03,1.560967e-03,1.513518e-03,1.495306e-03,1.499623e-03,1.510108e-03,1.521748e-03,1.531492e-03,1.535658e-03,1.534146e-03,1.531700e-03,-3.301292e-05,-2.503059e-05,-1.691174e-05,-1.290797e-05,-1.487137e-05,-1.913122e-05,-1.983150e-05,-8.454695e-06,2.170018e-05,7.314034e-05,1.481958e-04,2.467624e-04,3.152850e-04,2.994387e-04,2.303342e-04,1.629536e-04,1.122329e-04,7.556280e-05,5.094478e-05,3.461167e-05,2.157927e-05,9.928517e-06,2.327347e-06,-1.877354e-06,-4.531331e-06,-4.955399e-06,-2.611712e-06,1.360140e-06,5.698399e-06,9.699558e-06,1.407111e-05,1.877963e-05,2.336476e-05,-3.456707e-05,1.350663e-05,6.172677e-05,1.059085e-04,1.438239e-04,1.804316e-04,2.164064e-04,2.504951e-04,2.833738e-04,3.087310e-04,3.213892e-04,2.987099e-04,2.169371e-04,1.166301e-04,5.521977e-05,3.369476e-05,2.829249e-05,3.110209e-05,3.780539e-05,4.610473e-05,5.419100e-05,6.274553e-05,7.681398e-05,9.597910e-05,1.162973e-04,1.348031e-04,1.501946e-04,1.623442e-04,1.712764e-04,1.781458e-04,1.834903e-04,1.875015e-04,1.914700e-04,1.105562e-05,-2.572963e-05,-6.298315e-05,-9.537738e-05,-1.188254e-04,-1.325761e-04,-1.384488e-04,-1.382002e-04,-1.268084e-04,-1.042117e-04,-8.262003e-05,-7.146008e-05,-5.840339e-05,-3.016007e-05,1.925974e-06,1.714793e-05,1.195529e-05,-8.603677e-06,-3.747875e-05,-6.603562e-05,-9.064126e-05,-1.089512e-04,-1.209391e-04,-1.182575e-04,-9.715368e-05,-6.584355e-05,-3.280620e-05,7.838315e-06,6.770996e-05,1.459762e-04,2.306754e-04,3.145360e-04,3.984578e-04,-2.080027e-04,-2.194901e-04,-2.314351e-04,-2.379249e-04,-2.365121e-04,-2.313421e-04,-2.206852e-04,-2.019409e-04,-1.790635e-04,-1.637116e-04,-1.627351e-04,-1.631080e-04,-1.518845e-04,-1.402024e-04,-1.465356e-04,-1.651854e-04,-1.791832e-04,-1.851995e-04,-1.849796e-04,-1.837119e-04,-1.798587e-04,-1.751800e-04,-1.780869e-04,-1.901667e-04,-2.000677e-04,-1.981927e-04,-1.905423e-04,-1.882444e-04,-1.861130e-04,-1.706210e-04,-1.383597e-04,-1.000668e-04,-6.237045e-05
5.497254e-06,-4.654540e-05,-2.163930e-04,1.951664e-03,1.938270e-03,1.923250e-03,1.877429e-03,1.837796e-03,1.797798e-03,1.712067e-03,1.606960e-03,1.485630e-03,1.402821e-03,1.474681e-03,1.873748e-03,2.545539e-03,3.406310e-03,2.721556e-03,2.164759e-03,1.839690e-03,1.729669e-03,1.675143e-03,1.667335e-03,1.691456e-03,1.672435e-03,1.607072e-03,1.552557e-03,1.521844e-03,1.511930e-03,1.518624e-03,1.530745e-03,1.539840e-03,1.542197e-03,1.539485e-03,1.532949e-03,1.525272e-03,-1.253457e-04,-8.381309e-05,-4.212658e-05,-5.229808e-06,2.350308e-05,4.460775e-05,6.222534e-05,8.298915e-05,1.089467e-04,1.386349e-04,1.630037e-04,1.734590e-04,1.392480e-04,2.843516e-05,-1.157681e-04,-2.201420e-04,-2.662195e-04,-2.684190e-04,-2.405059e-04,-1.972487e-04,-1.503176e-04,-1.079751e-04,-7.179792e-05,-4.280815e-05,-2.251201e-05,-8.189542e-06,2.641953e-06,1.094041e-05,1.718556e-05,2.198985e-05,2.683423e-05,3.212568e-05,3.727466e-05,1.140383e-04,1.502372e-04,1.865885e-04,2.183037e-04,2.415412e-04,2.584164e-04,2.657402e-04,2.581247e-04,2.352842e-04,1.911815e-04,1.233743e-04,3.138844e-05,-8.400303e-05,-1.782830e-04,-1.947010e-04,-1.501087e-04,-9.886112e-05,-5.094250e-05,-6.520878e-06,3.388459e-05,6.571020e-05,8.815630e-05,1.064426e-04,1.238986e-04,1.394132e-04,1.526825e-04,1.635721e-04,1.725880e-04,1.796339e-04,1.856180e-04,1.905893e-04,1.944237e-04,1.982027e-04,2.712391e-05,-1.296397e-05,-5.352131e-05,-8.917306e-05,-1.157605e-04,-1.322940e-04,-1.405919e-04,-1.424194e-04,-1.323877e-04,-1.101759e-04,-8.684256e-05,-7.064518e-05,-5.135507e-05,-1.748017e-05,1.896897e-05,3.539120e-05,2.794090e-05,3.058711e-06,-3.080078e-05,-6.389596e-05,-9.219226e-05,-1.129867e-04,-1.261318e-04,-1.234344e-04,-1.013584e-04,-6.853075e-05,-3.372579e-05,8.813633e-06,7.073800e-05,1.511518e-04,2.380118e-04,3.240010e-04,4.100549e-04,-2.060005e-04,-2.212217e-04,-2.368993e-04,-2.470329e-04,-2.490236e-04,-2.466933e-04,-2.377417e-04,-2.188618e-04,-1.937882e-04,-1.740091e-04,-1.663616e-04,-1.606797e-04,-1.471089e-04,-1.372249e-04,-1.494343e-04,-1.754903e-04,-1.940966e-04,-2.021867e-04,-2.026388e-04,-2.013111e-04,-1.965194e-04,-1.900575e-04,-1.905218e-04,-2.001750e-04,-2.079543e-04,-2.044543e-04,-1.957383e-04,-1.929618e-04,-1.907302e-04,-1.752583e-04,-1.429766e-04,-1.046237e-04,-6.687143e-05
