7.234143e-04,-3.692899e-07,6.533010e-06,-5.165042e-05,-4.603080e-05,-4.037289e-05,-3.491031e-05,-2.963851e-05,-2.465289e-05,-1.929123e-05,-1.404645e-05,-8.593927e-06,-4.692955e-06,-2.832764e-06,-2.917822e-06,-5.285896e-06,-1.046157e-05,-1.757356e-05,-2.420401e-05,-2.926827e-05,-3.248436e-05,-3.384662e-05,-3.327520e-05,-3.005841e-05,-2.563562e-05,-2.007626e-05,-1.552879e-05,-1.188305e-05,-1.004841e-05,-1.092134e-05,-1.508259e-05,-2.441760e-05,-3.822337e-05,-5.397594e-05,-7.007988e-05,-8.602522e-05,-2.222143e-03,-2.226845e-03,-2.231548e-03,-2.236249e-03,-2.240955e-03,-2.245643e-03,-2.250128e-03,-2.254562e-03,-2.258595e-03,-2.262426e-03,-2.266061e-03,-2.269341e-03,-2.272478e-03,-2.275489e-03,-2.278423e-03,-2.281305e-03,-2.284353e-03,-2.287609e-03,-2.291215e-03,-2.295304e-03,-2.299939e-03,-2.305225e-03,-2.311482e-03,-2.318300e-03,-2.326087e-03,-2.334797e-03,-2.344249e-03,-2.354411e-03,-2.364951e-03,-2.375714e-03,-2.386543e-03,-2.397475e-03,-2.408382e-03,-6.118325e-05,-5.504419e-05,-4.890426e-05,-4.277057e-05,-3.669758e-05,-3.077835e-05,-2.496023e-05,-1.944661e-05,-1.427566e-05,-9.513773e-06,-5.230319e-06,-1.514328e-06,1.874800e-06,5.007749e-06,7.764136e-06,1.025920e-05,1.237458e-05,1.409775e-05,1.543772e-05,1.632684e-05,1.677389e-05,1.672235e-05,1.597143e-05,1.472182e-05,1.310595e-05,1.120225e-05,9.058129e-06,6.866021e-06,4.448792e-06,2.039410e-06,-4.825082e-07,-2.997845e-06,-5.502068e-06,3.495165e-03,3.398775e-03,3.302386e-03,3.205114e-03,3.109312e-03,3.017338e-03,2.930827e-03,2.853434e-03,2.785919e-03,2.729449e-03,2.683596e-03,2.647234e-03,2.622096e-03,2.609604e-03,2.609662e-03,2.619390e-03,2.635520e-03,2.650745e-03,2.658844e-03,2.658309e-03,2.648469e-03,2.628863e-03,2.602198e-03,2.568110e-03,2.528230e-03,2.481905e-03,2.429299e-03,2.373309e-03,2.316526e-03,2.259880e-03,2.202989e-03,2.147461e-03,2.091765e-03,-1.923635e-04,-1.729339e-04,-1.535254e-04,-1.337831e-04,-1.127599e-04,-8.911071e-05,-6.293959e-05,-3.595023e-05,-1.082736e-05,1.016941e-05,2.459136e-05,3.167921e-05,3.257310e-05,3.013358e-05,2.421182e-05,1.706882e-05,8.939764e-06,1.266495e-06,-3.635291e-06,-3.727717e-06,2.897290e-06,1.610153e-05,3.349772e-05,5.143537e-05,6.631162e-05,7.440365e-05,7.383279e-05,6.459368e-05,4.807869e-05,2.773043e-05,4.072996e-06,-2.061831e-05,-4.512297e-05
-3.692899e-07,5.782758e-04,1.727395e-05,-2.248406e-04,-2.168978e-04,-2.082235e-04,-1.990757e-04,-1.912893e-04,-1.852248e-04,-1.806030e-04,-1.785854e-04,-1.799686e-04,-1.843709e-04,-1.901523e-04,-1.971524e-04,-2.042010e-04,-2.120400e-04,-2.187434e-04,-2.227308e-04,-2.254005e-04,-2.243177e-04,-2.198047e-04,-2.114091e-04,-2.001117e-04,-1.881912e-04,-1.765872e-04,-1.665165e-04,-1.579592e-04,-1.507017e-04,-1.436153e-04,-1.374823e-04,-1.306333e-04,-1.248883e-04,-1.207153e-04,-1.161781e-04,-1.111189e-04,-6.986612e-05,-6.355307e-05,-5.723959e-05,-5.092559e-05,-4.461695e-05,-3.829404e-05,-3.191018e-05,-2.569199e-05,-1.968041e-05,-1.379055e-05,-8.087241e-06,-2.700034e-06,2.553048e-06,7.751036e-06,1.252412e-05,1.655497e-05,1.937756e-05,2.098735e-05,2.154855e-05,2.117612e-05,2.007115e-05,1.833840e-05,1.587793e-05,1.271242e-05,8.733846e-06,3.971473e-06,-1.614795e-06,-7.903017e-06,-1.501503e-05,-2.264699e-05,-3.081636e-05,-3.920797e-05,-4.756325e-05,-1.729827e-03,-1.730433e-03,-1.731002e-03,-1.731067e-03,-1.730883e-03,-1.730389e-03,-1.729499e-03,-1.728379e-03,-1.727084e-03,-1.725693e-03,-1.724279e-03,-1.722823e-03,-1.721703e-03,-1.720777e-03,-1.719952e-03,-1.719357e-03,-1.719194e-03,-1.720041e-03,-1.721408e-03,-1.723568e-03,-1.726462e-03,-1.729996e-03,-1.734336e-03,-1.739410e-03,-1.745215e-03,-1.751671e-03,-1.758635e-03,-1.766174e-03,-1.773835e-03,-1.781466e-03,-1.788983e-03,-1.796178e-03,-1.803332e-03,-1.385686e-04,-1.263193e-04,-1.140926e-04,-1.015325e-04,-8.792912e-05,-7.238735e-05,-5.480748e-05,-3.616633e-05,-1.828748e-05,-3.032665e-06,7.951931e-06,1.414272e-05,1.615963e-05,1.538332e-05,1.179892e-05,7.520508e-06,3.240386e-06,-3.193368e-07,-1.931398e-06,-5.639265e-07,4.873935e-06,1.404723e-05,2.533555e-05,3.658129e-05,4.583083e-05,5.061174e-05,4.925024e-05,4.140317e-05,2.769328e-05,1.050450e-05,-9.083110e-06,-2.919018e-05,-4.919112e-05,2.204787e-03,2.209704e-03,2.214631e-03,2.217190e-03,2.217803e-03,2.213890e-03,2.202469e-03,2.183171e-03,2.154487e-03,2.118637e-03,2.079428e-03,2.040002e-03,2.007042e-03,1.983534e-03,1.970662e-03,1.969726e-03,1.980140e-03,2.002155e-03,2.029614e-03,2.058833e-03,2.084142e-03,2.100942e-03,2.106864e-03,2.097765e-03,2.074162e-03,2.037722e-03,1.989693e-03,1.934539e-03,1.873986e-03,1.810594e-03,1.746498e-03,1.680497e-03,1.614536e-03
6.533010e-06,1.727395e-05,1.798286e-04,-1.304476e-03,-1.298824e-03,-1.293178e-03,-1.284020e-03,-1.273931e-03,-1.261735e-03,-1.245171e-03,-1.226246e-03,-1.202483e-03,-1.175386e-03,-1.146628e-03,-1.116183e-03,-1.091143e-03,-1.075988e-03,-1.073598e-03,-1.084401e-03,-1.105807e-03,-1.133771e-03,-1.160124e-03,-1.184082e-03,-1.201966e-03,-1.210665e-03,-1.211925e-03,-1.202406e-03,-1.184488e-03,-1.158417e-03,-1.123979e-03,-1.086587e-03,-1.048005e-03,-1.009396e-03,-9.714973e-04,-9.334931e-04,-8.953230e-04,-3.298067e-05,-3.138395e-05,-2.978742e-05,-2.818738e-05,-2.658933e-05,-2.498092e-05,-2.366521e-05,-2.286935e-05,-2.238995e-05,-2.177490e-05,-2.095671e-05,-2.006309e-05,-1.921998e-05,-1.833368e-05,-1.750137e-05,-1.706778e-05,-1.725950e-05,-1.802485e-05,-1.934755e-05,-2.121712e-05,-2.358910e-05,-2.618867e-05,-2.891130e-05,-3.210581e-05,-3.625741e-05,-4.130177e-05,-4.686737e-05,-5.270423e-05,-5.871981e-05,-6.484873e-05,-7.111806e-05,-7.746939e-05,-8.380518e-05,-2.555711e-05,-3.217285e-05,-3.879931e-05,-4.482079e-05,-4.972168e-05,-5.354537e-05,-5.662061e-05,-5.915326e-05,-6.114754e-05,-6.264177e-05,-6.367819e-05,-6.412538e-05,-6.382212e-05,-6.296674e-05,-6.194889e-05,-6.093602e-05,-5.966328e-05,-5.798585e-05,-5.631881e-05,-5.515622e-05,-5.438313e-05,-5.361472e-05,-5.269244e-05,-5.168545e-05,-5.060830e-05,-4.950059e-05,-4.869084e-05,-4.843804e-05,-4.859073e-05,-4.888366e-05,-4.911846e-05,-4.926448e-05,-4.939555e-05,3.934498e-05,4.010346e-05,4.086244e-05,4.161480e-05,4.236856e-05,4.295101e-05,4.421901e-05,4.652122e-05,4.910591e-05,5.023171e-05,4.954088e-05,4.741530e-05,4.408150e-05,3.873260e-05,3.217082e-05,2.732876e-05,2.593612e-05,2.738044e-05,3.096465e-05,3.600266e-05,4.187503e-05,4.679183e-05,4.963845e-05,5.046521e-05,4.996402e-05,4.718870e-05,4.019704e-05,2.781069e-05,9.259841e-06,-1.449961e-05,-4.040736e-05,-6.630201e-05,-9.218549e-05,1.982555e-05,3.855111e-05,5.742292e-05,7.449070e-05,8.813471e-05,9.842749e-05,1.065303e-04,1.131469e-04,1.182388e-04,1.220216e-04,1.248560e-04,1.259114e-04,1.244886e-04,1.214591e-04,1.194721e-04,1.193065e-04,1.186942e-04,1.163906e-04,1.136091e-04,1.121578e-04,1.116304e-04,1.103268e-04,1.076279e-04,1.034064e-04,9.758624e-05,9.005674e-05,8.215756e-05,7.459519e-05,6.660241e-05,5.569132e-05,4.108743e-05,2.498359e-05,8.992435e-06
-5.165042e-05,-2.248406e-04,-1.304476e-03,1.180773e-01,9.061651e-02,6.569793e-02,4.500332e-02,2.897878e-02,1.731955e-02,9.472787e-03,4.707417e-03,2.260804e-03,1.437531e-03,1.668805e-03,2.478101e-03,3.597038e-03,4.797361e-03,5.939022e-03,6.936943e-03,7.739625e-03,8.345009e-03,8.754975e-03,9.027870e-03,9.175058e-03,9.205155e-03,9.154991e-03,9.014886e-03,8.801540e-03,8.523329e-03,8.196769e-03,7.869457e-03,7.551415e-03,7.240338e-03,6.936409e-03,6.634043e-03,6.330303e-03,8.603146e-03,7.749041e-03,6.895004e-03,6.040201e-03,5.183231e-03,4.319410e-03,3.475997e-03,2.682194e-03,1.960714e-03,1.329376e-03,7.942357e-04,3.510369e-04,-5.770471e-06,-2.761032e-04,-4.678565e-04,-5.955546e-04,-6.707084e-04,-6.995777e-04,-6.881175e-04,-6.422165e-04,-5.681005e-04,-4.742724e-04,-3.679079e-04,-2.514531e-04,-1.246582e-04,9.393605e-06,1.464185e-04,2.840360e-04,4.217883e-04,5.597634e-04,6.985194e-04,8.379164e-04,9.771937e-04,-1.815326e-02,-1.572098e-02,-1.328101e-02,-1.095651e-02,-8.870357e-03,-7.028184e-03,-5.418227e-03,-4.022921e-03,-2.829574e-03,-1.823956e-03,-9.939444e-04,-3.167011e-04,2.322329e-04,6.694022e-04,1.003921e-03,1.248076e-03,1.417664e-03,1.526758e-03,1.588155e-03,1.614172e-03,1.609171e-03,1.574894e-03,1.515095e-03,1.435334e-03,1.340763e-03,1.236685e-03,1.129465e-03,1.024080e-03,9.210390e-04,8.193291e-04,7.179569e-04,6.162370e-04,5.143986e-04,-8.941662e-04,-8.120530e-04,-7.299478e-04,-6.479248e-04,-5.652286e-04,-4.773914e-04,-3.972130e-04,-3.338861e-04,-2.873258e-04,-2.495145e-04,-2.175849e-04,-1.910810e-04,-1.685100e-04,-1.435054e-04,-1.185905e-04,-1.097576e-04,-1.258689e-04,-1.616532e-04,-2.115829e-04,-2.703695e-04,-3.333390e-04,-3.868862e-04,-4.220590e-04,-4.386073e-04,-4.413953e-04,-4.234165e-04,-3.707984e-04,-2.756179e-04,-1.332103e-04,4.832987e-05,2.462122e-04,4.441480e-04,6.419804e-04,4.727692e-04,-1.612207e-05,-5.095838e-04,-9.460688e-04,-1.271783e-03,-1.493845e-03,-1.632210e-03,-1.706168e-03,-1.727088e-03,-1.707078e-03,-1.656987e-03,-1.583149e-03,-1.492008e-03,-1.395692e-03,-1.313589e-03,-1.252623e-03,-1.199526e-03,-1.147012e-03,-1.102323e-03,-1.077049e-03,-1.065341e-03,-1.052162e-03,-1.031294e-03,-1.000089e-03,-9.576099e-04,-9.031825e-04,-8.464016e-04,-7.929028e-04,-7.368191e-04,-6.600832e-04,-5.571146e-04,-4.431396e-04,-3.299830e-04
-4.603080e-05,-2.168978e-04,-1.298824e-03,9.061651e-02,7.432152e-02,5.739709e-02,4.250607e-02,3.019416e-02,2.065700e-02,1.375227e-02,9.108134e-03,6.276754e-03,4.799700e-03,4.273507e-03,4.344552e-03,4.803183e-03,5.461475e-03,6.193754e-03,6.911166e-03,7.546082e-03,8.070747e-03,8.459003e-03,8.744645e-03,8.924175e-03,8.994573e-03,8.985160e-03,8.882695e-03,8.705166e-03,8.460238e-03,8.160259e-03,7.851307e-03,7.545129e-03,7.243508e-03,6.948656e-03,6.654804e-03,6.359607e-03,6.419265e-03,5.773186e-03,5.127171e-03,4.480487e-03,3.832089e-03,3.177532e-03,2.544947e-03,1.960646e-03,1.438533e-03,9.839865e-04,5.995828e-04,2.821684e-04,2.805722e-05,-1.634051e-04,-2.982682e-04,-3.871824e-04,-4.385831e-04,-4.569104e-04,-4.462610e-04,-4.106746e-04,-3.545017e-04,-2.840524e-04,-2.044502e-04,-1.166665e-04,-1.953192e-05,8.462748e-05,1.919890e-04,3.003262e-04,4.091123e-04,5.182620e-04,6.282652e-04,7.389043e-04,8.494244e-04,-1.325284e-02,-1.138786e-02,-9.516406e-03,-7.741766e-03,-6.166264e-03,-4.792781e-03,-3.603748e-03,-2.580577e-03,-1.712708e-03,-9.874752e-04,-3.936882e-04,8.561999e-05,4.682056e-04,7.673854e-04,9.912591e-04,1.149922e-03,1.255497e-03,1.318755e-03,1.349501e-03,1.357167e-03,1.344581e-03,1.312252e-03,1.262476e-03,1.199207e-03,1.126015e-03,1.046623e-03,9.661119e-04,8.884424e-04,8.135328e-04,7.399837e-04,6.665875e-04,5.927671e-04,5.188293e-04,-7.687418e-04,-7.027801e-04,-6.368277e-04,-5.709318e-04,-5.045063e-04,-4.334062e-04,-3.710698e-04,-3.262298e-04,-2.967165e-04,-2.711147e-04,-2.462325e-04,-2.224557e-04,-1.992773e-04,-1.704395e-04,-1.392337e-04,-1.228675e-04,-1.310368e-04,-1.588615e-04,-2.011332e-04,-2.527886e-04,-3.093254e-04,-3.574631e-04,-3.885075e-04,-4.023028e-04,-4.036271e-04,-3.854406e-04,-3.337912e-04,-2.405678e-04,-1.008560e-04,7.754662e-05,2.720806e-04,4.666492e-04,6.611170e-04,2.153545e-04,-1.984226e-04,-6.162237e-04,-9.841722e-04,-1.255258e-03,-1.435459e-03,-1.545171e-03,-1.602316e-03,-1.615832e-03,-1.596192e-03,-1.553194e-03,-1.490257e-03,-1.410991e-03,-1.326257e-03,-1.255446e-03,-1.205248e-03,-1.161819e-03,-1.117540e-03,-1.079479e-03,-1.059049e-03,-1.050786e-03,-1.040158e-03,-1.021229e-03,-9.915519e-04,-9.502299e-04,-8.965517e-04,-8.400999e-04,-7.864734e-04,-7.299515e-04,-6.526169e-04,-5.489823e-04,-4.343609e-04,-3.205545e-04
-4.037289e-05,-2.082235e-04,-1.293178e-03,6.569793e-02,5.739709e-02,4.930657e-02,3.998421e-02,3.143884e-02,2.400143e-02,1.803844e-02,1.351100e-02,1.029291e-02,8.160724e-03,6.876598e-03,6.209348e-03,6.007793e-03,6.124208e-03,6.447304e-03,6.884440e-03,7.351831e-03,7.796014e-03,8.162759e-03,8.461283e-03,8.673234e-03,8.783984e-03,8.815357e-03,8.750556e-03,8.608879e-03,8.397281e-03,8.123911e-03,7.833307e-03,7.538954e-03,7.246747e-03,6.960944e-03,6.675581e-03,6.388902e-03,4.223922e-03,3.786875e-03,3.349888e-03,2.912329e-03,2.473509e-03,2.029225e-03,1.608475e-03,1.234666e-03,9.128543e-04,6.359516e-04,4.030372e-04,2.120501e-04,6.117179e-05,-5.097479e-05,-1.285882e-04,-1.784395e-04,-2.058822e-04,-2.135304e-04,-2.036152e-04,-1.783203e-04,-1.401137e-04,-9.310452e-05,-4.035402e-05,1.865130e-05,8.600878e-05,1.601561e-04,2.377349e-04,3.166745e-04,3.963785e-04,4.765876e-04,5.577230e-04,6.394890e-04,7.211367e-04,-8.312849e-03,-7.018936e-03,-5.719778e-03,-4.498806e-03,-3.437715e-03,-2.536572e-03,-1.771940e-03,-1.124169e-03,-5.848061e-04,-1.427206e-04,2.123719e-04,4.915861e-04,7.059829e-04,8.656381e-04,9.776100e-04,1.049776e-03,1.090554e-03,1.107385e-03,1.107054e-03,1.096085e-03,1.075747e-03,1.045303e-03,1.005573e-03,9.588874e-04,9.072220e-04,8.527017e-04,7.991124e-04,7.493882e-04,7.028486e-04,6.577041e-04,6.125285e-04,5.668533e-04,5.210617e-04,-6.430673e-04,-5.932849e-04,-5.435132e-04,-4.937728e-04,-4.436468e-04,-3.893125e-04,-3.448494e-04,-3.185271e-04,-3.060859e-04,-2.927100e-04,-2.748820e-04,-2.538301e-04,-2.300353e-04,-1.973517e-04,-1.598415e-04,-1.359265e-04,-1.361366e-04,-1.559836e-04,-1.905769e-04,-2.350781e-04,-2.851553e-04,-3.278532e-04,-3.547387e-04,-3.657542e-04,-3.655954e-04,-3.471923e-04,-2.965151e-04,-2.052636e-04,-6.827189e-05,1.069642e-04,2.981172e-04,4.892853e-04,6.803551e-04,-4.398568e-05,-3.819730e-04,-7.234335e-04,-1.022163e-03,-1.237966e-03,-1.375708e-03,-1.456251e-03,-1.496159e-03,-1.501940e-03,-1.482428e-03,-1.446370e-03,-1.394255e-03,-1.326847e-03,-1.253723e-03,-1.194261e-03,-1.154897e-03,-1.121205e-03,-1.085220e-03,-1.053839e-03,-1.038297e-03,-1.033521e-03,-1.025486e-03,-1.008545e-03,-9.804528e-04,-9.403553e-04,-8.875019e-04,-8.314621e-04,-7.777933e-04,-7.209212e-04,-6.430760e-04,-5.388622e-04,-4.236832e-04,-3.093159e-04
-3.491031e-05,-1.990757e-04,-1.284020e-03,4.500332e-02,4.250607e-02,3.998421e-02,3.725746e-02,3.234347e-02,2.716474e-02,2.219979e-02,1.784792e-02,1.427890e-02,1.151355e-02,9.480689e-03,8.077076e-03,7.214276e-03,6.786552e-03,6.697236e-03,6.850232e-03,7.145884e-03,7.505250e-03,7.846758e-03,8.155657e-03,8.398603e-03,8.548929e-03,8.620713e-03,8.593520e-03,8.487603e-03,8.309170e-03,8.062708e-03,7.791418e-03,7.510382e-03,7.229120e-03,6.953719e-03,6.678170e-03,6.401342e-03,2.215904e-03,1.971458e-03,1.727067e-03,1.482197e-03,1.236508e-03,9.860481e-04,7.606759e-04,5.812255e-04,4.444800e-04,3.313158e-04,2.376084e-04,1.625149e-04,1.060391e-04,6.586889e-05,3.955704e-05,2.411875e-05,1.717455e-05,1.782509e-05,2.559624e-05,4.005096e-05,6.049159e-05,8.488176e-05,1.120595e-04,1.438481e-04,1.831244e-04,2.289839e-04,2.784810e-04,3.296817e-04,3.819232e-04,4.347922e-04,4.886457e-04,5.431211e-04,5.974795e-04,-4.070587e-03,-3.278473e-03,-2.482311e-03,-1.746846e-03,-1.134399e-03,-6.429986e-04,-2.441630e-04,8.233519e-05,3.426143e-04,5.459941e-04,7.015700e-04,8.144906e-04,8.891501e-04,9.327081e-04,9.516953e-04,9.522735e-04,9.396705e-04,9.184967e-04,8.929568e-04,8.670682e-04,8.408521e-04,8.126120e-04,7.819517e-04,7.498146e-04,7.168192e-04,6.837320e-04,6.532238e-04,6.273565e-04,6.049583e-04,5.839269e-04,5.626720e-04,5.408393e-04,5.188923e-04,-5.239726e-04,-4.894740e-04,-4.549876e-04,-4.205092e-04,-3.857749e-04,-3.472679e-04,-3.196564e-04,-3.108086e-04,-3.145152e-04,-3.126768e-04,-3.014975e-04,-2.830421e-04,-2.587287e-04,-2.224535e-04,-1.789987e-04,-1.479202e-04,-1.405283e-04,-1.527197e-04,-1.799217e-04,-2.175257e-04,-2.613771e-04,-2.988703e-04,-3.218358e-04,-3.302904e-04,-3.288194e-04,-3.103335e-04,-2.607682e-04,-1.716718e-04,-3.766111e-05,1.340671e-04,3.214674e-04,5.088656e-04,6.961681e-04,-2.665689e-04,-5.356294e-04,-8.076149e-04,-1.043678e-03,-1.210147e-03,-1.310626e-03,-1.366267e-03,-1.392252e-03,-1.392742e-03,-1.374977e-03,-1.346657e-03,-1.305431e-03,-1.249314e-03,-1.186751e-03,-1.137266e-03,-1.107189e-03,-1.081683e-03,-1.052563e-03,-1.026595e-03,-1.014842e-03,-1.012628e-03,-1.006460e-03,-9.909723e-04,-9.641046e-04,-9.250331e-04,-8.729671e-04,-8.174193e-04,-7.638763e-04,-7.068961e-04,-6.288807e-04,-5.245240e-04,-4.092571e-04,-2.947962e-04
-2.963851e-05,-1.912893e-04,-1.273931e-03,2.897878e-02,3.019416e-02,3.143884e-02,3.234347e-02,3.238513e-02,2.957665e-02,2.595826e-02,2.197503e-02,1.820523e-02,1.489423e-02,1.215683e-02,1.003093e-02,8.505109e-03,7.523275e-03,7.007295e-03,6.860620e-03,6.969588e-03,7.230565e-03,7.535851e-03,7.847741e-03,8.117323e-03,8.304697e-03,8.415539e-03,8.425318e-03,8.354554e-03,8.208508e-03,7.988903e-03,7.738098e-03,7.472523e-03,7.204435e-03,6.941350e-03,6.677460e-03,6.412335e-03,5.088229e-04,4.326671e-04,3.565619e-04,2.800647e-04,2.031473e-04,1.221611e-04,6.719463e-05,5.675369e-05,8.041346e-05,1.079952e-04,1.327926e-04,1.555196e-04,1.779887e-04,1.965532e-04,2.104343e-04,2.204740e-04,2.272154e-04,2.312904e-04,2.338055e-04,2.358927e-04,2.384389e-04,2.412504e-04,2.447720e-04,2.518252e-04,2.658035e-04,2.862585e-04,3.105501e-04,3.368357e-04,3.643856e-04,3.926625e-04,4.219647e-04,4.518758e-04,4.816721e-04,-1.106918e-03,-6.924181e-04,-2.749824e-04,9.790203e-05,3.814396e-04,5.782995e-04,7.199058e-04,8.258211e-04,8.993318e-04,9.472930e-04,9.769636e-04,9.871698e-04,9.755726e-04,9.470212e-04,9.085928e-04,8.657114e-04,8.212848e-04,7.779836e-04,7.382830e-04,7.044932e-04,6.759683e-04,6.505930e-04,6.272364e-04,6.058916e-04,5.862677e-04,5.682165e-04,5.536397e-04,5.440209e-04,5.378943e-04,5.329849e-04,5.276363e-04,5.216207e-04,5.154941e-04,-4.116126e-04,-3.916454e-04,-3.716918e-04,-3.517268e-04,-3.316233e-04,-3.081794e-04,-2.964004e-04,-3.037685e-04,-3.223656e-04,-3.310380e-04,-3.258067e-04,-3.096065e-04,-2.847238e-04,-2.449410e-04,-1.957188e-04,-1.577549e-04,-1.431354e-04,-1.481129e-04,-1.684157e-04,-1.996544e-04,-2.378474e-04,-2.707250e-04,-2.903422e-04,-2.967364e-04,-2.943390e-04,-2.760209e-04,-2.276947e-04,-1.407846e-04,-9.728363e-06,1.585381e-04,3.422475e-04,5.259442e-04,7.095468e-04,-4.297711e-04,-6.422177e-04,-8.570732e-04,-1.042380e-03,-1.170524e-03,-1.243663e-03,-1.282728e-03,-1.301359e-03,-1.301517e-03,-1.288877e-03,-1.270108e-03,-1.240101e-03,-1.194268e-03,-1.140258e-03,-1.098166e-03,-1.074539e-03,-1.054361e-03,-1.029406e-03,-1.006423e-03,-9.963747e-04,-9.949743e-04,-9.892469e-04,-9.740730e-04,-9.475275e-04,-9.087998e-04,-8.570579e-04,-8.017198e-04,-7.481794e-04,-6.910808e-04,-6.129712e-04,-5.086114e-04,-3.934067e-04,-2.790017e-04
-2.465289e-05,-1.852248e-04,-1.261735e-03,1.731955e-02,2.065700e-02,2.400143e-02,2.716474e-02,2.957665e-02,3.076231e-02,2.881074e-02,2.568358e-02,2.198704e-02,1.831677e-02,1.496917e-02,1.215677e-02,9.966029e-03,8.407800e-03,7.433543e-03,6.954211e-03,6.846335e-03,6.982999e-03,7.231765e-03,7.532753e-03,7.820523e-03,8.040090e-03,8.187493e-03,8.233396e-03,8.197834e-03,8.084678e-03,7.893365e-03,7.665649e-03,7.419000e-03,7.167654e-03,6.920219e-03,6.671259e-03,6.421114e-03,-1.165122e-03,-1.069054e-03,-9.729427e-04,-8.771373e-04,-7.814458e-04,-6.890741e-04,-5.717495e-04,-4.142887e-04,-2.337165e-04,-7.017776e-05,6.764884e-05,1.825266e-04,2.782449e-04,3.495504e-04,3.975401e-04,4.274692e-04,4.431550e-04,4.467512e-04,4.409490e-04,4.284500e-04,4.117170e-04,3.923234e-04,3.721713e-04,3.548723e-04,3.441435e-04,3.398433e-04,3.395682e-04,3.415415e-04,3.449713e-04,3.492199e-04,3.545244e-04,3.604219e-04,3.662071e-04,7.202687e-04,8.740578e-04,1.029820e-03,1.155033e-03,1.220020e-03,1.228205e-03,1.211475e-03,1.187385e-03,1.156218e-03,1.121929e-03,1.089557e-03,1.051370e-03,9.983129e-04,9.336839e-04,8.664714e-04,8.024524e-04,7.428975e-04,6.893077e-04,6.432380e-04,6.060625e-04,5.769980e-04,5.539807e-04,5.355383e-04,5.210504e-04,5.096653e-04,5.006658e-04,4.954441e-04,4.951316e-04,4.981235e-04,5.020840e-04,5.053696e-04,5.078892e-04,5.103021e-04,-2.901847e-04,-2.863788e-04,-2.825841e-04,-2.788012e-04,-2.750928e-04,-2.687106e-04,-2.743459e-04,-2.987769e-04,-3.325202e-04,-3.516845e-04,-3.522335e-04,-3.380752e-04,-3.123652e-04,-2.686663e-04,-2.131532e-04,-1.678147e-04,-1.455956e-04,-1.430954e-04,-1.563442e-04,-1.811793e-04,-2.138036e-04,-2.422871e-04,-2.588820e-04,-2.635859e-04,-2.606168e-04,-2.427756e-04,-1.959617e-04,-1.114959e-04,1.633529e-05,1.808382e-04,3.605497e-04,5.402426e-04,7.198426e-04,-5.371401e-04,-7.053413e-04,-8.754975e-04,-1.021718e-03,-1.121809e-03,-1.176982e-03,-1.207279e-03,-1.224560e-03,-1.228806e-03,-1.224192e-03,-1.216390e-03,-1.197621e-03,-1.160819e-03,-1.113172e-03,-1.075848e-03,-1.055945e-03,-1.038423e-03,-1.015160e-03,-9.929829e-04,-9.828166e-04,-9.807552e-04,-9.743315e-04,-9.586315e-04,-9.317982e-04,-8.930068e-04,-8.413729e-04,-7.861681e-04,-7.326702e-04,-6.755775e-04,-5.975832e-04,-4.935057e-04,-3.786648e-04,-2.646157e-04
-1.929123e-05,-1.806030e-04,-1.245171e-03,9.472787e-03,1.375227e-02,1.803844e-02,2.219979e-02,2.595826e-02,2.881074e-02,3.032338e-02,2.849124e-02,2.542647e-02,2.170264e-02,1.793673e-02,1.452323e-02,1.168616e-02,9.526922e-03,8.048951e-03,7.186584e-03,6.814087e-03,6.783972e-03,6.941695e-03,7.206520e-03,7.495455e-03,7.736758e-03,7.915280e-03,7.995361e-03,7.994803e-03,7.915395e-03,7.754747e-03,7.554220e-03,7.332268e-03,7.104660e-03,6.880403e-03,6.654018e-03,6.426493e-03,-2.223684e-03,-1.997982e-03,-1.772243e-03,-1.546731e-03,-1.321135e-03,-1.098090e-03,-8.529557e-04,-5.740229e-04,-2.831062e-04,-2.805917e-05,1.812223e-04,3.501692e-04,4.847715e-04,5.778842e-04,6.326063e-04,6.592813e-04,6.652390e-04,6.537297e-04,6.286413e-04,5.938445e-04,5.529720e-04,5.089027e-04,4.644947e-04,4.236496e-04,3.899688e-04,3.633196e-04,3.413435e-04,3.221816e-04,3.048507e-04,2.885255e-04,2.733290e-04,2.587087e-04,2.439793e-04,1.719746e-03,1.718287e-03,1.718034e-03,1.698335e-03,1.641311e-03,1.550741e-03,1.456213e-03,1.372260e-03,1.296626e-03,1.230504e-03,1.176902e-03,1.121908e-03,1.050469e-03,9.657591e-04,8.805865e-04,8.024678e-04,7.314645e-04,6.684899e-04,6.148345e-04,5.715563e-04,5.380415e-04,5.125383e-04,4.934572e-04,4.797611e-04,4.702406e-04,4.638096e-04,4.614403e-04,4.639608e-04,4.696450e-04,4.760953e-04,4.816814e-04,4.864225e-04,4.910603e-04,-1.725804e-04,-1.845275e-04,-1.964813e-04,-2.084934e-04,-2.208039e-04,-2.311777e-04,-2.533014e-04,-2.930991e-04,-3.399658e-04,-3.679001e-04,-3.728763e-04,-3.598228e-04,-3.327014e-04,-2.846938e-04,-2.226453e-04,-1.699736e-04,-1.405267e-04,-1.311565e-04,-1.381347e-04,-1.574761e-04,-1.855332e-04,-2.106936e-04,-2.253576e-04,-2.294083e-04,-2.267806e-04,-2.102137e-04,-1.656549e-04,-8.437643e-05,3.943791e-05,1.993211e-04,3.741588e-04,5.489846e-04,7.237178e-04,-5.821984e-04,-7.211745e-04,-8.617340e-04,-9.829357e-04,-1.067043e-03,-1.114676e-03,-1.144200e-03,-1.165557e-03,-1.177220e-03,-1.182086e-03,-1.185021e-03,-1.175822e-03,-1.145271e-03,-1.100598e-03,-1.064633e-03,-1.045403e-03,-1.027870e-03,-1.004078e-03,-9.809493e-04,-9.693732e-04,-9.657578e-04,-9.581054e-04,-9.416569e-04,-9.145592e-04,-8.759497e-04,-8.248889e-04,-7.704296e-04,-7.176904e-04,-6.614002e-04,-5.844278e-04,-4.816562e-04,-3.682428e-04,-2.556102e-04
-1.404645e-05,-1.785854e-04,-1.226246e-03,4.707417e-03,9.108134e-03,1.351100e-02,1.784792e-02,2.197503e-02,2.568358e-02,2.849124e-02,2.987746e-02,2.796642e-02,2.479208e-02,2.093504e-02,1.711825e-02,1.371622e-02,1.096388e-02,8.947063e-03,7.648803e-03,6.954283e-03,6.702067e-03,6.720700e-03,6.911430e-03,7.173473e-03,7.417483e-03,7.615683e-03,7.724015e-03,7.755522e-03,7.708900e-03,7.580219e-03,7.410571e-03,7.219321e-03,7.023380e-03,6.831189e-03,6.636482e-03,6.440670e-03,-2.300972e-03,-2.018844e-03,-1.736689e-03,-1.454691e-03,-1.172504e-03,-8.921354e-04,-5.938385e-04,-2.694998e-04,5.649501e-05,3.325146e-04,5.483629e-04,7.127154e-04,8.338552e-04,9.024336e-04,9.236048e-04,9.135617e-04,8.833331e-04,8.365335e-04,7.775547e-04,7.107280e-04,6.401429e-04,5.692030e-04,5.009543e-04,4.389047e-04,3.859671e-04,3.416379e-04,3.033413e-04,2.689219e-04,2.370083e-04,2.064427e-04,1.771519e-04,1.484228e-04,1.195875e-04,2.136699e-03,2.066274e-03,1.996480e-03,1.915466e-03,1.813910e-03,1.695511e-03,1.585380e-03,1.494257e-03,1.417795e-03,1.354590e-03,1.305774e-03,1.251902e-03,1.172987e-03,1.073683e-03,9.726411e-04,8.804598e-04,7.960245e-04,7.199418e-04,6.538070e-04,5.989411e-04,5.550583e-04,5.208240e-04,4.946593e-04,4.752557e-04,4.611871e-04,4.511402e-04,4.456841e-04,4.453144e-04,4.481366e-04,4.516402e-04,4.541732e-04,4.558166e-04,4.573579e-04,-7.106792e-05,-9.678464e-05,-1.225029e-04,-1.483306e-04,-1.746409e-04,-1.996869e-04,-2.356346e-04,-2.873712e-04,-3.436550e-04,-3.774563e-04,-3.847757e-04,-3.715253e-04,-3.423102e-04,-2.897060e-04,-2.211361e-04,-1.616387e-04,-1.260225e-04,-1.112153e-04,-1.135994e-04,-1.292587e-04,-1.546099e-04,-1.782688e-04,-1.926941e-04,-1.975724e-04,-1.965009e-04,-1.821746e-04,-1.406521e-04,-6.322018e-05,5.598082e-05,2.106691e-04,3.800749e-04,5.494924e-04,7.188162e-04,-5.791155e-04,-7.025535e-04,-8.272867e-04,-9.361782e-04,-1.014959e-03,-1.063930e-03,-1.099238e-03,-1.128908e-03,-1.150359e-03,-1.165388e-03,-1.178164e-03,-1.176349e-03,-1.148981e-03,-1.103861e-03,-1.066114e-03,-1.045034e-03,-1.025424e-03,-9.994382e-04,-9.741024e-04,-9.603057e-04,-9.546712e-04,-9.455867e-04,-9.283905e-04,-9.011810e-04,-8.630479e-04,-8.130098e-04,-7.598503e-04,-7.085001e-04,-6.536955e-04,-5.784940e-04,-4.778514e-04,-3.667113e-04,-2.563385e-04
-8.593927e-06,-1.799686e-04,-1.202483e-03,2.260804e-03,6.276754e-03,1.029291e-02,1.427890e-02,1.820523e-02,2.198704e-02,2.542647e-02,2.796642e-02,2.917934e-02,2.708407e-02,2.372951e-02,1.981613e-02,1.602328e-02,1.273754e-02,1.017601e-02,8.399323e-03,7.323645e-03,6.785654e-03,6.605797e-03,6.672200e-03,6.867584e-03,7.085456e-03,7.284319e-03,7.409671e-03,7.466957e-03,7.450330e-03,7.353988e-03,7.218272e-03,7.062891e-03,6.905291e-03,6.752578e-03,6.597191e-03,6.440724e-03,-1.670830e-03,-1.391550e-03,-1.112251e-03,-8.330511e-04,-5.536228e-04,-2.753888e-04,1.622972e-05,3.256415e-04,6.276072e-04,8.711848e-04,1.046259e-03,1.164564e-03,1.236063e-03,1.248524e-03,1.209007e-03,1.140447e-03,1.057871e-03,9.646219e-04,8.649678e-04,7.630611e-04,6.628041e-04,5.673897e-04,4.793750e-04,4.013321e-04,3.350670e-04,2.794632e-04,2.315948e-04,1.889106e-04,1.495651e-04,1.119981e-04,7.589305e-05,4.033674e-05,4.677421e-06,2.147087e-03,2.070974e-03,1.995095e-03,1.913673e-03,1.823154e-03,1.726983e-03,1.644949e-03,1.583728e-03,1.536998e-03,1.500769e-03,1.474184e-03,1.432991e-03,1.353337e-03,1.242554e-03,1.126873e-03,1.020910e-03,9.219410e-04,8.301646e-04,7.479815e-04,6.775604e-04,6.190244e-04,5.714678e-04,5.334050e-04,5.033886e-04,4.798990e-04,4.615194e-04,4.484268e-04,4.407602e-04,4.364293e-04,4.327984e-04,4.281736e-04,4.226508e-04,4.170254e-04,1.230752e-05,-2.460180e-05,-6.150804e-05,-9.856876e-05,-1.362349e-04,-1.731660e-04,-2.197937e-04,-2.797851e-04,-3.416504e-04,-3.787121e-04,-3.868851e-04,-3.728349e-04,-3.414667e-04,-2.844514e-04,-2.096463e-04,-1.439305e-04,-1.031583e-04,-8.419878e-05,-8.344048e-05,-9.694745e-05,-1.211292e-04,-1.447548e-04,-1.602657e-04,-1.670837e-04,-1.684215e-04,-1.569688e-04,-1.189910e-04,-4.587244e-05,6.821436e-05,2.171426e-04,3.805337e-04,5.439732e-04,7.073169e-04,-5.487304e-04,-6.663135e-04,-7.849788e-04,-8.903785e-04,-9.708570e-04,-1.026657e-03,-1.071630e-03,-1.112059e-03,-1.144613e-03,-1.170056e-03,-1.191795e-03,-1.195648e-03,-1.169296e-03,-1.121462e-03,-1.080060e-03,-1.055861e-03,-1.033224e-03,-1.004266e-03,-9.761305e-04,-9.597677e-04,-9.519330e-04,-9.413389e-04,-9.233912e-04,-8.961147e-04,-8.585654e-04,-8.097536e-04,-7.581428e-04,-7.084587e-04,-6.554503e-04,-5.824324e-04,-4.844587e-04,-3.761735e-04,-2.686388e-04
-4.692955e-06,-1.843709e-04,-1.175386e-03,1.437531e-03,4.799700e-03,8.160724e-03,1.151355e-02,1.489423e-02,1.831677e-02,2.170264e-02,2.479208e-02,2.708407e-02,2.804460e-02,2.573015e-02,2.231514e-02,1.843788e-02,1.479645e-02,1.175932e-02,9.507318e-03,8.012010e-03,7.129493e-03,6.686679e-03,6.567590e-03,6.643020e-03,6.792613e-03,6.961404e-03,7.083118e-03,7.152956e-03,7.158623e-03,7.091065e-03,6.988440e-03,6.869412e-03,6.751076e-03,6.639032e-03,6.524439e-03,6.408776e-03,-1.053022e-03,-7.947768e-04,-5.365188e-04,-2.783198e-04,-1.989447e-05,2.378248e-04,5.048331e-04,7.826198e-04,1.047182e-03,1.252001e-03,1.386115e-03,1.462318e-03,1.490249e-03,1.453593e-03,1.360698e-03,1.242046e-03,1.117015e-03,9.883873e-04,8.599675e-04,7.353921e-04,6.180327e-04,5.103823e-04,4.141630e-04,3.308898e-04,2.612826e-04,2.037073e-04,1.550451e-04,1.125113e-04,7.395606e-05,3.753104e-05,2.719397e-06,-3.155246e-05,-6.592491e-05,1.991002e-03,1.946277e-03,1.901540e-03,1.854655e-03,1.805306e-03,1.756107e-03,1.721313e-03,1.703840e-03,1.695921e-03,1.691482e-03,1.687958e-03,1.657859e-03,1.575044e-03,1.450079e-03,1.317781e-03,1.196964e-03,1.082285e-03,9.729130e-04,8.724165e-04,7.843632e-04,7.092036e-04,6.462666e-04,5.941243e-04,5.512675e-04,5.161364e-04,4.872709e-04,4.644556e-04,4.474629e-04,4.340091e-04,4.213725e-04,4.078096e-04,3.933813e-04,3.788492e-04,7.091836e-05,2.673171e-05,-1.744782e-05,-6.182123e-05,-1.068932e-04,-1.516617e-04,-2.049622e-04,-2.694486e-04,-3.339888e-04,-3.734695e-04,-3.832888e-04,-3.701631e-04,-3.386185e-04,-2.790157e-04,-1.994132e-04,-1.287802e-04,-8.414602e-05,-6.227489e-05,-5.950970e-05,-7.185631e-05,-9.568587e-05,-1.198485e-04,-1.367257e-04,-1.454674e-04,-1.489238e-04,-1.398371e-04,-1.047718e-04,-3.529486e-05,7.430741e-05,2.180327e-04,3.759406e-04,5.339296e-04,6.918209e-04,-5.042618e-04,-6.235677e-04,-7.438090e-04,-8.524987e-04,-9.397499e-04,-1.005729e-03,-1.062078e-03,-1.113642e-03,-1.156714e-03,-1.191224e-03,-1.219856e-03,-1.227172e-03,-1.200034e-03,-1.148170e-03,-1.102532e-03,-1.075321e-03,-1.049977e-03,-1.018276e-03,-9.875154e-04,-9.688508e-04,-9.590975e-04,-9.472040e-04,-9.286192e-04,-9.012954e-04,-8.642756e-04,-8.165935e-04,-7.663734e-04,-7.181475e-04,-6.667067e-04,-5.957101e-04,-5.003347e-04,-3.948633e-04,-2.901238e-04
-2.832764e-06,-1.901523e-04,-1.146628e-03,1.668805e-03,4.273507e-03,6.876598e-03,9.480689e-03,1.215683e-02,1.496917e-02,1.793673e-02,2.093504e-02,2.372951e-02,2.573015e-02,2.645950e-02,2.408840e-02,2.072230e-02,1.703189e-02,1.369682e-02,1.103321e-02,9.111966e-03,7.836863e-03,7.063936e-03,6.687417e-03,6.574984e-03,6.599098e-03,6.693327e-03,6.779191e-03,6.839134e-03,6.852334e-03,6.804676e-03,6.730179e-03,6.644526e-03,6.563174e-03,6.489911e-03,6.414595e-03,6.338202e-03,-5.795652e-04,-3.525110e-04,-1.254495e-04,1.015798e-04,3.288057e-04,5.556825e-04,7.884339e-04,1.026412e-03,1.248226e-03,1.414144e-03,1.512817e-03,1.556003e-03,1.550848e-03,1.476457e-03,1.341977e-03,1.186134e-03,1.032966e-03,8.843767e-04,7.433111e-04,6.124953e-04,4.943701e-04,3.900964e-04,3.001577e-04,2.249601e-04,1.642798e-04,1.161298e-04,7.740161e-05,4.528652e-05,1.755179e-05,-7.791932e-06,-3.141242e-05,-5.449657e-05,-7.767986e-05,1.794531e-03,1.802724e-03,1.810779e-03,1.818252e-03,1.826025e-03,1.835283e-03,1.854836e-03,1.884121e-03,1.914141e-03,1.937049e-03,1.948465e-03,1.920171e-03,1.826418e-03,1.681434e-03,1.528906e-03,1.391478e-03,1.259805e-03,1.131077e-03,1.010407e-03,9.034102e-04,8.106888e-04,7.314403e-04,6.641842e-04,6.074220e-04,5.595890e-04,5.192260e-04,4.857379e-04,4.585300e-04,4.351358e-04,4.128033e-04,3.897318e-04,3.658812e-04,3.419241e-04,1.023155e-04,5.442645e-05,6.547437e-06,-4.155247e-05,-9.040149e-05,-1.392511e-04,-1.955574e-04,-2.611701e-04,-3.256986e-04,-3.663385e-04,-3.780569e-04,-3.669635e-04,-3.365183e-04,-2.755937e-04,-1.922647e-04,-1.178103e-04,-7.055451e-05,-4.707652e-05,-4.357550e-05,-5.592053e-05,-8.037701e-05,-1.057323e-04,-1.242364e-04,-1.347798e-04,-1.399170e-04,-1.325115e-04,-9.951356e-05,-3.275706e-05,7.327578e-05,2.126713e-04,3.659530e-04,5.193396e-04,6.726278e-04,-4.488799e-04,-5.758920e-04,-7.037466e-04,-8.210603e-04,-9.189993e-04,-9.975478e-04,-1.066287e-03,-1.128863e-03,-1.181358e-03,-1.222989e-03,-1.255613e-03,-1.263510e-03,-1.233682e-03,-1.176902e-03,-1.127135e-03,-1.097764e-03,-1.070681e-03,-1.036890e-03,-1.003942e-03,-9.834435e-04,-9.722088e-04,-9.592943e-04,-9.401703e-04,-9.127523e-04,-8.761028e-04,-8.293145e-04,-7.801818e-04,-7.330614e-04,-6.828169e-04,-6.135232e-04,-5.204946e-04,-4.176106e-04,-3.154389e-04
-2.917822e-06,-1.971524e-04,-1.116183e-03,2.478101e-03,4.344552e-03,6.209348e-03,8.077076e-03,1.003093e-02,1.215677e-02,1.452323e-02,1.711825e-02,1.981613e-02,2.231514e-02,2.408840e-02,2.475409e-02,2.242698e-02,1.926456e-02,1.591670e-02,1.299216e-02,1.068304e-02,8.989934e-03,7.825377e-03,7.113933e-03,6.733768e-03,6.561007e-03,6.522019e-03,6.527168e-03,6.544256e-03,6.542002e-03,6.499305e-03,6.443659e-03,6.385264e-03,6.335829e-03,6.296430e-03,6.255640e-03,6.213758e-03,-1.452689e-04,3.840178e-05,2.220762e-04,4.057344e-04,5.895479e-04,7.732533e-04,9.602109e-04,1.148406e-03,1.319667e-03,1.441639e-03,1.502925e-03,1.512366e-03,1.473432e-03,1.361992e-03,1.188409e-03,1.000232e-03,8.265591e-04,6.679845e-04,5.260299e-04,4.019620e-04,2.967360e-04,2.093080e-04,1.383754e-04,8.316008e-05,4.265212e-05,1.462027e-05,-3.910954e-06,-1.563193e-05,-2.269232e-05,-2.711562e-05,-2.972426e-05,-3.179943e-05,-3.397228e-05,1.563307e-03,1.620122e-03,1.676754e-03,1.733236e-03,1.790504e-03,1.848466e-03,1.911487e-03,1.976482e-03,2.033920e-03,2.075035e-03,2.094088e-03,2.064786e-03,1.963883e-03,1.808161e-03,1.648342e-03,1.509053e-03,1.374787e-03,1.239130e-03,1.109088e-03,9.930882e-04,8.917679e-04,8.038151e-04,7.276774e-04,6.621056e-04,6.057153e-04,5.572475e-04,5.159223e-04,4.809494e-04,4.498358e-04,4.199869e-04,3.896428e-04,3.586293e-04,3.275065e-04,1.109498e-04,6.217603e-05,1.341426e-05,-3.558260e-05,-8.534429e-05,-1.352981e-04,-1.917834e-04,-2.560682e-04,-3.186783e-04,-3.593057e-04,-3.725937e-04,-3.634344e-04,-3.338251e-04,-2.715300e-04,-1.846982e-04,-1.070395e-04,-5.827092e-05,-3.463325e-05,-3.200100e-05,-4.595998e-05,-7.254520e-05,-1.002589e-04,-1.211127e-04,-1.337573e-04,-1.405434e-04,-1.345284e-04,-1.031319e-04,-3.853837e-05,6.448814e-05,2.000806e-04,3.492543e-04,4.985543e-04,6.477553e-04,-4.115609e-04,-5.456719e-04,-6.805711e-04,-8.054671e-04,-9.120968e-04,-1.000286e-03,-1.077913e-03,-1.147774e-03,-1.205971e-03,-1.251311e-03,-1.284952e-03,-1.292001e-03,-1.260375e-03,-1.201396e-03,-1.151250e-03,-1.123766e-03,-1.098462e-03,-1.064978e-03,-1.031318e-03,-1.009937e-03,-9.976931e-04,-9.836843e-04,-9.634573e-04,-9.350205e-04,-8.975490e-04,-8.502788e-04,-8.007328e-04,-7.531436e-04,-7.024985e-04,-6.333723e-04,-5.412366e-04,-4.395104e-04,-3.384760e-04
-5.285896e-06,-2.042010e-04,-1.091143e-03,3.597038e-03,4.803183e-03,6.007793e-03,7.214276e-03,8.505109e-03,9.966029e-03,1.168616e-02,1.371622e-02,1.602328e-02,1.843788e-02,2.072230e-02,2.242698e-02,2.313982e-02,2.104033e-02,1.825510e-02,1.534353e-02,1.278535e-02,1.070398e-02,9.114747e-03,7.997797e-03,7.263462e-03,6.808855e-03,6.561694e-03,6.424785e-03,6.350681e-03,6.296334e-03,6.231960e-03,6.175968e-03,6.129940e-03,6.098774e-03,6.079447e-03,6.059429e-03,6.038303e-03,3.915487e-04,5.077716e-04,6.239956e-04,7.402132e-04,8.565446e-04,9.729160e-04,1.090729e-03,1.207409e-03,1.308322e-03,1.368285e-03,1.376331e-03,1.337558e-03,1.251996e-03,1.095170e-03,8.794327e-04,6.606226e-04,4.726728e-04,3.141981e-04,1.844239e-04,8.231062e-05,6.478907e-06,-4.757605e-05,-8.372208e-05,-1.039977e-04,-1.099426e-04,-1.039391e-04,-8.876711e-05,-6.688352e-05,-4.018376e-05,-1.060207e-05,2.086500e-05,5.286191e-05,8.476279e-05,1.259099e-03,1.336655e-03,1.414027e-03,1.491163e-03,1.568708e-03,1.646204e-03,1.725351e-03,1.802238e-03,1.868232e-03,1.915196e-03,1.937362e-03,1.912873e-03,1.822756e-03,1.684031e-03,1.549556e-03,1.442240e-03,1.337740e-03,1.223853e-03,1.109780e-03,1.007603e-03,9.179022e-04,8.384051e-04,7.675741e-04,7.048765e-04,6.494990e-04,6.007916e-04,5.582483e-04,5.212885e-04,4.877191e-04,4.554329e-04,4.229099e-04,3.898296e-04,3.566377e-04,9.225913e-05,4.553608e-05,-1.174758e-06,-4.811038e-05,-9.575872e-05,-1.436143e-04,-1.971647e-04,-2.573128e-04,-3.155299e-04,-3.538455e-04,-3.666993e-04,-3.575050e-04,-3.268866e-04,-2.623047e-04,-1.721556e-04,-9.238902e-05,-4.405453e-05,-2.279432e-05,-2.385142e-05,-4.227454e-05,-7.364879e-05,-1.058072e-04,-1.303412e-04,-1.457216e-04,-1.542832e-04,-1.493485e-04,-1.188327e-04,-5.532875e-05,4.603896e-05,1.793537e-04,3.260265e-04,4.728465e-04,6.195667e-04,-4.144811e-04,-5.495410e-04,-6.853657e-04,-8.113956e-04,-9.195993e-04,-1.009819e-03,-1.088792e-03,-1.158971e-03,-1.216856e-03,-1.261348e-03,-1.293365e-03,-1.299799e-03,-1.270160e-03,-1.215539e-03,-1.172552e-03,-1.154187e-03,-1.136612e-03,-1.107378e-03,-1.075294e-03,-1.054275e-03,-1.041367e-03,-1.025622e-03,-1.002782e-03,-9.711929e-04,-9.303046e-04,-8.796295e-04,-8.265943e-04,-7.754147e-04,-7.212393e-04,-6.491334e-04,-5.547092e-04,-4.509336e-04,-3.478320e-04
-1.046157e-05,-2.120400e-04,-1.075988e-03,4.797361e-03,5.461475e-03,6.124208e-03,6.786552e-03,7.523275e-03,8.407800e-03,9.526922e-03,1.096388e-02,1.273754e-02,1.479645e-02,1.703189e-02,1.926456e-02,2.104033e-02,2.201216e-02,2.031811e-02,1.797711e-02,1.542310e-02,1.307255e-02,1.106715e-02,9.489700e-03,8.311276e-03,7.476582e-03,6.928695e-03,6.569922e-03,6.338053e-03,6.177884e-03,6.049924e-03,5.960812e-03,5.899738e-03,5.861114e-03,5.836569e-03,5.812626e-03,5.787522e-03,9.700335e-04,9.818389e-04,9.936438e-04,1.005447e-03,1.017329e-03,1.029326e-03,1.041767e-03,1.052350e-03,1.050368e-03,1.017863e-03,9.459895e-04,8.376858e-04,6.917224e-04,4.868377e-04,2.372357e-04,3.817261e-06,-1.766189e-04,-3.084692e-04,-3.960664e-04,-4.439827e-04,-4.571632e-04,-4.453180e-04,-4.159884e-04,-3.725559e-04,-3.166383e-04,-2.505559e-04,-1.767305e-04,-9.711876e-05,-1.299175e-05,7.409338e-05,1.630502e-04,2.525440e-04,3.419415e-04,9.378295e-04,1.008943e-03,1.079898e-03,1.150282e-03,1.220366e-03,1.290069e-03,1.360072e-03,1.427218e-03,1.485135e-03,1.527734e-03,1.550640e-03,1.537824e-03,1.475658e-03,1.379873e-03,1.299901e-03,1.253156e-03,1.204855e-03,1.135531e-03,1.057144e-03,9.865205e-04,9.239248e-04,8.654167e-04,8.094955e-04,7.568894e-04,7.077955e-04,6.626365e-04,6.217222e-04,5.851209e-04,5.512322e-04,5.187185e-04,4.864160e-04,4.537483e-04,4.209647e-04,3.430093e-05,-6.357380e-06,-4.700630e-05,-8.782531e-05,-1.291707e-04,-1.704391e-04,-2.164778e-04,-2.679758e-04,-3.172925e-04,-3.485814e-04,-3.565056e-04,-3.434218e-04,-3.092418e-04,-2.421469e-04,-1.507021e-04,-7.213715e-05,-2.830670e-05,-1.394155e-05,-2.328827e-05,-5.055039e-05,-9.059188e-05,-1.300663e-04,-1.598944e-04,-1.784740e-04,-1.884265e-04,-1.834509e-04,-1.519851e-04,-8.711526e-05,1.554958e-05,1.498763e-04,2.974793e-04,4.452409e-04,5.929024e-04,-4.574158e-04,-5.874031e-04,-7.181560e-04,-8.390682e-04,-9.420768e-04,-1.027152e-03,-1.100423e-03,-1.164501e-03,-1.216649e-03,-1.256357e-03,-1.284856e-03,-1.291364e-03,-1.267484e-03,-1.223709e-03,-1.195052e-03,-1.192331e-03,-1.187736e-03,-1.166180e-03,-1.137691e-03,-1.118316e-03,-1.105304e-03,-1.087391e-03,-1.060564e-03,-1.023757e-03,-9.768707e-04,-9.198445e-04,-8.602517e-04,-8.024401e-04,-7.417393e-04,-6.636356e-04,-5.638285e-04,-4.548695e-04,-3.465723e-04
