1.466354e-04,1.562429e-07,6.045933e-06,-2.103100e-05,-1.378034e-05,3.740470e-06,3.933914e-06,-5.084515e-06,-1.187242e-05,-6.697476e-06,8.837451e-06,5.529150e-06,-1.747869e-06,-1.914978e-05,-3.835030e-06,7.698123e-06,1.231094e-05,-2.588267e-06,-9.269351e-06,-1.599740e-05,-1.124961e-05,-3.522130e-06,-7.009009e-06,-4.784246e-06,-1.964551e-06,1.335074e-05,1.082736e-05,1.251709e-06,-1.365330e-05,9.058175e-09,1.852842e-05,1.867219e-05,-5.375322e-06,-3.637272e-05,-5.624414e-05,-7.409051e-05,-6.083661e-04,-5.973741e-04,-5.860937e-04,-5.722514e-04,-5.600049e-04,-5.500513e-04,-5.393900e-04,-5.321581e-04,-5.315300e-04,-5.394397e-04,-5.447045e-04,-5.481045e-04,-5.479427e-04,-5.504992e-04,-5.521768e-04,-5.546105e-04,-5.581803e-04,-5.607253e-04,-5.593322e-04,-5.572738e-04,-5.559515e-04,-5.524391e-04,-5.499325e-04,-5.487576e-04,-5.500049e-04,-5.481446e-04,-5.449826e-04,-5.396082e-04,-5.378400e-04,-5.398402e-04,-5.421720e-04,-5.457830e-04,-5.489866e-04,3.597111e-05,2.787932e-05,1.998021e-05,1.509394e-05,9.752399e-06,5.425441e-06,-7.829437e-07,-4.736246e-06,-3.379393e-06,-3.497961e-06,-5.592046e-06,-6.952185e-06,-6.440270e-06,-3.603349e-06,-2.338040e-06,8.255118e-07,3.144861e-06,5.033097e-06,2.899498e-06,2.583218e-07,-2.789230e-06,-3.150724e-06,-3.534273e-06,-5.186926e-06,-5.430249e-06,-4.106551e-06,-3.090718e-06,-1.049997e-06,-1.419184e-06,3.148536e-06,9.576298e-06,1.860781e-05,2.774483e-05,7.198447e-04,7.010895e-04,6.822985e-04,6.535062e-04,6.210260e-04,5.823823e-04,5.292095e-04,4.742814e-04,4.326918e-04,4.167007e-04,4.059533e-04,4.092296e-04,4.143195e-04,4.362273e-04,4.647922e-04,5.079970e-04,5.583345e-04,5.986262e-04,6.134309e-04,6.105535e-04,5.925594e-04,5.539985e-04,5.089391e-04,4.722431e-04,4.554200e-04,4.389467e-04,4.328694e-04,4.263786e-04,4.281298e-04,4.343035e-04,4.393709e-04,4.538481e-04,4.669902e-04,-1.727402e-04,-1.209942e-04,-6.934938e-05,-2.200248e-05,1.942217e-05,4.216079e-05,4.305303e-05,2.790529e-05,1.677837e-05,7.015321e-07,-9.903210e-06,-1.339431e-05,-9.431835e-06,3.502158e-06,1.803603e-05,4.244712e-05,5.645094e-05,5.413355e-05,3.547736e-05,5.358411e-06,-1.806889e-05,-2.412165e-05,-1.484692e-05,-9.848625e-06,-3.736560e-06,2.424864e-06,2.308166e-06,4.474027e-06,-3.016265e-06,-1.225559e-05,-4.001864e-05,-7.449814e-05,-1.078372e-04
1.562429e-07,1.321656e-04,3.355794e-06,-7.696716e-05,-6.834940e-05,-5.038896e-05,-4.366471e-05,-4.976034e-05,-5.005071e-05,-4.275946e-05,-4.345674e-05,-4.725939e-05,-4.859159e-05,-4.217274e-05,-3.543983e-05,-3.788874e-05,-4.877968e-05,-5.437962e-05,-4.785777e-05,-4.760431e-05,-5.187450e-05,-5.225421e-05,-4.496576e-05,-4.646584e-05,-4.831671e-05,-3.782800e-05,-3.204242e-05,-2.232122e-05,-3.877058e-05,-4.961239e-05,-4.922536e-05,-3.982744e-05,-3.321364e-05,-3.995654e-05,-4.026977e-05,-3.615960e-05,-2.720651e-05,-2.478149e-05,-2.208918e-05,-1.648599e-05,-1.147086e-05,-6.982706e-06,-6.600152e-06,-7.035834e-06,-6.326249e-06,-5.443703e-06,-2.923366e-06,-3.452668e-07,1.582153e-06,5.452611e-06,8.784898e-06,1.356618e-05,1.472005e-05,1.231882e-05,5.570373e-06,2.473250e-07,-2.721107e-06,-8.784968e-08,4.838631e-06,5.097907e-06,2.436800e-06,-3.943625e-07,-2.212704e-06,-2.177748e-06,-4.844223e-06,-8.498003e-06,-1.679053e-05,-2.648741e-05,-3.577869e-05,-4.339061e-04,-4.466570e-04,-4.592037e-04,-4.685235e-04,-4.770273e-04,-4.845093e-04,-4.873323e-04,-4.889915e-04,-4.897192e-04,-4.893336e-04,-4.895557e-04,-4.877134e-04,-4.878848e-04,-4.873497e-04,-4.879673e-04,-4.872837e-04,-4.848184e-04,-4.825476e-04,-4.775130e-04,-4.738385e-04,-4.718577e-04,-4.689696e-04,-4.716008e-04,-4.811208e-04,-4.883521e-04,-4.922801e-04,-4.917275e-04,-4.916516e-04,-4.920368e-04,-4.930335e-04,-4.944961e-04,-4.924371e-04,-4.902435e-04,-1.418724e-04,-9.923919e-05,-5.661075e-05,-1.720956e-05,1.705624e-05,3.632143e-05,3.931303e-05,3.157212e-05,2.437416e-05,8.837472e-06,-4.633370e-06,-8.353126e-06,-3.675129e-06,5.008068e-06,1.118101e-05,2.578009e-05,3.722153e-05,4.017152e-05,3.174451e-05,1.252219e-05,-3.444322e-06,-7.478422e-06,-1.001283e-06,-4.179989e-07,-7.317082e-07,1.456234e-06,3.306459e-06,5.225705e-06,-5.362582e-06,-1.973951e-05,-4.398078e-05,-6.989023e-05,-9.527769e-05,6.476746e-04,6.227308e-04,5.972025e-04,5.651353e-04,5.369235e-04,5.071834e-04,4.665242e-04,4.331571e-04,4.124559e-04,3.950527e-04,3.878722e-04,3.801390e-04,3.884387e-04,3.961166e-04,4.129309e-04,4.362693e-04,4.720584e-04,5.115251e-04,5.282940e-04,5.276457e-04,5.145677e-04,4.821014e-04,4.432742e-04,4.147219e-04,3.894702e-04,3.856089e-04,3.852195e-04,3.895622e-04,3.884205e-04,3.884333e-04,3.952052e-04,3.918324e-04,3.892419e-04
6.045933e-06,3.355794e-06,2.951533e-05,-2.560158e-04,-2.649666e-04,-2.715996e-04,-2.519704e-04,-2.504612e-04,-2.572546e-04,-2.345545e-04,-2.229430e-04,-2.059717e-04,-2.018602e-04,-2.035505e-04,-2.044111e-04,-2.013088e-04,-2.004502e-04,-2.039703e-04,-2.171605e-04,-2.353404e-04,-2.622861e-04,-2.542664e-04,-2.477598e-04,-2.549808e-04,-2.383605e-04,-2.240479e-04,-2.110020e-04,-2.016676e-04,-2.021359e-04,-2.048840e-04,-2.068181e-04,-2.109239e-04,-2.145830e-04,-2.163351e-04,-2.136806e-04,-2.092543e-04,-4.879394e-05,-5.501537e-05,-6.138026e-05,-6.314508e-05,-5.767757e-05,-4.692825e-05,-3.582747e-05,-3.067931e-05,-2.861669e-05,-2.633937e-05,-2.414471e-05,-2.280675e-05,-2.203180e-05,-2.148163e-05,-2.276895e-05,-2.692764e-05,-3.360483e-05,-4.266015e-05,-5.009559e-05,-5.071937e-05,-4.448847e-05,-3.401068e-05,-2.715726e-05,-2.444130e-05,-2.352597e-05,-2.375694e-05,-2.495501e-05,-2.608906e-05,-2.613656e-05,-2.506930e-05,-2.442781e-05,-2.450491e-05,-2.437057e-05,7.611660e-05,4.968706e-05,2.310849e-05,1.015823e-06,-1.347298e-05,-2.377022e-05,-2.842451e-05,-2.517005e-05,-2.051572e-05,-1.627898e-05,-1.383114e-05,-1.299944e-05,-1.403183e-05,-1.622442e-05,-1.931423e-05,-2.204284e-05,-2.248074e-05,-1.769154e-05,-1.022743e-05,-4.407144e-06,2.048772e-06,7.742040e-06,6.624300e-06,1.791724e-06,-3.689003e-06,-8.224731e-06,-1.155244e-05,-1.402819e-05,-1.550558e-05,-1.611560e-05,-1.566170e-05,-1.373068e-05,-1.169310e-05,-6.929578e-06,1.269010e-05,3.281964e-05,4.745843e-05,5.429187e-05,5.497363e-05,5.389388e-05,5.414325e-05,4.789351e-05,3.334709e-05,2.217989e-05,2.371281e-05,2.582843e-05,1.645608e-05,1.490310e-06,-3.258973e-06,3.958391e-06,1.872666e-05,3.408783e-05,4.341040e-05,4.752532e-05,4.840495e-05,5.102414e-05,4.810025e-05,3.622052e-05,2.522812e-05,2.644379e-05,3.099683e-05,2.278452e-05,-6.396749e-08,-2.558726e-05,-4.785573e-05,-7.043019e-05,-2.555092e-05,-5.870998e-06,1.433608e-05,2.832933e-05,3.416061e-05,3.778406e-05,3.727973e-05,2.698782e-05,1.056545e-05,1.129477e-06,6.691473e-06,1.364463e-05,9.342691e-06,2.868907e-06,9.363938e-06,2.453000e-05,3.183939e-05,2.923304e-05,2.156880e-05,1.585359e-05,8.637764e-06,1.079382e-06,3.250865e-06,1.588826e-05,2.582090e-05,2.202143e-05,1.406017e-05,1.813682e-05,2.774406e-05,2.508645e-05,3.159170e-06,-2.562359e-05,-5.369371e-05
-2.103100e-05,-7.696716e-05,-2.560158e-04,1.173804e-01,4.708791e-02,-2.079548e-03,-1.927181e-02,-1.355038e-02,-5.958678e-04,5.832823e-03,5.513099e-03,3.520273e-03,1.062767e-03,7.428702e-05,9.405353e-04,1.953276e-03,2.360179e-03,2.266412e-03,1.999785e-03,2.059147e-03,2.287226e-03,2.155454e-03,2.102430e-03,2.203893e-03,2.090486e-03,1.964797e-03,1.852423e-03,1.761369e-03,1.759981e-03,1.790659e-03,1.815106e-03,1.849822e-03,1.875684e-03,1.887459e-03,1.859934e-03,1.815989e-03,-4.239887e-02,-3.359847e-02,-2.472568e-02,-1.657289e-02,-9.866736e-03,-4.510866e-03,-7.382463e-04,1.315535e-03,2.040958e-03,1.908840e-03,1.365452e-03,8.043101e-04,3.339596e-04,2.664154e-05,-1.325810e-04,-1.659962e-04,-9.174334e-05,4.246848e-05,1.703204e-04,2.325751e-04,2.235573e-04,1.623930e-04,1.178948e-04,1.004196e-04,9.342835e-05,9.445724e-05,1.035690e-04,1.122889e-04,1.123787e-04,1.027450e-04,9.853794e-05,1.007412e-04,1.010599e-04,-9.273669e-03,-5.948155e-03,-2.556992e-03,1.750782e-04,1.726397e-03,2.347061e-03,2.357825e-03,2.112479e-03,1.482254e-03,7.371976e-04,1.509884e-04,-1.997445e-04,-2.838787e-04,-1.731493e-04,1.140442e-05,1.882185e-04,2.762733e-04,2.748214e-04,2.350143e-04,2.023186e-04,1.560455e-04,1.084453e-04,1.169211e-04,1.602598e-04,2.096216e-04,2.508074e-04,2.799325e-04,3.018949e-04,3.143865e-04,3.202304e-04,3.170905e-04,3.002889e-04,2.825458e-04,7.668754e-04,3.585182e-04,-6.236701e-05,-3.701413e-04,-5.086459e-04,-5.549439e-04,-5.566873e-04,-5.138292e-04,-3.905420e-04,-1.960635e-04,-5.305015e-05,-5.180091e-05,-7.686712e-05,-1.179908e-05,1.042429e-04,1.359612e-04,6.939473e-05,-5.764125e-05,-1.869369e-04,-2.607252e-04,-2.920167e-04,-3.036427e-04,-3.358067e-04,-3.165532e-04,-2.158275e-04,-1.242980e-04,-1.368169e-04,-1.786240e-04,-1.034327e-04,1.010935e-04,3.322005e-04,5.377110e-04,7.453981e-04,4.243243e-04,3.677059e-05,-3.653053e-04,-6.209728e-04,-6.640483e-04,-6.107089e-04,-5.200245e-04,-4.010129e-04,-2.237633e-04,-1.129212e-04,-1.541042e-04,-2.181167e-04,-1.989976e-04,-1.631897e-04,-2.376803e-04,-3.805272e-04,-4.510493e-04,-4.360522e-04,-3.745814e-04,-3.285687e-04,-2.650064e-04,-1.883581e-04,-1.908360e-04,-2.892628e-04,-3.653502e-04,-3.300252e-04,-2.610582e-04,-2.976519e-04,-3.822216e-04,-3.611173e-04,-1.792119e-04,6.441841e-05,3.018259e-04
-1.378034e-05,-6.834940e-05,-2.649666e-04,4.708791e-02,2.695117e-02,2.042632e-03,-7.120257e-03,-5.197107e-03,8.232679e-04,3.953671e-03,3.997628e-03,2.960142e-03,1.577098e-03,9.662592e-04,1.340053e-03,1.859191e-03,2.119610e-03,2.125287e-03,2.052526e-03,2.152938e-03,2.375108e-03,2.260623e-03,2.204694e-03,2.294390e-03,2.162550e-03,2.035066e-03,1.916104e-03,1.823110e-03,1.823581e-03,1.855676e-03,1.880474e-03,1.916232e-03,1.941440e-03,1.950751e-03,1.920962e-03,1.874577e-03,-2.225898e-02,-1.732416e-02,-1.233526e-02,-7.841033e-03,-4.311306e-03,-1.650258e-03,9.952839e-05,9.778742e-04,1.217034e-03,1.057173e-03,7.161052e-04,3.942759e-04,1.396015e-04,-1.976945e-05,-8.762006e-05,-7.713518e-05,-7.270752e-07,1.158356e-04,2.201623e-04,2.572919e-04,2.251413e-04,1.464098e-04,9.222271e-05,7.098583e-05,6.322147e-05,6.530737e-05,7.605098e-05,8.646103e-05,8.717553e-05,7.729844e-05,7.255977e-05,7.430625e-05,7.415080e-05,-4.423479e-03,-2.544566e-03,-6.171996e-04,8.621846e-04,1.570463e-03,1.755307e-03,1.605223e-03,1.306047e-03,8.645603e-04,4.199975e-04,1.083986e-04,-5.273499e-05,-6.511023e-05,2.551449e-05,1.503122e-04,2.615409e-04,3.095993e-04,2.838907e-04,2.241572e-04,1.760908e-04,1.194104e-04,6.734793e-05,7.663400e-05,1.217437e-04,1.731249e-04,2.158938e-04,2.463644e-04,2.693843e-04,2.825545e-04,2.891988e-04,2.867249e-04,2.705819e-04,2.534758e-04,6.018186e-04,2.604643e-04,-9.187861e-05,-3.469624e-04,-4.569700e-04,-4.772165e-04,-4.630021e-04,-4.356802e-04,-3.431046e-04,-1.772887e-04,-5.486515e-05,-6.232203e-05,-8.619520e-05,-8.603389e-06,1.223598e-04,1.656637e-04,1.059187e-04,-1.982260e-05,-1.523927e-04,-2.307832e-04,-2.666174e-04,-2.824648e-04,-3.190434e-04,-3.020805e-04,-1.991763e-04,-1.052231e-04,-1.184104e-04,-1.618717e-04,-8.455427e-05,1.268426e-04,3.648798e-04,5.767232e-04,7.907982e-04,2.663136e-04,-3.612651e-05,-3.509720e-04,-5.465564e-04,-5.757696e-04,-5.453196e-04,-4.816629e-04,-3.641206e-04,-1.954651e-04,-9.756232e-05,-1.481188e-04,-2.153365e-04,-1.877091e-04,-1.390988e-04,-2.059338e-04,-3.459242e-04,-4.159590e-04,-4.001917e-04,-3.382212e-04,-2.934619e-04,-2.306867e-04,-1.548496e-04,-1.606644e-04,-2.650376e-04,-3.457270e-04,-3.089149e-04,-2.372825e-04,-2.746667e-04,-3.628766e-04,-3.414862e-04,-1.537265e-04,9.681196e-05,3.410258e-04
3.740470e-06,-5.038896e-05,-2.715996e-04,-2.079548e-03,2.042632e-03,7.948414e-03,4.706202e-03,3.246257e-03,2.179990e-03,2.079201e-03,2.528905e-03,2.428619e-03,2.087446e-03,1.837846e-03,1.708713e-03,1.740019e-03,1.865794e-03,1.975847e-03,2.095466e-03,2.233036e-03,2.444532e-03,2.346052e-03,2.288328e-03,2.366761e-03,2.217757e-03,2.091142e-03,1.966413e-03,1.871831e-03,1.871958e-03,1.905577e-03,1.931969e-03,1.969230e-03,1.992401e-03,1.996544e-03,1.963219e-03,1.913668e-03,-1.664588e-03,-6.315913e-04,4.340898e-04,1.196353e-03,1.464873e-03,1.348139e-03,1.005439e-03,6.584164e-04,3.813131e-04,1.766367e-04,2.861271e-05,-5.886812e-05,-9.983615e-05,-1.113540e-04,-8.663660e-05,-3.078544e-05,4.886685e-05,1.482970e-04,2.291802e-04,2.413129e-04,1.864209e-04,9.120793e-05,2.825650e-05,3.512741e-06,-5.248931e-06,-2.205323e-06,1.017241e-05,2.255225e-05,2.380240e-05,1.333256e-05,7.344561e-06,7.691464e-06,6.186706e-06,4.622598e-04,9.466425e-04,1.460008e-03,1.698601e-03,1.551366e-03,1.267394e-03,9.097536e-04,5.084343e-04,2.216323e-04,5.852179e-05,1.563704e-05,4.583815e-05,1.095274e-04,1.851017e-04,2.538147e-04,3.017640e-04,3.107355e-04,2.609681e-04,1.812489e-04,1.175520e-04,5.025455e-05,-6.041947e-06,3.686024e-06,4.953044e-05,1.021630e-04,1.461367e-04,1.779188e-04,2.020281e-04,2.157548e-04,2.234083e-04,2.219581e-04,2.073329e-04,1.917456e-04,4.283721e-04,1.646437e-04,-1.083231e-04,-2.987392e-04,-3.697364e-04,-3.573680e-04,-3.260516e-04,-3.169300e-04,-2.593405e-04,-1.263968e-04,-2.785242e-05,-4.452926e-05,-6.663046e-05,2.502056e-05,1.724473e-04,2.310616e-04,1.827930e-04,6.216034e-05,-7.233992e-05,-1.562656e-04,-1.986837e-04,-2.215687e-04,-2.650086e-04,-2.529486e-04,-1.497078e-04,-5.492455e-05,-6.899871e-05,-1.141642e-04,-3.580223e-05,1.805900e-04,4.227734e-04,6.388717e-04,8.571849e-04,1.481363e-04,-7.528617e-05,-3.085816e-04,-4.442766e-04,-4.570980e-04,-4.465254e-04,-4.087718e-04,-2.931419e-04,-1.346916e-04,-5.252422e-05,-1.142384e-04,-1.859904e-04,-1.498768e-04,-8.773120e-05,-1.444241e-04,-2.773123e-04,-3.428295e-04,-3.236759e-04,-2.616187e-04,-2.204687e-04,-1.613831e-04,-8.947567e-05,-1.006030e-04,-2.118746e-04,-2.979552e-04,-2.597300e-04,-1.859198e-04,-2.234128e-04,-3.152983e-04,-2.943930e-04,-1.034308e-04,1.498187e-04,3.968135e-04
3.933914e-06,-4.366471e-05,-2.519704e-04,-1.927181e-02,-7.120257e-03,4.706202e-03,1.569884e-02,1.009122e-02,3.402012e-03,3.609015e-04,1.174800e-03,1.799459e-03,2.225968e-03,2.297085e-03,1.842887e-03,1.508995e-03,1.514632e-03,1.683497e-03,1.928047e-03,2.082592e-03,2.271702e-03,2.196605e-03,2.142119e-03,2.203882e-03,2.055736e-03,1.939198e-03,1.821893e-03,1.735277e-03,1.737791e-03,1.769028e-03,1.792438e-03,1.826472e-03,1.847460e-03,1.850662e-03,1.819629e-03,1.773608e-03,1.036849e-02,9.377395e-03,8.408869e-03,7.135643e-03,5.433410e-03,3.487164e-03,1.677473e-03,4.462137e-04,-2.082508e-04,-4.350283e-04,-4.286740e-04,-3.337329e-04,-2.127207e-04,-1.150322e-04,-2.667669e-05,5.490324e-05,1.279353e-04,2.046688e-04,2.605929e-04,2.534137e-04,1.871830e-04,8.832566e-05,2.424761e-05,-8.557914e-07,-9.190107e-06,-5.629647e-06,6.701243e-06,1.894788e-05,2.058145e-05,1.115988e-05,5.741778e-06,6.185048e-06,4.917474e-06,-5.228507e-04,3.507896e-06,5.503731e-04,8.120397e-04,6.835576e-04,5.083096e-04,2.848206e-04,-4.993666e-05,-1.642951e-04,-1.142915e-04,2.524640e-05,1.737864e-04,2.747272e-04,3.244920e-04,3.422771e-04,3.382898e-04,3.180794e-04,2.563638e-04,1.707089e-04,1.026505e-04,3.476528e-05,-1.922977e-05,-9.759034e-06,3.322164e-05,8.236827e-05,1.232371e-04,1.528081e-04,1.752478e-04,1.881481e-04,1.955260e-04,1.945492e-04,1.814746e-04,1.675078e-04,3.383822e-04,1.022144e-04,-1.416833e-04,-3.085062e-04,-3.573432e-04,-3.144416e-04,-2.547412e-04,-2.430188e-04,-2.066454e-04,-1.071204e-04,-3.481574e-05,-5.864202e-05,-7.968765e-05,1.035931e-05,1.529510e-04,2.124719e-04,1.720008e-04,6.280981e-05,-6.105992e-05,-1.393629e-04,-1.798071e-04,-2.021413e-04,-2.433240e-04,-2.329412e-04,-1.376177e-04,-4.984719e-05,-6.290605e-05,-1.047347e-04,-3.215794e-05,1.684453e-04,3.927392e-04,5.928074e-04,7.949401e-04,1.747294e-04,-4.317128e-05,-2.688420e-04,-4.011088e-04,-4.134223e-04,-4.136648e-04,-3.844665e-04,-2.618406e-04,-1.126697e-04,-4.151784e-05,-1.034714e-04,-1.724017e-04,-1.366990e-04,-7.400126e-05,-1.218661e-04,-2.418624e-04,-3.024117e-04,-2.856915e-04,-2.291029e-04,-1.917069e-04,-1.376017e-04,-7.189204e-05,-8.329255e-05,-1.872289e-04,-2.676179e-04,-2.321081e-04,-1.635385e-04,-1.981794e-04,-2.834920e-04,-2.641211e-04,-8.683362e-05,1.480000e-04,3.770508e-04
-5.084515e-06,-4.976034e-05,-2.504612e-04,-1.355038e-02,-5.197107e-03,3.246257e-03,1.009122e-02,1.466798e-02,4.535503e-03,-8.659415e-06,4.268993e-05,9.333729e-04,2.004498e-03,2.574033e-03,2.205571e-03,1.645304e-03,1.423858e-03,1.504527e-03,1.796973e-03,2.000457e-03,2.243225e-03,2.213825e-03,2.152054e-03,2.194067e-03,2.037869e-03,1.919210e-03,1.804860e-03,1.723358e-03,1.729458e-03,1.758809e-03,1.779023e-03,1.811261e-03,1.832953e-03,1.838844e-03,1.810238e-03,1.766384e-03,1.355488e-02,1.165775e-02,9.772502e-03,7.710576e-03,5.415851e-03,3.016409e-03,9.472557e-04,-2.883009e-04,-8.090214e-04,-8.332098e-04,-6.103976e-04,-3.469209e-04,-1.156533e-04,3.277704e-05,1.280176e-04,1.945917e-04,2.398744e-04,2.874548e-04,3.209998e-04,3.000685e-04,2.257041e-04,1.218600e-04,5.519793e-05,2.935220e-05,2.145030e-05,2.570195e-05,3.857776e-05,5.114344e-05,5.342903e-05,4.496447e-05,4.071132e-05,4.243986e-05,4.242359e-05,-5.685412e-03,-4.652537e-03,-3.609480e-03,-2.730134e-03,-2.087464e-03,-1.395357e-03,-7.841331e-04,-4.912813e-04,-1.764280e-04,1.160471e-04,3.368730e-04,4.638190e-04,4.975509e-04,4.593310e-04,4.024796e-04,3.490486e-04,3.117498e-04,2.527348e-04,1.758993e-04,1.164648e-04,5.551327e-05,5.326782e-06,1.629436e-05,5.927364e-05,1.073227e-04,1.468546e-04,1.752512e-04,1.969116e-04,2.096317e-04,2.168426e-04,2.158138e-04,2.025130e-04,1.883099e-04,2.778504e-04,6.326889e-05,-1.574924e-04,-3.150750e-04,-3.697942e-04,-3.292187e-04,-2.674239e-04,-2.612556e-04,-2.309856e-04,-1.374152e-04,-6.926355e-05,-9.354605e-05,-1.131248e-04,-2.196124e-05,1.212436e-04,1.795402e-04,1.375707e-04,2.747923e-05,-9.609629e-05,-1.736393e-04,-2.130047e-04,-2.334221e-04,-2.723524e-04,-2.601110e-04,-1.646067e-04,-7.663786e-05,-8.924467e-05,-1.303605e-04,-5.790075e-05,1.414464e-04,3.648287e-04,5.636821e-04,7.646404e-04,1.142251e-04,-6.864173e-05,-2.573542e-04,-3.735076e-04,-3.966519e-04,-4.255756e-04,-4.233159e-04,-3.066899e-04,-1.554109e-04,-7.683022e-05,-1.283965e-04,-1.886936e-04,-1.496371e-04,-8.582847e-05,-1.346257e-04,-2.574324e-04,-3.229972e-04,-3.113243e-04,-2.567775e-04,-2.184365e-04,-1.624764e-04,-9.473796e-05,-1.040896e-04,-2.055820e-04,-2.841411e-04,-2.489731e-04,-1.809219e-04,-2.156768e-04,-2.998520e-04,-2.801359e-04,-1.029720e-04,1.321777e-04,3.614835e-04
-1.187242e-05,-5.005071e-05,-2.572546e-04,-5.958678e-04,8.232679e-04,2.179990e-03,3.402012e-03,4.535503e-03,7.498631e-03,2.713534e-03,1.622994e-03,8.300727e-04,1.241251e-03,1.897355e-03,2.146238e-03,1.984290e-03,1.775494e-03,1.660296e-03,1.762504e-03,1.968974e-03,2.281460e-03,2.264698e-03,2.197895e-03,2.242548e-03,2.089512e-03,1.963991e-03,1.851760e-03,1.771367e-03,1.775530e-03,1.803507e-03,1.823558e-03,1.856830e-03,1.880778e-03,1.889121e-03,1.861484e-03,1.818165e-03,6.008518e-03,4.997210e-03,3.988914e-03,2.925656e-03,1.799589e-03,6.303541e-04,-2.621412e-04,-5.376746e-04,-4.804909e-04,-2.958207e-04,-8.273152e-05,7.082593e-05,1.557769e-04,1.764117e-04,1.710271e-04,1.759676e-04,2.002400e-04,2.500632e-04,2.967342e-04,2.933585e-04,2.345837e-04,1.407255e-04,7.958049e-05,5.595593e-05,4.840078e-05,5.210816e-05,6.450886e-05,7.670302e-05,7.871551e-05,7.002112e-05,6.569304e-05,6.754139e-05,6.758568e-05,-4.689301e-03,-3.760881e-03,-2.830753e-03,-1.948699e-03,-1.153812e-03,-3.070938e-04,3.807230e-04,6.217994e-04,6.937934e-04,6.496416e-04,5.488586e-04,4.270523e-04,3.328840e-04,2.628545e-04,2.287503e-04,2.214733e-04,2.217691e-04,1.921740e-04,1.415824e-04,1.030673e-04,5.490769e-05,8.905556e-06,1.992338e-05,6.225706e-05,1.094842e-04,1.485802e-04,1.767934e-04,1.984499e-04,2.112070e-04,2.181375e-04,2.165000e-04,2.021725e-04,1.869155e-04,2.586989e-04,6.219540e-05,-1.392297e-04,-2.904760e-04,-3.600618e-04,-3.458965e-04,-3.130464e-04,-3.284063e-04,-2.963217e-04,-1.832671e-04,-9.467906e-05,-1.071665e-04,-1.212217e-04,-2.867988e-05,1.148022e-04,1.695472e-04,1.202685e-04,2.084377e-06,-1.276537e-04,-2.084557e-04,-2.483753e-04,-2.671162e-04,-3.041407e-04,-2.890657e-04,-1.897040e-04,-9.834717e-05,-1.108948e-04,-1.528096e-04,-7.870525e-05,1.253618e-04,3.540724e-04,5.571792e-04,7.625097e-04,1.002836e-04,-6.179166e-05,-2.283503e-04,-3.406733e-04,-3.851580e-04,-4.395547e-04,-4.551724e-04,-3.432890e-04,-1.770100e-04,-7.901240e-05,-1.194315e-04,-1.752823e-04,-1.378095e-04,-7.957621e-05,-1.367916e-04,-2.684113e-04,-3.365103e-04,-3.226495e-04,-2.645482e-04,-2.229479e-04,-1.636866e-04,-9.322980e-05,-1.027451e-04,-2.069491e-04,-2.879411e-04,-2.522621e-04,-1.825688e-04,-2.184254e-04,-3.045535e-04,-2.839497e-04,-1.008662e-04,1.419503e-04,3.787241e-04
-6.697476e-06,-4.275946e-05,-2.345545e-04,5.832823e-03,3.953671e-03,2.079201e-03,3.609015e-04,-8.659415e-06,2.713534e-03,1.021007e-02,5.801896e-03,1.971294e-03,-2.177944e-04,9.193569e-05,1.352761e-03,2.136643e-03,2.246119e-03,1.912184e-03,1.601845e-03,1.726281e-03,2.059601e-03,2.019115e-03,1.961119e-03,2.025395e-03,1.907307e-03,1.789768e-03,1.693750e-03,1.620524e-03,1.617150e-03,1.641807e-03,1.662763e-03,1.694594e-03,1.717104e-03,1.724770e-03,1.699387e-03,1.659920e-03,-1.318074e-03,-1.111849e-03,-9.071990e-04,-6.782921e-04,-4.175475e-04,-2.552884e-04,1.824648e-05,6.160758e-04,1.047094e-03,1.135139e-03,9.956405e-04,7.428751e-04,4.511523e-04,2.020936e-04,2.270116e-05,-5.959010e-05,-4.212858e-05,3.816007e-05,1.265700e-04,1.695645e-04,1.549313e-04,9.674383e-05,5.622993e-05,4.048781e-05,3.416042e-05,3.587376e-05,4.537067e-05,5.512617e-05,5.591599e-05,4.714048e-05,4.235468e-05,4.310292e-05,4.223106e-05,-2.060833e-03,-1.075078e-03,-9.244375e-05,9.198166e-04,1.934249e-03,2.919968e-03,3.508044e-03,3.269851e-03,2.445244e-03,1.442931e-03,6.088673e-04,2.542634e-05,-2.333032e-04,-2.590518e-04,-1.633442e-04,-2.949842e-05,5.913620e-05,8.448442e-05,7.814002e-05,7.224161e-05,4.530958e-05,8.528494e-06,1.632165e-05,5.175530e-05,9.227553e-05,1.267024e-04,1.518704e-04,1.713796e-04,1.826164e-04,1.885095e-04,1.864421e-04,1.728734e-04,1.584670e-04,2.812547e-04,1.092873e-04,-6.641814e-05,-2.058316e-04,-2.880272e-04,-3.015461e-04,-3.047609e-04,-3.477332e-04,-3.190527e-04,-1.922414e-04,-8.292831e-05,-7.441544e-05,-7.697209e-05,7.506722e-06,1.347932e-04,1.805118e-04,1.299429e-04,1.736186e-05,-1.040292e-04,-1.792819e-04,-2.159010e-04,-2.326734e-04,-2.658101e-04,-2.514777e-04,-1.602319e-04,-7.676027e-05,-8.825458e-05,-1.267797e-04,-5.953529e-05,1.263678e-04,3.345364e-04,5.195791e-04,7.066236e-04,1.198512e-04,-1.784971e-05,-1.587159e-04,-2.647270e-04,-3.339006e-04,-4.221160e-04,-4.672474e-04,-3.637668e-04,-1.695578e-04,-3.808441e-05,-5.918026e-05,-1.113467e-04,-9.242066e-05,-5.896509e-05,-1.257857e-04,-2.530442e-04,-3.118473e-04,-2.919219e-04,-2.343290e-04,-1.944084e-04,-1.395596e-04,-7.497620e-05,-8.348819e-05,-1.789848e-04,-2.535165e-04,-2.212122e-04,-1.578878e-04,-1.906366e-04,-2.695594e-04,-2.510287e-04,-8.453740e-05,1.360677e-04,3.512062e-04
8.837451e-06,-4.345674e-05,-2.229430e-04,5.513099e-03,3.997628e-03,2.528905e-03,1.174800e-03,4.268993e-05,1.622994e-03,5.801896e-03,1.173468e-02,5.146095e-03,3.296804e-04,-1.292203e-03,7.519508e-05,1.683343e-03,2.496966e-03,2.407195e-03,1.882013e-03,1.834512e-03,1.998013e-03,1.819877e-03,1.785589e-03,1.908700e-03,1.829588e-03,1.723848e-03,1.627194e-03,1.542914e-03,1.530692e-03,1.559119e-03,1.587080e-03,1.620961e-03,1.641247e-03,1.644603e-03,1.615901e-03,1.574051e-03,-3.927676e-03,-2.720790e-03,-1.515982e-03,-2.671309e-04,1.007460e-03,2.077631e-03,2.944420e-03,3.616743e-03,3.578354e-03,2.854905e-03,1.858908e-03,9.583842e-04,2.431755e-04,-2.072980e-04,-4.337517e-04,-4.840307e-04,-3.851380e-04,-2.139041e-04,-5.202730e-05,4.215451e-05,6.383884e-05,3.123530e-05,4.133807e-06,-7.164202e-06,-1.390999e-05,-1.478727e-05,-8.273610e-06,-1.162811e-06,-2.423536e-06,-1.286171e-05,-1.937833e-05,-2.080284e-05,-2.372530e-05,-9.404051e-04,1.029657e-04,1.142879e-03,2.231456e-03,3.331011e-03,4.261578e-03,4.649997e-03,4.079274e-03,2.637662e-03,1.039047e-03,-1.047847e-04,-7.392712e-04,-8.673485e-04,-6.560041e-04,-3.341720e-04,-3.843001e-05,1.123582e-04,1.402195e-04,1.190100e-04,9.691968e-05,5.750740e-05,1.439197e-05,1.806969e-05,5.244799e-05,9.413005e-05,1.303069e-04,1.567221e-04,1.767354e-04,1.875080e-04,1.929275e-04,1.904880e-04,1.770881e-04,1.629128e-04,4.088312e-04,2.328134e-04,5.357768e-05,-9.675634e-05,-2.050082e-04,-2.613895e-04,-3.084093e-04,-3.676531e-04,-3.218761e-04,-1.613138e-04,-2.144884e-05,2.171400e-06,5.793445e-07,7.287596e-05,1.844693e-04,2.229934e-04,1.728757e-04,6.604588e-05,-4.795158e-05,-1.168724e-04,-1.498246e-04,-1.669435e-04,-2.013559e-04,-1.903289e-04,-1.046079e-04,-2.672878e-05,-3.852076e-05,-7.618292e-05,-1.194478e-05,1.659412e-04,3.651726e-04,5.433979e-04,7.233786e-04,1.161647e-04,-1.504665e-05,-1.490668e-04,-2.553451e-04,-3.374860e-04,-4.322459e-04,-4.846994e-04,-3.911573e-04,-1.712318e-04,-1.038708e-05,-2.417597e-05,-8.375726e-05,-8.242979e-05,-6.815200e-05,-1.422237e-04,-2.652574e-04,-3.147447e-04,-2.876731e-04,-2.288585e-04,-1.912786e-04,-1.409583e-04,-8.042090e-05,-8.808120e-05,-1.792235e-04,-2.499633e-04,-2.188952e-04,-1.586532e-04,-1.896330e-04,-2.654257e-04,-2.485618e-04,-9.277952e-05,1.140804e-04,3.158333e-04
5.529150e-06,-4.725939e-05,-2.059717e-04,3.520273e-03,2.960142e-03,2.428619e-03,1.799459e-03,9.333729e-04,8.300727e-04,1.971294e-03,5.146095e-03,1.010439e-02,3.450846e-03,-3.890631e-04,-1.107804e-03,4.574230e-04,1.887747e-03,2.515880e-03,2.327600e-03,2.127462e-03,1.941748e-03,1.581665e-03,1.580656e-03,1.759975e-03,1.708383e-03,1.623380e-03,1.514704e-03,1.413951e-03,1.401608e-03,1.435829e-03,1.468205e-03,1.503080e-03,1.522117e-03,1.522565e-03,1.491330e-03,1.447817e-03,-5.416197e-03,-3.888658e-03,-2.361986e-03,-8.288386e-04,6.827578e-04,2.025273e-03,3.155847e-03,3.976480e-03,3.977193e-03,2.957581e-03,1.526366e-03,3.594684e-04,-4.207360e-04,-7.798565e-04,-8.236739e-04,-6.993893e-04,-4.737222e-04,-2.206821e-04,-2.018576e-05,7.851967e-05,9.396146e-05,5.721443e-05,2.682329e-05,1.350905e-05,5.701511e-06,3.363309e-06,7.747758e-06,1.215035e-05,9.008526e-06,-2.541633e-06,-1.032088e-05,-1.337109e-05,-1.782317e-05,2.564102e-03,2.564464e-03,2.563340e-03,2.571194e-03,2.552152e-03,2.376179e-03,1.835331e-03,7.636174e-04,-5.931771e-04,-1.539343e-03,-1.755463e-03,-1.504773e-03,-1.038481e-03,-4.671006e-04,1.569474e-05,3.351441e-04,4.342305e-04,3.756564e-04,2.626624e-04,1.655212e-04,7.788150e-05,1.574825e-05,1.630058e-05,5.425541e-05,1.020144e-04,1.429314e-04,1.723271e-04,1.934376e-04,2.043334e-04,2.091628e-04,2.062348e-04,1.927378e-04,1.785329e-04,3.712258e-04,2.125693e-04,5.083928e-05,-8.162731e-05,-1.756126e-04,-2.353841e-04,-2.982164e-04,-3.711192e-04,-3.459943e-04,-1.804860e-04,-1.932638e-05,1.721527e-05,1.540036e-05,7.166774e-05,1.604079e-04,1.855092e-04,1.345601e-04,3.556308e-05,-6.638051e-05,-1.239811e-04,-1.490577e-04,-1.619042e-04,-1.927216e-04,-1.823660e-04,-1.036326e-04,-3.215131e-05,-4.338029e-05,-7.827145e-05,-1.851481e-05,1.462789e-04,3.313475e-04,4.969646e-04,6.641954e-04,6.910377e-05,-6.597600e-05,-2.040148e-04,-3.083664e-04,-3.742690e-04,-4.299063e-04,-4.351907e-04,-3.180488e-04,-1.118719e-04,7.389683e-06,-4.593892e-05,-1.280321e-04,-1.288127e-04,-1.085660e-04,-1.657122e-04,-2.694930e-04,-3.093979e-04,-2.817875e-04,-2.260354e-04,-1.918119e-04,-1.475166e-04,-9.401665e-05,-1.028975e-04,-1.879045e-04,-2.530227e-04,-2.243884e-04,-1.684633e-04,-1.968437e-04,-2.661513e-04,-2.501161e-04,-1.060304e-04,8.583622e-05,2.729293e-04
-1.747869e-06,-4.859159e-05,-2.018602e-04,1.062767e-03,1.577098e-03,2.087446e-03,2.225968e-03,2.004498e-03,1.241251e-03,-2.177944e-04,3.296804e-04,3.450846e-03,8.949984e-03,3.174513e-03,-1.822706e-04,-6.949932e-04,5.848108e-04,1.861453e-03,2.469515e-03,2.335052e-03,1.964374e-03,1.604174e-03,1.614587e-03,1.765160e-03,1.672868e-03,1.597121e-03,1.473655e-03,1.370869e-03,1.374089e-03,1.412311e-03,1.440206e-03,1.471690e-03,1.487969e-03,1.486046e-03,1.453677e-03,1.408961e-03,-2.221667e-03,-1.560262e-03,-8.975502e-04,-2.829477e-04,2.388400e-04,6.390873e-04,8.875321e-04,9.211786e-04,5.534986e-04,-2.424306e-04,-9.947740e-04,-1.306251e-03,-1.285509e-03,-1.056433e-03,-6.933555e-04,-3.462636e-04,-6.878677e-05,1.438215e-04,2.666333e-04,2.747994e-04,2.099450e-04,1.170969e-04,5.571372e-05,3.077381e-05,2.216042e-05,2.353356e-05,3.171796e-05,3.880979e-05,3.758521e-05,2.752616e-05,2.095490e-05,1.917175e-05,1.597678e-05,2.371656e-03,1.969632e-03,1.569014e-03,1.121417e-03,5.824899e-04,-7.794806e-05,-8.885196e-04,-1.850084e-03,-2.780171e-03,-3.057876e-03,-2.335357e-03,-1.188024e-03,-2.657654e-04,3.859522e-04,7.342207e-04,8.392822e-04,7.822489e-04,6.111781e-04,3.990684e-04,2.224553e-04,8.414685e-05,2.441489e-06,2.948140e-06,4.541436e-05,9.821799e-05,1.421355e-04,1.734405e-04,1.956140e-04,2.077900e-04,2.139411e-04,2.127316e-04,2.011040e-04,1.887684e-04,3.189215e-04,1.580335e-04,-6.214451e-06,-1.356734e-04,-2.161326e-04,-2.608720e-04,-3.006456e-04,-3.386876e-04,-2.970187e-04,-1.495587e-04,-2.439387e-05,-2.158787e-05,-4.173430e-05,1.353703e-05,1.053313e-04,1.366670e-04,9.638928e-05,7.915250e-06,-8.615236e-05,-1.391108e-04,-1.628752e-04,-1.760695e-04,-2.076507e-04,-1.990895e-04,-1.235197e-04,-5.400008e-05,-6.499976e-05,-9.863103e-05,-3.965435e-05,1.219551e-04,3.035908e-04,4.657365e-04,6.295203e-04,5.209254e-05,-9.139296e-05,-2.383402e-04,-3.411170e-04,-3.854454e-04,-4.043869e-04,-3.776797e-04,-2.564548e-04,-6.054184e-05,4.418323e-05,-4.890380e-05,-1.724301e-04,-1.789484e-04,-1.406073e-04,-1.722187e-04,-2.553312e-04,-2.929120e-04,-2.718682e-04,-2.207814e-04,-1.887000e-04,-1.467575e-04,-9.659941e-05,-1.078167e-04,-1.920246e-04,-2.558514e-04,-2.276911e-04,-1.724784e-04,-1.999851e-04,-2.671325e-04,-2.508581e-04,-1.086194e-04,8.085046e-05,2.655826e-04
-1.914978e-05,-4.217274e-05,-2.035505e-04,7.428702e-05,9.662592e-04,1.837846e-03,2.297085e-03,2.574033e-03,1.897355e-03,9.193569e-05,-1.292203e-03,-3.890631e-04,3.174513e-03,8.934614e-03,3.093760e-03,-1.254373e-04,-7.275979e-04,5.251481e-04,1.851748e-03,2.041362e-03,1.922043e-03,1.850993e-03,1.814255e-03,1.827074e-03,1.655811e-03,1.575529e-03,1.459014e-03,1.381222e-03,1.401839e-03,1.430274e-03,1.442760e-03,1.467872e-03,1.485449e-03,1.489516e-03,1.465227e-03,1.428205e-03,1.640417e-03,1.399821e-03,1.161542e-03,8.590617e-04,4.519132e-04,-9.747554e-06,-5.324754e-04,-1.144068e-03,-1.879614e-03,-2.691490e-03,-3.010735e-03,-2.432308e-03,-1.441440e-03,-5.789859e-04,9.220073e-05,5.043713e-04,6.603262e-04,6.871856e-04,6.412600e-04,5.222777e-04,3.644580e-04,2.084840e-04,1.129679e-04,7.491540e-05,6.529426e-05,7.130264e-05,8.492844e-05,9.718074e-05,1.003896e-04,9.448016e-05,9.175892e-05,9.408334e-05,9.493796e-05,-2.725799e-04,-3.381105e-04,-4.008993e-04,-5.275950e-04,-7.548160e-04,-1.040240e-03,-1.306369e-03,-1.437138e-03,-1.316079e-03,-7.937786e-04,1.822560e-04,1.153432e-03,1.569946e-03,1.546652e-03,1.297882e-03,9.669679e-04,7.250126e-04,5.183960e-04,3.164733e-04,1.582096e-04,3.977179e-05,-2.603991e-05,-1.372271e-05,3.140510e-05,8.091990e-05,1.195228e-04,1.464167e-04,1.657473e-04,1.773465e-04,1.837990e-04,1.835810e-04,1.731662e-04,1.620056e-04,2.055459e-04,5.015775e-05,-1.088389e-04,-2.291279e-04,-2.934549e-04,-3.196094e-04,-3.345963e-04,-3.443450e-04,-2.839888e-04,-1.325216e-04,-2.606702e-05,-7.150319e-05,-1.380205e-04,-9.422026e-05,6.707915e-06,5.233495e-05,2.817155e-05,-4.871591e-05,-1.382565e-04,-1.930868e-04,-2.204488e-04,-2.344196e-04,-2.650059e-04,-2.553525e-04,-1.792566e-04,-1.080275e-04,-1.181935e-04,-1.507288e-04,-9.163996e-05,6.989706e-05,2.511302e-04,4.115243e-04,5.737561e-04,6.889854e-05,-7.156293e-05,-2.158962e-04,-3.110861e-04,-3.382859e-04,-3.364944e-04,-2.989271e-04,-2.009287e-04,-6.754154e-05,-1.064133e-05,-1.071859e-04,-2.131082e-04,-1.859945e-04,-1.111094e-04,-1.221900e-04,-1.998449e-04,-2.512288e-04,-2.477737e-04,-2.058682e-04,-1.744695e-04,-1.295428e-04,-7.735968e-05,-8.897000e-05,-1.730666e-04,-2.373813e-04,-2.089761e-04,-1.531679e-04,-1.809970e-04,-2.480138e-04,-2.308923e-04,-8.454801e-05,1.095722e-04,2.988328e-04
-3.835030e-06,-3.543983e-05,-2.044111e-04,9.405353e-04,1.340053e-03,1.708713e-03,1.842887e-03,2.205571e-03,2.146238e-03,1.352761e-03,7.519508e-05,-1.107804e-03,-1.822706e-04,3.093760e-03,8.887870e-03,3.245775e-03,9.074610e-05,-8.416047e-04,2.698999e-04,9.999923e-04,1.723678e-03,2.146176e-03,2.003564e-03,1.840728e-03,1.630986e-03,1.524477e-03,1.448309e-03,1.419075e-03,1.438715e-03,1.447876e-03,1.447463e-03,1.465986e-03,1.483098e-03,1.493610e-03,1.480106e-03,1.453996e-03,2.445469e-03,1.924607e-03,1.405639e-03,8.384336e-04,2.068735e-04,-4.044281e-04,-9.434825e-04,-1.360030e-03,-1.586152e-03,-1.596629e-03,-1.194062e-03,-2.310627e-04,7.578901e-04,1.259675e-03,1.385777e-03,1.295151e-03,1.039344e-03,7.714319e-04,5.650845e-04,4.026326e-04,2.516871e-04,1.105349e-04,2.757064e-05,-3.438282e-06,-9.778226e-06,-9.491138e-07,1.562982e-05,3.225006e-05,3.957834e-05,3.764305e-05,3.895856e-05,4.527057e-05,5.015051e-05,-1.641393e-03,-1.419989e-03,-1.196327e-03,-1.020979e-03,-9.096196e-04,-7.754080e-04,-5.281229e-04,-5.889533e-05,6.991760e-04,1.641456e-03,2.651264e-03,3.216527e-03,2.840665e-03,1.882318e-03,9.597130e-04,2.902340e-04,7.603777e-06,-5.873324e-05,-5.944133e-05,-3.266427e-05,-1.664924e-05,-1.617844e-05,1.394593e-05,5.179453e-05,8.361802e-05,1.063814e-04,1.217174e-04,1.345408e-04,1.430161e-04,1.490567e-04,1.495481e-04,1.406728e-04,1.310311e-04,2.356830e-04,9.052850e-05,-5.835969e-05,-1.691028e-04,-2.215949e-04,-2.326430e-04,-2.328189e-04,-2.377495e-04,-1.951544e-04,-8.769788e-05,-2.267825e-05,-8.719562e-05,-1.496865e-04,-7.821804e-05,5.736303e-05,1.268885e-04,1.167900e-04,4.419579e-05,-5.152575e-05,-1.200482e-04,-1.605194e-04,-1.835970e-04,-2.195996e-04,-2.122671e-04,-1.353918e-04,-6.363736e-05,-7.342836e-05,-1.063851e-04,-4.707584e-05,1.156087e-04,2.974362e-04,4.591473e-04,6.226008e-04,4.320094e-05,-7.492266e-05,-1.970476e-04,-2.714620e-04,-2.799480e-04,-2.690089e-04,-2.340865e-04,-1.544236e-04,-5.781927e-05,-3.512133e-05,-1.481611e-04,-2.467110e-04,-1.829500e-04,-5.929538e-05,-4.974144e-05,-1.293459e-04,-1.978341e-04,-2.166268e-04,-1.931938e-04,-1.722981e-04,-1.289342e-04,-7.155922e-05,-7.585892e-05,-1.551551e-04,-2.170035e-04,-1.867888e-04,-1.308404e-04,-1.593709e-04,-2.287599e-04,-2.132532e-04,-6.888294e-05,1.224367e-04,3.090166e-04
7.698123e-06,-3.788874e-05,-2.013088e-04,1.953276e-03,1.859191e-03,1.740019e-03,1.508995e-03,1.645304e-03,1.984290e-03,2.136643e-03,1.683343e-03,4.574230e-04,-6.949932e-04,-1.254373e-04,3.245775e-03,8.924445e-03,3.291663e-03,-2.561992e-04,-1.277388e-03,-2.540904e-04,1.400492e-03,2.219031e-03,2.053386e-03,1.802447e-03,1.566386e-03,1.405941e-03,1.387786e-03,1.422915e-03,1.448174e-03,1.446920e-03,1.434089e-03,1.438589e-03,1.447675e-03,1.459574e-03,1.452536e-03,1.432719e-03,1.220794e-03,9.472480e-04,6.747763e-04,3.734219e-04,3.711208e-05,-2.824953e-04,-5.132995e-04,-5.559468e-04,-3.230538e-04,2.352816e-04,1.113257e-03,2.292378e-03,3.125489e-03,2.984322e-03,2.222215e-03,1.461665e-03,8.638376e-04,4.454339e-04,2.108402e-04,1.052779e-04,3.699764e-05,-3.432265e-05,-7.138966e-05,-7.855154e-05,-7.347734e-05,-5.796975e-05,-3.628602e-05,-1.430627e-05,-1.942618e-06,9.632460e-07,7.343399e-06,1.879928e-05,2.883103e-05,-1.432260e-03,-1.106533e-03,-7.796435e-04,-4.812063e-04,-2.214369e-04,6.518940e-05,4.009305e-04,7.898683e-04,1.226800e-03,1.549002e-03,1.664475e-03,1.439234e-03,7.314300e-04,-1.709349e-04,-7.619775e-04,-9.760480e-04,-8.673620e-04,-5.982322e-04,-3.100720e-04,-7.213968e-05,6.651390e-05,1.023412e-04,1.140509e-04,1.193814e-04,1.185050e-04,1.193124e-04,1.220753e-04,1.301440e-04,1.388193e-04,1.484038e-04,1.539379e-04,1.508967e-04,1.470554e-04,2.815299e-04,1.389263e-04,-7.305652e-06,-1.177103e-04,-1.713314e-04,-1.786997e-04,-1.721802e-04,-1.740212e-04,-1.368632e-04,-5.321451e-05,-1.809440e-05,-1.042619e-04,-1.732544e-04,-7.189287e-05,1.131198e-04,2.099262e-04,2.003047e-04,1.183404e-04,1.079485e-05,-7.027705e-05,-1.200032e-04,-1.482969e-04,-1.858937e-04,-1.779403e-04,-1.001087e-04,-2.854753e-05,-3.773373e-05,-7.062219e-05,-1.190639e-05,1.491152e-04,3.291223e-04,4.900443e-04,6.525728e-04,1.468858e-05,-8.833231e-05,-1.950709e-04,-2.588506e-04,-2.675189e-04,-2.704562e-04,-2.587945e-04,-2.015013e-04,-1.184668e-04,-8.763593e-05,-1.568750e-04,-2.141756e-04,-1.456985e-04,-3.748886e-05,-5.423425e-05,-1.561107e-04,-2.277305e-04,-2.439433e-04,-2.211219e-04,-2.001958e-04,-1.540634e-04,-9.011875e-05,-8.602866e-05,-1.597159e-04,-2.186500e-04,-1.890508e-04,-1.351385e-04,-1.644714e-04,-2.344149e-04,-2.204191e-04,-8.067119e-05,1.051258e-04,2.863172e-04
1.231094e-05,-4.877968e-05,-2.004502e-04,2.360179e-03,2.119610e-03,1.865794e-03,1.514632e-03,1.423858e-03,1.775494e-03,2.246119e-03,2.496966e-03,1.887747e-03,5.848108e-04,-7.275979e-04,9.074610e-05,3.291663e-03,8.761525e-03,3.034630e-03,-2.250597e-04,-2.447758e-04,1.343925e-03,1.886302e-03,1.789857e-03,1.705558e-03,1.570120e-03,1.420198e-03,1.428171e-03,1.439738e-03,1.426300e-03,1.421307e-03,1.421979e-03,1.436795e-03,1.455129e-03,1.474180e-03,1.469355e-03,1.452074e-03,-9.440216e-05,-2.059729e-05,5.380628e-05,1.085774e-04,1.336234e-04,1.328442e-04,1.611454e-04,2.998361e-04,5.669922e-04,9.516198e-04,1.347372e-03,1.701586e-03,1.776791e-03,1.264248e-03,3.725193e-04,-2.762585e-04,-5.151701e-04,-5.155226e-04,-3.980711e-04,-2.366212e-04,-1.183947e-04,-7.531008e-05,-5.835107e-05,-5.244650e-05,-5.361039e-05,-5.223278e-05,-4.328657e-05,-3.107780e-05,-2.507210e-05,-2.647504e-05,-2.338716e-05,-1.545358e-05,-8.909821e-06,-7.447411e-04,-4.265002e-04,-1.077845e-04,1.923686e-04,4.578360e-04,7.105404e-04,9.092289e-04,9.881625e-04,9.327844e-04,6.322392e-04,1.502310e-05,-8.859747e-04,-1.967844e-03,-2.716148e-03,-2.607788e-03,-1.942778e-03,-1.322816e-03,-8.054721e-04,-3.675223e-04,-4.322350e-05,1.337319e-04,1.743326e-04,1.751117e-04,1.738637e-04,1.705499e-04,1.717896e-04,1.744298e-04,1.814256e-04,1.869005e-04,1.917377e-04,1.912773e-04,1.815464e-04,1.710524e-04,3.267396e-04,1.806025e-04,3.097047e-05,-8.453334e-05,-1.465643e-04,-1.620486e-04,-1.648049e-04,-1.784833e-04,-1.526027e-04,-7.464123e-05,-2.878316e-05,-7.678788e-05,-1.160985e-04,-1.801444e-05,1.614480e-04,2.483810e-04,2.179441e-04,1.180533e-04,3.757496e-06,-7.516463e-05,-1.185682e-04,-1.411173e-04,-1.742651e-04,-1.625656e-04,-8.283842e-05,-1.130485e-05,-2.110653e-05,-5.507086e-05,3.331477e-06,1.641303e-04,3.447622e-04,5.069239e-04,6.705872e-04,-2.678411e-05,-1.267774e-04,-2.302156e-04,-2.934046e-04,-3.088267e-04,-3.238256e-04,-3.238169e-04,-2.702618e-04,-1.813285e-04,-1.358327e-04,-1.713019e-04,-1.864876e-04,-9.369231e-05,2.182055e-07,-7.572751e-05,-2.432948e-04,-3.241651e-04,-3.214005e-04,-2.819177e-04,-2.495560e-04,-1.958981e-04,-1.260114e-04,-1.172002e-04,-1.893117e-04,-2.476454e-04,-2.194465e-04,-1.667914e-04,-1.967510e-04,-2.665308e-04,-2.527082e-04,-1.147633e-04,6.968174e-05,2.495105e-04
