5.150692e-04,-1.042968e-05,-2.840674e-06,4.244990e-05,4.456371e-05,4.678502e-05,4.761884e-05,4.579349e-05,4.126069e-05,3.353903e-05,2.371556e-05,1.235957e-05,5.170276e-07,-6.185351e-06,-8.670658e-06,-6.411723e-06,-5.349615e-07,6.042760e-06,1.264214e-05,1.969378e-05,2.785071e-05,3.795927e-05,4.834985e-05,5.813672e-05,6.653911e-05,7.236886e-05,7.528200e-05,7.530315e-05,7.247487e-05,6.665293e-05,5.773335e-05,4.509975e-05,2.891904e-05,1.141831e-05,-6.607865e-06,-2.448834e-05,-1.762578e-03,-1.758511e-03,-1.754444e-03,-1.750376e-03,-1.746315e-03,-1.742172e-03,-1.738087e-03,-1.733690e-03,-1.728892e-03,-1.723424e-03,-1.717258e-03,-1.710982e-03,-1.705508e-03,-1.701092e-03,-1.698115e-03,-1.696453e-03,-1.695856e-03,-1.696088e-03,-1.696894e-03,-1.698078e-03,-1.699731e-03,-1.701763e-03,-1.704153e-03,-1.706691e-03,-1.709854e-03,-1.713513e-03,-1.717363e-03,-1.721416e-03,-1.725453e-03,-1.729409e-03,-1.733256e-03,-1.737193e-03,-1.741110e-03,3.376771e-05,4.102818e-05,4.829394e-05,5.542258e-05,6.209920e-05,6.798727e-05,7.260477e-05,7.571980e-05,7.706591e-05,7.639340e-05,7.372243e-05,6.979639e-05,6.518396e-05,6.031012e-05,5.552903e-05,5.107052e-05,4.714291e-05,4.394675e-05,4.158851e-05,4.008884e-05,3.919517e-05,3.881856e-05,3.884740e-05,3.917154e-05,3.968017e-05,4.024869e-05,4.074266e-05,4.131849e-05,4.186600e-05,4.242359e-05,4.285360e-05,4.324084e-05,4.364303e-05,2.502168e-03,2.426939e-03,2.351617e-03,2.276327e-03,2.203195e-03,2.133450e-03,2.070400e-03,2.014634e-03,1.967001e-03,1.926698e-03,1.894373e-03,1.872589e-03,1.864171e-03,1.867395e-03,1.880720e-03,1.898868e-03,1.915054e-03,1.925478e-03,1.929410e-03,1.925387e-03,1.914979e-03,1.898817e-03,1.877998e-03,1.852304e-03,1.823074e-03,1.789289e-03,1.749899e-03,1.707281e-03,1.663278e-03,1.619635e-03,1.575859e-03,1.533420e-03,1.490832e-03,-1.920936e-04,-1.797496e-04,-1.674304e-04,-1.546445e-04,-1.401757e-04,-1.234585e-04,-1.054028e-04,-8.814029e-05,-7.323996e-05,-6.217894e-05,-5.519601e-05,-5.063308e-05,-4.838360e-05,-4.828232e-05,-4.915247e-05,-5.118970e-05,-5.223460e-05,-5.068151e-05,-4.450310e-05,-3.294933e-05,-1.728039e-05,5.138761e-07,1.858513e-05,3.507717e-05,4.771609e-05,5.369394e-05,5.125738e-05,4.028241e-05,2.179057e-05,-9.819211e-07,-2.678007e-05,-5.367792e-05,-8.037981e-05
-1.042968e-05,4.570659e-04,-1.861232e-06,-9.387479e-05,-9.424734e-05,-9.425550e-05,-9.446779e-05,-9.368735e-05,-9.133012e-05,-8.722630e-05,-8.192404e-05,-7.679357e-05,-7.074630e-05,-6.708802e-05,-6.344957e-05,-5.990505e-05,-5.660422e-05,-5.202638e-05,-4.706390e-05,-4.515135e-05,-4.540803e-05,-4.761624e-05,-5.117790e-05,-5.646882e-05,-6.237124e-05,-6.809857e-05,-7.299668e-05,-7.658180e-05,-7.714377e-05,-7.387389e-05,-6.846829e-05,-6.082260e-05,-5.143909e-05,-4.297573e-05,-3.359530e-05,-2.390872e-05,1.518481e-04,1.440596e-04,1.362708e-04,1.284824e-04,1.206813e-04,1.129917e-04,1.053850e-04,9.788800e-05,9.026940e-05,8.209608e-05,7.316981e-05,6.384183e-05,5.463027e-05,4.592146e-05,3.811545e-05,3.128777e-05,2.555783e-05,2.102776e-05,1.783968e-05,1.602554e-05,1.530817e-05,1.540495e-05,1.603046e-05,1.691380e-05,1.785427e-05,1.884550e-05,1.960051e-05,2.001856e-05,1.981162e-05,1.899053e-05,1.773348e-05,1.634353e-05,1.497929e-05,-1.588674e-03,-1.579525e-03,-1.570349e-03,-1.561003e-03,-1.551726e-03,-1.542373e-03,-1.533019e-03,-1.523581e-03,-1.513988e-03,-1.504187e-03,-1.494312e-03,-1.485133e-03,-1.476965e-03,-1.470127e-03,-1.464500e-03,-1.460222e-03,-1.456831e-03,-1.454680e-03,-1.453878e-03,-1.454028e-03,-1.455180e-03,-1.457359e-03,-1.460596e-03,-1.464924e-03,-1.470364e-03,-1.476979e-03,-1.484539e-03,-1.493028e-03,-1.502094e-03,-1.511229e-03,-1.520099e-03,-1.528682e-03,-1.537242e-03,-1.368600e-04,-1.286847e-04,-1.205176e-04,-1.120356e-04,-1.024156e-04,-9.109589e-05,-7.871410e-05,-6.696172e-05,-5.733262e-05,-5.098456e-05,-4.811095e-05,-4.753654e-05,-4.916971e-05,-5.248830e-05,-5.615687e-05,-5.995419e-05,-6.230295e-05,-6.214908e-05,-5.802100e-05,-4.929158e-05,-3.683082e-05,-2.229880e-05,-7.226524e-06,6.902354e-06,1.848783e-05,2.543580e-05,2.629111e-05,2.081357e-05,9.541049e-06,-5.378535e-06,-2.274583e-05,-4.087078e-05,-5.885451e-05,1.917279e-03,1.905459e-03,1.893512e-03,1.880573e-03,1.865855e-03,1.846056e-03,1.820592e-03,1.787653e-03,1.748927e-03,1.707199e-03,1.667108e-03,1.635440e-03,1.614835e-03,1.608033e-03,1.614188e-03,1.633376e-03,1.661125e-03,1.693269e-03,1.725773e-03,1.753502e-03,1.774596e-03,1.786459e-03,1.786752e-03,1.772757e-03,1.745614e-03,1.707644e-03,1.659702e-03,1.605730e-03,1.548168e-03,1.488214e-03,1.427656e-03,1.365479e-03,1.303330e-03
-2.840674e-06,-1.861232e-06,1.257924e-04,-9.908253e-04,-9.796802e-04,-9.683733e-04,-9.558549e-04,-9.435815e-04,-9.292818e-04,-9.143134e-04,-8.956809e-04,-8.731859e-04,-8.458485e-04,-8.164115e-04,-7.927580e-04,-7.799300e-04,-7.800973e-04,-7.924453e-04,-8.143765e-04,-8.385653e-04,-8.611474e-04,-8.805621e-04,-8.930959e-04,-9.004048e-04,-9.019938e-04,-8.982079e-04,-8.875333e-04,-8.722745e-04,-8.528691e-04,-8.278963e-04,-8.014171e-04,-7.756999e-04,-7.517238e-04,-7.289114e-04,-7.064390e-04,-6.838139e-04,1.370789e-05,1.244429e-05,1.118233e-05,9.914203e-06,8.668437e-06,7.244807e-06,5.433081e-06,3.499522e-06,1.964402e-06,9.519158e-07,6.883415e-07,1.289091e-06,2.783638e-06,4.786915e-06,6.870065e-06,8.942213e-06,1.099733e-05,1.297981e-05,1.483451e-05,1.661053e-05,1.826385e-05,1.957037e-05,2.037323e-05,2.034689e-05,1.895203e-05,1.628474e-05,1.269841e-05,8.585339e-06,4.190208e-06,-2.554523e-07,-4.784752e-06,-9.383258e-06,-1.396783e-05,2.351270e-05,2.203693e-05,2.054731e-05,1.939336e-05,1.877411e-05,1.838269e-05,1.801621e-05,1.775648e-05,1.765195e-05,1.776724e-05,1.807503e-05,1.872234e-05,1.955543e-05,2.029531e-05,2.112707e-05,2.232964e-05,2.359227e-05,2.440282e-05,2.472045e-05,2.483524e-05,2.491564e-05,2.496376e-05,2.501274e-05,2.508081e-05,2.519820e-05,2.541345e-05,2.552902e-05,2.530979e-05,2.473439e-05,2.396687e-05,2.309456e-05,2.223352e-05,2.138402e-05,-1.925241e-05,-1.669831e-05,-1.415213e-05,-1.155102e-05,-9.024813e-06,-6.058125e-06,-2.188347e-06,1.858136e-06,4.438188e-06,5.252546e-06,4.540918e-06,1.676203e-06,-3.649133e-06,-9.199288e-06,-1.231066e-05,-1.275782e-05,-1.115540e-05,-7.975598e-06,-3.585903e-06,8.532980e-07,4.467015e-06,7.098154e-06,8.314318e-06,8.256287e-06,7.722898e-06,5.841980e-06,1.058281e-06,-7.936671e-06,-2.189798e-05,-4.063625e-05,-6.144458e-05,-8.222603e-05,-1.029979e-04,5.502054e-08,5.400148e-06,1.082892e-05,1.504262e-05,1.743422e-05,1.882408e-05,1.986963e-05,2.029082e-05,2.007549e-05,1.919091e-05,1.694861e-05,1.319478e-05,9.503514e-06,8.004509e-06,7.450272e-06,5.996366e-06,3.997158e-06,3.110792e-06,3.510039e-06,4.032988e-06,4.036276e-06,3.391641e-06,1.860756e-06,-8.056303e-07,-4.683178e-06,-9.928537e-06,-1.556942e-05,-2.080842e-05,-2.580382e-05,-3.260922e-05,-4.235226e-05,-5.338995e-05,-6.431627e-05
4.244990e-05,-9.387479e-05,-9.908253e-04,8.257241e-02,6.203891e-02,4.373894e-02,2.899359e-02,1.794078e-02,1.033842e-02,5.604181e-03,3.045385e-03,2.029175e-03,1.996257e-03,2.520638e-03,3.336063e-03,4.231680e-03,5.084297e-03,5.814407e-03,6.405501e-03,6.845152e-03,7.152988e-03,7.353142e-03,7.448062e-03,7.469761e-03,7.426345e-03,7.334814e-03,7.193236e-03,7.018350e-03,6.814776e-03,6.574930e-03,6.331944e-03,6.101121e-03,5.886397e-03,5.682930e-03,5.484014e-03,5.283719e-03,2.932251e-03,2.522627e-03,2.112870e-03,1.703382e-03,1.289877e-03,8.905279e-04,5.297764e-04,2.158405e-04,-4.527200e-05,-2.550463e-04,-4.215402e-04,-5.441354e-04,-6.235087e-04,-6.698737e-04,-6.944862e-04,-7.018089e-04,-6.942646e-04,-6.744450e-04,-6.447606e-04,-6.087422e-04,-5.685396e-04,-5.241604e-04,-4.764183e-04,-4.241623e-04,-3.634827e-04,-2.952642e-04,-2.221360e-04,-1.467743e-04,-7.035718e-05,5.957905e-06,8.278943e-05,1.602307e-04,2.375522e-04,-4.097894e-03,-3.324221e-03,-2.544449e-03,-1.860756e-03,-1.315796e-03,-8.844557e-04,-5.438060e-04,-2.820074e-04,-8.547419e-05,5.836898e-05,1.682921e-04,2.549033e-04,3.192139e-04,3.594843e-04,3.804999e-04,3.881782e-04,3.877714e-04,3.855040e-04,3.821528e-04,3.748582e-04,3.626253e-04,3.464423e-04,3.269153e-04,3.048270e-04,2.809121e-04,2.557702e-04,2.317057e-04,2.110769e-04,1.941576e-04,1.795669e-04,1.663892e-04,1.533396e-04,1.401858e-04,7.432689e-05,9.484400e-05,1.155352e-04,1.359750e-04,1.587958e-04,1.764199e-04,1.796262e-04,1.725469e-04,1.660917e-04,1.634555e-04,1.647773e-04,1.748297e-04,1.972057e-04,2.186798e-04,2.224372e-04,2.076269e-04,1.786053e-04,1.389172e-04,9.115380e-05,4.446165e-05,6.045552e-06,-2.263852e-05,-3.789816e-05,-4.076948e-05,-3.757324e-05,-2.134500e-05,2.011380e-05,9.694320e-05,2.146804e-04,3.711015e-04,5.444478e-04,7.177843e-04,8.910101e-04,8.607303e-04,5.654864e-04,2.677581e-04,6.531341e-06,-1.956272e-04,-3.461722e-04,-4.575265e-04,-5.313256e-04,-5.737104e-04,-5.903109e-04,-5.828324e-04,-5.570697e-04,-5.276067e-04,-5.110746e-04,-5.004348e-04,-4.842456e-04,-4.653903e-04,-4.570230e-04,-4.597040e-04,-4.629115e-04,-4.611501e-04,-4.529011e-04,-4.358212e-04,-4.073688e-04,-3.673063e-04,-3.150874e-04,-2.586167e-04,-2.050218e-04,-1.534163e-04,-8.759761e-05,1.118535e-06,1.002768e-04,1.985619e-04
4.456371e-05,-9.424734e-05,-9.796802e-04,6.203891e-02,5.040609e-02,3.823538e-02,2.774518e-02,1.924805e-02,1.296173e-02,8.654750e-03,5.966832e-03,4.513292e-03,3.909242e-03,3.848299e-03,4.133617e-03,4.603314e-03,5.148000e-03,5.682091e-03,6.166030e-03,6.560597e-03,6.860977e-03,7.076108e-03,7.196476e-03,7.248130e-03,7.236240e-03,7.173816e-03,7.057106e-03,6.905184e-03,6.722771e-03,6.500682e-03,6.270888e-03,6.049560e-03,5.842714e-03,5.646479e-03,5.453995e-03,5.260180e-03,1.407110e-03,1.167049e-03,9.268491e-04,6.869955e-04,4.433836e-04,2.141469e-04,2.160308e-05,-1.333344e-04,-2.553047e-04,-3.472104e-04,-4.154731e-04,-4.604753e-04,-4.833828e-04,-4.908197e-04,-4.900168e-04,-4.834525e-04,-4.720352e-04,-4.567656e-04,-4.385132e-04,-4.190536e-04,-3.990199e-04,-3.772410e-04,-3.532244e-04,-3.248019e-04,-2.875741e-04,-2.421475e-04,-1.910181e-04,-1.369264e-04,-8.127021e-05,-2.545392e-05,3.097975e-05,8.800736e-05,1.449174e-04,-2.165716e-03,-1.647066e-03,-1.123438e-03,-6.782665e-04,-3.460229e-04,-1.008700e-04,8.026870e-05,2.056615e-04,2.864742e-04,3.330647e-04,3.588171e-04,3.714585e-04,3.725860e-04,3.621218e-04,3.435232e-04,3.209942e-04,2.984351e-04,2.803014e-04,2.666987e-04,2.546561e-04,2.427043e-04,2.310444e-04,2.195600e-04,2.082825e-04,1.971810e-04,1.860858e-04,1.766680e-04,1.708437e-04,1.686282e-04,1.685230e-04,1.695839e-04,1.706679e-04,1.716512e-04,1.305460e-04,1.400602e-04,1.497391e-04,1.590477e-04,1.704368e-04,1.758981e-04,1.664586e-04,1.478035e-04,1.335732e-04,1.270395e-04,1.276546e-04,1.401210e-04,1.677121e-04,1.960134e-04,2.071203e-04,1.996921e-04,1.777724e-04,1.446625e-04,1.027989e-04,6.103396e-05,2.639516e-05,3.364103e-07,-1.351148e-05,-1.613358e-05,-1.364215e-05,9.884165e-07,3.997298e-05,1.134984e-04,2.272159e-04,3.790772e-04,5.476385e-04,7.162003e-04,8.846511e-04,5.378933e-04,2.993986e-04,5.876645e-05,-1.503417e-04,-3.081360e-04,-4.229601e-04,-5.068734e-04,-5.600472e-04,-5.873960e-04,-5.936973e-04,-5.792732e-04,-5.487020e-04,-5.163154e-04,-4.990379e-04,-4.892504e-04,-4.749430e-04,-4.584973e-04,-4.523698e-04,-4.569778e-04,-4.619718e-04,-4.619091e-04,-4.552441e-04,-4.396240e-04,-4.125049e-04,-3.736167e-04,-3.223595e-04,-2.665408e-04,-2.132444e-04,-1.616631e-04,-9.584831e-05,-7.284162e-06,9.164551e-05,1.897112e-04
4.678502e-05,-9.425550e-05,-9.683733e-04,4.373894e-02,3.823538e-02,3.292331e-02,2.647991e-02,2.058267e-02,1.559101e-02,1.170989e-02,8.888271e-03,6.995644e-03,5.819491e-03,5.172965e-03,4.928187e-03,4.972165e-03,5.209249e-03,5.547683e-03,5.924809e-03,6.274584e-03,6.567690e-03,6.797887e-03,6.943738e-03,7.025349e-03,7.044968e-03,7.011627e-03,6.919774e-03,6.790849e-03,6.629675e-03,6.425430e-03,6.208884e-03,5.997067e-03,5.798103e-03,5.609102e-03,5.423047e-03,5.235709e-03,-1.352689e-04,-2.041696e-04,-2.732180e-04,-3.418401e-04,-4.139607e-04,-4.714842e-04,-4.942432e-04,-4.886924e-04,-4.701610e-04,-4.429900e-04,-4.119748e-04,-3.784867e-04,-3.441723e-04,-3.120629e-04,-2.853591e-04,-2.645449e-04,-2.490024e-04,-2.381301e-04,-2.312450e-04,-2.283545e-04,-2.285615e-04,-2.295014e-04,-2.293603e-04,-2.249393e-04,-2.113383e-04,-1.888785e-04,-1.599181e-04,-1.272613e-04,-9.252621e-05,-5.736664e-05,-2.148797e-05,1.496862e-05,5.130983e-05,-1.961299e-04,6.371795e-05,3.274209e-04,5.302569e-04,6.460148e-04,7.013523e-04,7.195620e-04,7.053718e-04,6.675648e-04,6.143173e-04,5.536529e-04,4.904235e-04,4.267897e-04,3.643063e-04,3.050717e-04,2.515451e-04,2.062435e-04,1.718212e-04,1.476901e-04,1.307506e-04,1.190423e-04,1.119631e-04,1.086586e-04,1.083929e-04,1.103538e-04,1.135863e-04,1.191152e-04,1.284047e-04,1.412054e-04,1.558984e-04,1.715091e-04,1.870373e-04,2.024684e-04,1.880964e-04,1.864799e-04,1.850190e-04,1.830710e-04,1.829057e-04,1.760827e-04,1.538821e-04,1.235539e-04,1.014726e-04,9.098587e-05,9.085550e-05,1.057078e-04,1.384935e-04,1.736116e-04,1.920711e-04,1.920385e-04,1.772423e-04,1.507385e-04,1.148084e-04,7.800794e-05,4.718435e-05,2.378620e-05,1.137927e-05,9.026825e-06,1.082413e-05,2.385465e-05,6.034653e-05,1.305331e-04,2.401809e-04,3.874216e-04,5.511315e-04,7.148517e-04,8.784608e-04,2.141719e-04,3.283468e-05,-1.502905e-04,-3.068756e-04,-4.199331e-04,-4.987210e-04,-5.549434e-04,-5.873056e-04,-5.994909e-04,-5.954199e-04,-5.740252e-04,-5.386586e-04,-5.033864e-04,-4.854104e-04,-4.765240e-04,-4.641450e-04,-4.501494e-04,-4.462914e-04,-4.528465e-04,-4.596427e-04,-4.612930e-04,-4.562281e-04,-4.420883e-04,-4.163313e-04,-3.786534e-04,-3.283995e-04,-2.732783e-04,-2.203262e-04,-1.688147e-04,-1.030516e-04,-1.469069e-05,8.395638e-05,1.817487e-04
4.761884e-05,-9.446779e-05,-9.558549e-04,2.899359e-02,2.774518e-02,2.647991e-02,2.501586e-02,2.162950e-02,1.808752e-02,1.468821e-02,1.178510e-02,9.479748e-03,7.743955e-03,6.515726e-03,5.740889e-03,5.356679e-03,5.281844e-03,5.419612e-03,5.684774e-03,5.985105e-03,6.267808e-03,6.511419e-03,6.681985e-03,6.793284e-03,6.844519e-03,6.840600e-03,6.773922e-03,6.667867e-03,6.527341e-03,6.340436e-03,6.137172e-03,5.935477e-03,5.745178e-03,5.564171e-03,5.385379e-03,5.205353e-03,-1.462729e-03,-1.380254e-03,-1.297934e-03,-1.215116e-03,-1.135527e-03,-1.041197e-03,-9.138393e-04,-7.664603e-04,-6.245128e-04,-4.934819e-04,-3.763934e-04,-2.757546e-04,-1.938004e-04,-1.299980e-04,-8.357860e-05,-5.314832e-05,-3.669715e-05,-3.215540e-05,-3.742090e-05,-5.088338e-05,-7.029797e-05,-9.231461e-05,-1.140042e-04,-1.313314e-04,-1.390549e-04,-1.373103e-04,-1.283708e-04,-1.151069e-04,-9.933362e-05,-8.291389e-05,-6.569198e-05,-4.790860e-05,-3.023821e-05,1.168343e-03,1.233775e-03,1.301983e-03,1.325868e-03,1.286292e-03,1.209613e-03,1.118483e-03,1.013802e-03,9.015832e-04,7.874541e-04,6.738577e-04,5.628100e-04,4.574525e-04,3.614897e-04,2.761978e-04,2.028280e-04,1.430159e-04,9.808448e-05,6.708897e-05,4.707419e-05,3.584006e-05,3.220284e-05,3.479672e-05,4.234518e-05,5.348060e-05,6.669274e-05,8.253988e-05,1.021665e-04,1.251551e-04,1.498127e-04,1.751621e-04,2.003340e-04,2.254124e-04,2.365976e-04,2.243767e-04,2.123024e-04,1.996383e-04,1.884915e-04,1.700753e-04,1.358966e-04,9.459603e-05,6.517562e-05,5.104192e-05,5.030319e-05,6.757362e-05,1.054947e-04,1.472955e-04,1.729216e-04,1.800690e-04,1.721692e-04,1.520430e-04,1.218155e-04,8.974359e-05,6.249834e-05,4.154625e-05,3.040632e-05,2.821473e-05,2.929440e-05,4.078679e-05,7.491807e-05,1.419362e-04,2.476916e-04,3.904683e-04,5.494753e-04,7.085010e-04,8.674156e-04,-8.252742e-05,-2.119881e-04,-3.428981e-04,-4.520111e-04,-5.249038e-04,-5.715081e-04,-6.030726e-04,-6.169219e-04,-6.155696e-04,-6.021169e-04,-5.741732e-04,-5.339243e-04,-4.952886e-04,-4.758693e-04,-4.670063e-04,-4.556529e-04,-4.432574e-04,-4.409291e-04,-4.488169e-04,-4.569295e-04,-4.599273e-04,-4.562002e-04,-4.433670e-04,-4.188719e-04,-3.823747e-04,-3.331741e-04,-2.788640e-04,-2.264201e-04,-1.751819e-04,-1.097183e-04,-2.185069e-05,7.620900e-05,1.734239e-04
4.579349e-05,-9.368735e-05,-9.435815e-04,1.794078e-02,1.924805e-02,2.058267e-02,2.162950e-02,2.199702e-02,2.004497e-02,1.744359e-02,1.461750e-02,1.200573e-02,9.757633e-03,7.961886e-03,6.650879e-03,5.822337e-03,5.415655e-03,5.333766e-03,5.470512e-03,5.708219e-03,5.971699e-03,6.223811e-03,6.416677e-03,6.556808e-03,6.639931e-03,6.666322e-03,6.625742e-03,6.543021e-03,6.423044e-03,6.253371e-03,6.063870e-03,5.873464e-03,5.693240e-03,5.521628e-03,5.351576e-03,5.180336e-03,-2.638923e-03,-2.413946e-03,-2.189119e-03,-1.963770e-03,-1.741266e-03,-1.504778e-03,-1.238735e-03,-9.618462e-04,-7.087710e-04,-4.856705e-04,-2.934619e-04,-1.359063e-04,-1.585653e-05,7.114255e-05,1.301882e-04,1.645625e-04,1.775849e-04,1.727241e-04,1.534306e-04,1.228266e-04,8.433611e-05,4.208093e-05,-1.006429e-07,-3.754078e-05,-6.483671e-05,-8.206231e-05,-9.147857e-05,-9.603532e-05,-9.772952e-05,-9.859665e-05,-9.859639e-05,-9.805107e-05,-9.761626e-05,1.754252e-03,1.709719e-03,1.667008e-03,1.594629e-03,1.479603e-03,1.346416e-03,1.215399e-03,1.083445e-03,9.533120e-04,8.276527e-04,7.030464e-04,5.787808e-04,4.597506e-04,3.527753e-04,2.589662e-04,1.789563e-04,1.141756e-04,6.527063e-05,3.140170e-05,1.011613e-05,-7.144693e-07,-2.597314e-06,2.858977e-06,1.410389e-05,2.947947e-05,4.719034e-05,6.754020e-05,9.151072e-05,1.186321e-04,1.471900e-04,1.762369e-04,2.050222e-04,2.337174e-04,2.778539e-04,2.541695e-04,2.306220e-04,2.063922e-04,1.833139e-04,1.525720e-04,1.061742e-04,5.397340e-05,1.739977e-05,-1.390956e-07,-1.197428e-06,1.889174e-05,6.243954e-05,1.113843e-04,1.444847e-04,1.589743e-04,1.580349e-04,1.442765e-04,1.196727e-04,9.219622e-05,6.835562e-05,4.966810e-05,3.963401e-05,3.749618e-05,3.782389e-05,4.783531e-05,7.976445e-05,1.438539e-04,2.460139e-04,3.846513e-04,5.392925e-04,6.939543e-04,8.485060e-04,-3.085639e-04,-3.966029e-04,-4.857902e-04,-5.574403e-04,-5.996295e-04,-6.225047e-04,-6.364347e-04,-6.374602e-04,-6.269550e-04,-6.072468e-04,-5.746993e-04,-5.304268e-04,-4.884672e-04,-4.671489e-04,-4.575312e-04,-4.462095e-04,-4.343576e-04,-4.325839e-04,-4.409722e-04,-4.497314e-04,-4.535585e-04,-4.507877e-04,-4.390014e-04,-4.156178e-04,-3.802487e-04,-3.321452e-04,-2.787732e-04,-2.270303e-04,-1.763054e-04,-1.114076e-04,-2.430586e-05,7.289206e-05,1.692543e-04
4.126069e-05,-9.133012e-05,-9.292818e-04,1.033842e-02,1.296173e-02,1.559101e-02,1.808752e-02,2.004497e-02,2.113832e-02,1.961935e-02,1.727492e-02,1.455622e-02,1.191263e-02,9.589346e-03,7.736990e-03,6.433305e-03,5.656065e-03,5.317649e-03,5.293945e-03,5.443129e-03,5.668850e-03,5.917454e-03,6.125789e-03,6.291903e-03,6.407008e-03,6.465722e-03,6.453948e-03,6.396653e-03,6.298573e-03,6.147212e-03,5.972788e-03,5.795416e-03,5.627495e-03,5.467790e-03,5.309131e-03,5.149326e-03,-3.349877e-03,-3.017653e-03,-2.685561e-03,-2.352986e-03,-2.022738e-03,-1.680335e-03,-1.313577e-03,-9.451412e-04,-6.170459e-04,-3.355747e-04,-9.905193e-05,8.747938e-05,2.205465e-04,3.090393e-04,3.629688e-04,3.872970e-04,3.862809e-04,3.644422e-04,3.262263e-04,2.759022e-04,2.176860e-04,1.560685e-04,9.539380e-05,4.057573e-05,-3.149625e-06,-3.595851e-05,-6.020942e-05,-7.899152e-05,-9.452762e-05,-1.090540e-04,-1.226455e-04,-1.357073e-04,-1.488771e-04,1.882347e-03,1.792363e-03,1.703454e-03,1.596447e-03,1.463271e-03,1.325002e-03,1.198139e-03,1.076185e-03,9.587805e-04,8.458036e-04,7.282859e-04,6.035676e-04,4.796213e-04,3.678296e-04,2.695819e-04,1.850967e-04,1.160152e-04,6.273137e-05,2.473331e-05,2.129713e-07,-1.274928e-05,-1.586918e-05,-1.087909e-05,5.161262e-07,1.648641e-05,3.507026e-05,5.637750e-05,8.123763e-05,1.091235e-04,1.382788e-04,1.677649e-04,1.969268e-04,2.260016e-04,3.066363e-04,2.712508e-04,2.359906e-04,1.999839e-04,1.646921e-04,1.217461e-04,6.396435e-05,2.015517e-06,-4.068932e-05,-6.076761e-05,-6.143008e-05,-3.788530e-05,1.185293e-05,6.832464e-05,1.089546e-04,1.305843e-04,1.362479e-04,1.284133e-04,1.089492e-04,8.557606e-05,6.465689e-05,4.779403e-05,3.849737e-05,3.615648e-05,3.561501e-05,4.414299e-05,7.393996e-05,1.351855e-04,2.338048e-04,3.683057e-04,5.185596e-04,6.688313e-04,8.189949e-04,-4.445440e-04,-5.044414e-04,-5.652461e-04,-6.119799e-04,-6.350113e-04,-6.440833e-04,-6.481983e-04,-6.424124e-04,-6.271331e-04,-6.040820e-04,-5.685919e-04,-5.209549e-04,-4.756940e-04,-4.522878e-04,-4.416071e-04,-4.298945e-04,-4.181405e-04,-4.165289e-04,-4.251093e-04,-4.343156e-04,-4.388875e-04,-4.370983e-04,-4.264914e-04,-4.044579e-04,-3.705538e-04,-3.239811e-04,-2.720476e-04,-2.215337e-04,-1.718621e-04,-1.081098e-04,-2.240138e-05,7.328057e-05,1.681372e-04
3.353903e-05,-8.722630e-05,-9.143134e-04,5.604181e-03,8.654750e-03,1.170989e-02,1.468821e-02,1.744359e-02,1.961935e-02,2.079664e-02,1.932699e-02,1.696600e-02,1.415603e-02,1.143073e-02,9.070794e-03,7.274110e-03,6.084617e-03,5.442427e-03,5.212952e-03,5.234288e-03,5.391739e-03,5.614790e-03,5.824374e-03,6.008914e-03,6.153477e-03,6.245605e-03,6.265390e-03,6.235574e-03,6.160526e-03,6.028169e-03,5.869686e-03,5.706666e-03,5.553137e-03,5.407979e-03,5.263585e-03,5.118076e-03,-3.161579e-03,-2.797723e-03,-2.433972e-03,-2.069820e-03,-1.707413e-03,-1.335404e-03,-9.451685e-04,-5.608477e-04,-2.280525e-04,4.749132e-05,2.705111e-04,4.346597e-04,5.358058e-04,5.877908e-04,6.061842e-04,5.970808e-04,5.648743e-04,5.143868e-04,4.502929e-04,3.772407e-04,2.995123e-04,2.212851e-04,1.467068e-04,8.028970e-05,2.659018e-05,-1.490103e-05,-4.680463e-05,-7.245416e-05,-9.438412e-05,-1.151023e-04,-1.348065e-04,-1.539923e-04,-1.732841e-04,1.767011e-03,1.678946e-03,1.591414e-03,1.494158e-03,1.382458e-03,1.272618e-03,1.176240e-03,1.084340e-03,9.938325e-04,9.021838e-04,7.956215e-04,6.706941e-04,5.400129e-04,4.211437e-04,3.158429e-04,2.236144e-04,1.465206e-04,8.506709e-05,3.913603e-05,7.532118e-06,-1.141899e-05,-1.956811e-05,-1.870555e-05,-1.061947e-05,2.758395e-06,1.936751e-05,3.912157e-05,6.263380e-05,8.924276e-05,1.170838e-04,1.451711e-04,1.729063e-04,2.005557e-04,3.069800e-04,2.618347e-04,2.168013e-04,1.710046e-04,1.255384e-04,7.286745e-05,6.850536e-06,-6.152187e-05,-1.077653e-04,-1.284802e-04,-1.274343e-04,-9.956147e-05,-4.311321e-05,2.096164e-05,6.856465e-05,9.630744e-05,1.072830e-04,1.039647e-04,8.822707e-05,6.764083e-05,4.847921e-05,3.247361e-05,2.318974e-05,2.020866e-05,1.865724e-05,2.580873e-05,5.377010e-05,1.125866e-04,2.081373e-04,3.389944e-04,4.853599e-04,6.317355e-04,7.780064e-04,-4.985479e-04,-5.421060e-04,-5.863931e-04,-6.192203e-04,-6.328885e-04,-6.362275e-04,-6.366328e-04,-6.285729e-04,-6.117205e-04,-5.873209e-04,-5.499085e-04,-4.992368e-04,-4.507004e-04,-4.253991e-04,-4.139477e-04,-4.020673e-04,-3.906050e-04,-3.893967e-04,-3.984622e-04,-4.084446e-04,-4.141285e-04,-4.137303e-04,-4.047567e-04,-3.845766e-04,-3.526895e-04,-3.082543e-04,-2.584045e-04,-2.097721e-04,-1.617966e-04,-9.983894e-05,-1.618199e-05,7.731230e-05,1.699914e-04
2.371556e-05,-8.192404e-05,-8.956809e-04,3.045385e-03,5.966832e-03,8.888271e-03,1.178510e-02,1.461750e-02,1.727492e-02,1.932699e-02,2.041991e-02,1.883268e-02,1.632015e-02,1.340675e-02,1.064448e-02,8.372279e-03,6.744279e-03,5.751284e-03,5.263419e-03,5.107170e-03,5.154875e-03,5.320132e-03,5.508345e-03,5.697173e-03,5.863748e-03,5.986975e-03,6.039099e-03,6.038139e-03,5.987505e-03,5.875646e-03,5.734907e-03,5.588297e-03,5.451521e-03,5.323484e-03,5.196101e-03,5.067629e-03,-2.358005e-03,-2.019428e-03,-1.680929e-03,-1.342127e-03,-1.004521e-03,-6.599852e-04,-3.035675e-04,4.065546e-05,3.278784e-04,5.529312e-04,7.232107e-04,8.305250e-04,8.696281e-04,8.599310e-04,8.233983e-04,7.668721e-04,6.941935e-04,6.098654e-04,5.181569e-04,4.234304e-04,3.294246e-04,2.394673e-04,1.569486e-04,8.546719e-05,2.850447e-05,-1.491644e-05,-4.774291e-05,-7.356582e-05,-9.523275e-05,-1.155190e-04,-1.347266e-04,-1.534265e-04,-1.722304e-04,1.483740e-03,1.428046e-03,1.372527e-03,1.312899e-03,1.246729e-03,1.185572e-03,1.136096e-03,1.087360e-03,1.033664e-03,9.700141e-04,8.784790e-04,7.554453e-04,6.192282e-04,4.947606e-04,3.837197e-04,2.840578e-04,1.983260e-04,1.276307e-04,7.233877e-05,3.181636e-05,4.676305e-06,-1.095994e-05,-1.684706e-05,-1.475624e-05,-6.621636e-06,5.495124e-06,2.133680e-05,4.127180e-05,6.447035e-05,8.894046e-05,1.136242e-04,1.379544e-04,1.621997e-04,2.826185e-04,2.298841e-04,1.772482e-04,1.238699e-04,7.053809e-05,1.072666e-05,-6.046026e-05,-1.319817e-04,-1.795516e-04,-1.995904e-04,-1.961455e-04,-1.636171e-04,-1.002904e-04,-2.869320e-05,2.535712e-05,5.835687e-05,7.361795e-05,7.372408e-05,6.064120e-05,4.186139e-05,2.360541e-05,7.764056e-06,-2.012055e-06,-5.911877e-06,-8.499062e-06,-2.563903e-06,2.381447e-05,8.045245e-05,1.731102e-04,3.003949e-04,4.428952e-04,5.853943e-04,7.277931e-04,-4.901680e-04,-5.253200e-04,-5.610747e-04,-5.872656e-04,-5.978153e-04,-6.005358e-04,-6.013023e-04,-5.942829e-04,-5.785250e-04,-5.547314e-04,-5.167738e-04,-4.639843e-04,-4.128842e-04,-3.865618e-04,-3.752417e-04,-3.639325e-04,-3.533680e-04,-3.531110e-04,-3.631613e-04,-3.743728e-04,-3.815982e-04,-3.830145e-04,-3.761102e-04,-3.582516e-04,-3.288945e-04,-2.871762e-04,-2.400256e-04,-1.938844e-04,-1.482024e-04,-8.868976e-05,-7.818437e-06,8.271046e-05,1.724371e-04
1.235957e-05,-7.679357e-05,-8.731859e-04,2.029175e-03,4.513292e-03,6.995644e-03,9.479748e-03,1.200573e-02,1.455622e-02,1.696600e-02,1.883268e-02,1.971871e-02,1.792722e-02,1.528980e-02,1.234100e-02,9.707212e-03,7.670337e-03,6.308375e-03,5.518629e-03,5.132893e-03,5.020936e-03,5.084883e-03,5.217666e-03,5.385947e-03,5.557497e-03,5.701472e-03,5.780774e-03,5.806555e-03,5.780136e-03,5.689730e-03,5.568199e-03,5.439313e-03,5.320074e-03,5.209697e-03,5.099974e-03,4.989192e-03,-1.601855e-03,-1.302285e-03,-1.002769e-03,-7.030385e-04,-4.040610e-04,-1.004499e-04,2.098909e-04,5.048523e-04,7.439814e-04,9.211861e-04,1.044143e-03,1.101376e-03,1.085263e-03,1.021119e-03,9.379884e-04,8.433623e-04,7.402019e-04,6.324329e-04,5.236575e-04,4.175925e-04,3.171724e-04,2.247528e-04,1.428073e-04,7.390877e-05,2.044113e-05,-1.892921e-05,-4.732056e-05,-6.840935e-05,-8.518731e-05,-1.005494e-04,-1.148293e-04,-1.286128e-04,-1.424980e-04,1.207894e-03,1.194512e-03,1.181098e-03,1.166789e-03,1.150178e-03,1.138343e-03,1.133637e-03,1.124091e-03,1.102051e-03,1.060512e-03,9.789981e-04,8.541757e-04,7.103854e-04,5.803025e-04,4.644315e-04,3.577779e-04,2.632121e-04,1.830480e-04,1.181637e-04,6.827267e-05,3.221357e-05,8.151859e-06,-5.587100e-06,-1.070372e-05,-9.080804e-06,-2.726549e-06,7.941001e-06,2.303664e-05,4.156197e-05,6.142708e-05,8.150636e-05,1.012473e-04,1.209048e-04,2.389823e-04,1.820149e-04,1.251348e-04,6.755212e-05,9.811493e-06,-5.367772e-05,-1.267712e-04,-1.989059e-04,-2.471217e-04,-2.672194e-04,-2.628382e-04,-2.273897e-04,-1.587183e-04,-8.094200e-05,-2.174624e-05,1.528399e-05,3.374485e-05,3.635312e-05,2.518522e-05,7.690805e-06,-9.951971e-06,-2.571038e-05,-3.586346e-05,-4.037571e-05,-4.350419e-05,-3.816825e-05,-1.272432e-05,4.232949e-05,1.325696e-04,2.566125e-04,3.955131e-04,5.343920e-04,6.731764e-04,-4.510800e-04,-4.827747e-04,-5.149905e-04,-5.388835e-04,-5.495219e-04,-5.536771e-04,-5.559875e-04,-5.506749e-04,-5.363970e-04,-5.132985e-04,-4.748261e-04,-4.199843e-04,-3.665789e-04,-3.398971e-04,-3.295394e-04,-3.195724e-04,-3.106104e-04,-3.120403e-04,-3.238288e-04,-3.369832e-04,-3.464224e-04,-3.502854e-04,-3.460424e-04,-3.310588e-04,-3.047532e-04,-2.662590e-04,-2.222704e-04,-1.790184e-04,-1.359757e-04,-7.928954e-05,-1.666831e-06,8.539554e-05,1.716711e-04
5.170276e-07,-7.074630e-05,-8.458485e-04,1.996257e-03,3.909242e-03,5.819491e-03,7.743955e-03,9.757633e-03,1.191263e-02,1.415603e-02,1.632015e-02,1.792722e-02,1.858263e-02,1.665461e-02,1.399097e-02,1.121674e-02,8.883822e-03,7.174133e-03,6.055383e-03,5.388740e-03,5.059185e-03,4.966061e-03,4.996440e-03,5.106962e-03,5.255140e-03,5.399961e-03,5.493981e-03,5.539107e-03,5.533114e-03,5.462955e-03,5.360975e-03,5.250587e-03,5.149275e-03,5.056651e-03,4.964813e-03,4.871945e-03,-9.529036e-04,-7.014750e-04,-4.500797e-04,-1.985468e-04,5.256724e-05,3.064927e-04,5.632822e-04,8.038095e-04,9.939285e-04,1.126425e-03,1.206848e-03,1.219971e-03,1.155349e-03,1.044483e-03,9.240787e-04,8.021321e-04,6.802849e-04,5.615407e-04,4.484924e-04,3.436845e-04,2.488693e-04,1.652838e-04,9.427475e-05,3.726225e-05,-4.454806e-06,-3.243679e-05,-4.979113e-05,-6.007668e-05,-6.622325e-05,-7.106399e-05,-7.488709e-05,-7.822712e-05,-8.166607e-05,9.700375e-04,9.979658e-04,1.025764e-03,1.054111e-03,1.081749e-03,1.111890e-03,1.143412e-03,1.164004e-03,1.164690e-03,1.136978e-03,1.060467e-03,9.326796e-04,7.834574e-04,6.524676e-04,5.373789e-04,4.283130e-04,3.281938e-04,2.414029e-04,1.693914e-04,1.119051e-04,6.792394e-05,3.579542e-05,1.401710e-05,1.066799e-06,-4.776939e-06,-5.357147e-06,-1.188554e-06,7.629608e-06,1.997255e-05,3.372609e-05,4.773064e-05,6.143124e-05,7.505043e-05,1.826804e-04,1.248105e-04,6.701881e-05,8.575982e-06,-5.015663e-05,-1.139611e-04,-1.858887e-04,-2.561823e-04,-3.039140e-04,-3.243128e-04,-3.199359e-04,-2.830135e-04,-2.106194e-04,-1.283529e-04,-6.579065e-05,-2.651052e-05,-6.514021e-06,-2.896359e-06,-1.342316e-05,-3.060804e-05,-4.828349e-05,-6.430473e-05,-7.489896e-05,-7.982422e-05,-8.305233e-05,-7.772563e-05,-5.260183e-05,1.401739e-06,8.959778e-05,2.105853e-04,3.459863e-04,4.813375e-04,6.166010e-04,-3.944783e-04,-4.251616e-04,-4.563177e-04,-4.799109e-04,-4.917519e-04,-4.976291e-04,-5.012035e-04,-4.969512e-04,-4.833105e-04,-4.598859e-04,-4.202029e-04,-3.631401e-04,-3.077709e-04,-2.814722e-04,-2.729235e-04,-2.649871e-04,-2.581811e-04,-2.618894e-04,-2.760523e-04,-2.917560e-04,-3.039840e-04,-3.108522e-04,-3.098223e-04,-2.982711e-04,-2.755897e-04,-2.409289e-04,-2.007149e-04,-1.609330e-04,-1.210850e-04,-6.785080e-05,5.779007e-06,8.857435e-05,1.706023e-04
-6.185351e-06,-6.708802e-05,-8.164115e-04,2.520638e-03,3.848299e-03,5.172965e-03,6.515726e-03,7.961886e-03,9.589346e-03,1.143073e-02,1.340675e-02,1.528980e-02,1.665461e-02,1.716533e-02,1.522681e-02,1.278356e-02,1.036484e-02,8.403045e-03,6.963630e-03,5.980286e-03,5.376143e-03,5.062812e-03,4.932666e-03,4.935418e-03,5.018566e-03,5.131896e-03,5.217662e-03,5.266254e-03,5.270263e-03,5.214330e-03,5.129129e-03,5.036140e-03,4.951711e-03,4.875410e-03,4.800065e-03,4.723725e-03,-2.974293e-04,-1.102822e-04,7.684653e-05,2.640544e-04,4.510765e-04,6.395804e-04,8.283668e-04,1.001651e-03,1.131855e-03,1.210402e-03,1.239044e-03,1.200344e-03,1.082534e-03,9.235206e-04,7.678943e-04,6.239065e-04,4.911888e-04,3.712791e-04,2.652243e-04,1.735687e-04,9.626992e-05,3.318338e-05,-1.583175e-05,-5.073106e-05,-7.130940e-05,-7.929594e-05,-7.766341e-05,-6.968790e-05,-5.803958e-05,-4.530825e-05,-3.167882e-05,-1.758409e-05,-3.584527e-06,7.009481e-04,7.534784e-04,8.058554e-04,8.592317e-04,9.125418e-04,9.667032e-04,1.018787e-03,1.057469e-03,1.073857e-03,1.059306e-03,9.960700e-04,8.819043e-04,7.492937e-04,6.415719e-04,5.509448e-04,4.599032e-04,3.710049e-04,2.918904e-04,2.247963e-04,1.691963e-04,1.242278e-04,8.877763e-05,6.180235e-05,4.226825e-05,2.893132e-05,2.043416e-05,1.642970e-05,1.682637e-05,2.055736e-05,2.566404e-05,3.106928e-05,3.621124e-05,4.127501e-05,1.436640e-04,8.735949e-05,3.112554e-05,-2.570932e-05,-8.289726e-05,-1.445557e-04,-2.131561e-04,-2.798874e-04,-3.260281e-04,-3.462817e-04,-3.417614e-04,-3.038583e-04,-2.289570e-04,-1.439368e-04,-8.013675e-05,-4.098870e-05,-2.191735e-05,-1.973408e-05,-3.195254e-05,-5.088482e-05,-7.025801e-05,-8.782721e-05,-9.974606e-05,-1.055856e-04,-1.090744e-04,-1.036617e-04,-7.861285e-05,-2.533065e-05,6.116452e-05,1.794041e-04,3.115978e-04,4.437295e-04,5.757784e-04,-3.590372e-04,-3.871505e-04,-4.157106e-04,-4.371538e-04,-4.477791e-04,-4.525902e-04,-4.546090e-04,-4.487744e-04,-4.335687e-04,-4.082904e-04,-3.670070e-04,-3.085315e-04,-2.527668e-04,-2.285066e-04,-2.231633e-04,-2.181338e-04,-2.139261e-04,-2.202378e-04,-2.370281e-04,-2.553392e-04,-2.702235e-04,-2.798207e-04,-2.816213e-04,-2.730474e-04,-2.535191e-04,-2.222820e-04,-1.855137e-04,-1.489636e-04,-1.121607e-04,-6.232532e-05,7.257708e-06,8.569975e-05,1.633976e-04
-8.670658e-06,-6.344957e-05,-7.927580e-04,3.336063e-03,4.133617e-03,4.928187e-03,5.740889e-03,6.650879e-03,7.736990e-03,9.070794e-03,1.064448e-02,1.234100e-02,1.399097e-02,1.522681e-02,1.576820e-02,1.410602e-02,1.206856e-02,1.005125e-02,8.374840e-03,7.071774e-03,6.146577e-03,5.544648e-03,5.182973e-03,5.011140e-03,4.968946e-03,5.000501e-03,5.039561e-03,5.062725e-03,5.055598e-03,4.999253e-03,4.921231e-03,4.838802e-03,4.764703e-03,4.697815e-03,4.632318e-03,4.565849e-03,3.570689e-04,4.511743e-04,5.452711e-04,6.394079e-04,7.335013e-04,8.282473e-04,9.220566e-04,1.002893e-03,1.049962e-03,1.054572e-03,1.015296e-03,9.152389e-04,7.431286e-04,5.416534e-04,3.615982e-04,2.106449e-04,8.541942e-05,-1.489009e-05,-9.163223e-05,-1.475174e-04,-1.852696e-04,-2.067458e-04,-2.140683e-04,-2.088088e-04,-1.917009e-04,-1.644969e-04,-1.298294e-04,-9.042290e-05,-4.834850e-05,-5.640048e-06,3.774572e-05,8.158075e-05,1.253243e-04,3.861187e-04,4.390634e-04,4.918767e-04,5.456321e-04,5.998128e-04,6.547845e-04,7.077322e-04,7.499558e-04,7.743716e-04,7.739494e-04,7.356894e-04,6.581628e-04,5.723957e-04,5.197470e-04,4.839981e-04,4.372467e-04,3.812340e-04,3.283853e-04,2.818929e-04,2.403970e-04,2.031524e-04,1.700875e-04,1.410082e-04,1.157979e-04,9.413176e-05,7.558346e-05,6.037746e-05,4.876995e-05,4.001031e-05,3.253038e-05,2.547399e-05,1.822785e-05,1.090688e-05,1.094673e-04,5.852369e-05,7.643448e-06,-4.377691e-05,-9.548422e-05,-1.510558e-04,-2.126067e-04,-2.723234e-04,-3.136975e-04,-3.313140e-04,-3.251600e-04,-2.864658e-04,-2.110989e-04,-1.265447e-04,-6.533121e-05,-3.046708e-05,-1.652212e-05,-1.984096e-05,-3.752323e-05,-6.135536e-05,-8.475771e-05,-1.054291e-04,-1.194233e-04,-1.261998e-04,-1.294180e-04,-1.229161e-04,-9.652306e-05,-4.215117e-05,4.478400e-05,1.626604e-04,2.941302e-04,4.255273e-04,5.568455e-04,-3.500306e-04,-3.713362e-04,-3.930821e-04,-4.079055e-04,-4.123808e-04,-4.110200e-04,-4.066121e-04,-3.948023e-04,-3.744431e-04,-3.449435e-04,-3.013125e-04,-2.428431e-04,-1.894334e-04,-1.698770e-04,-1.698568e-04,-1.690408e-04,-1.680866e-04,-1.775568e-04,-1.975091e-04,-2.187050e-04,-2.362331e-04,-2.483277e-04,-2.525547e-04,-2.464241e-04,-2.294451e-04,-2.010296e-04,-1.671998e-04,-1.335237e-04,-9.953827e-05,-5.288815e-05,1.291853e-05,8.731194e-05,1.609812e-04
-6.411723e-06,-5.990505e-05,-7.799300e-04,4.231680e-03,4.603314e-03,4.972165e-03,5.356679e-03,5.822337e-03,6.433305e-03,7.274110e-03,8.372279e-03,9.707212e-03,1.121674e-02,1.278356e-02,1.410602e-02,1.497131e-02,1.374225e-02,1.210511e-02,1.036002e-02,8.795405e-03,7.526023e-03,6.572190e-03,5.900501e-03,5.472179e-03,5.224724e-03,5.103732e-03,5.039155e-03,4.992224e-03,4.939870e-03,4.858312e-03,4.770094e-03,4.685301e-03,4.610112e-03,4.541983e-03,4.476565e-03,4.410142e-03,9.160881e-04,8.862035e-04,8.563155e-04,8.264460e-04,7.965996e-04,7.670124e-04,7.363718e-04,6.965143e-04,6.334987e-04,5.407813e-04,4.163080e-04,2.474018e-04,2.622049e-05,-2.029219e-04,-3.870959e-04,-5.205590e-04,-6.106127e-04,-6.613841e-04,-6.774805e-04,-6.663627e-04,-6.345086e-04,-5.858531e-04,-5.250833e-04,-4.556025e-04,-3.787220e-04,-2.959908e-04,-2.094265e-04,-1.208565e-04,-3.130112e-05,5.815911e-05,1.479689e-04,2.382313e-04,3.284032e-04,8.985659e-05,1.371025e-04,1.842605e-04,2.320027e-04,2.803882e-04,3.302030e-04,3.798474e-04,4.239608e-04,4.581160e-04,4.778165e-04,4.752109e-04,4.495230e-04,4.270131e-04,4.426602e-04,4.713644e-04,4.747292e-04,4.543294e-04,4.295938e-04,4.049022e-04,3.770957e-04,3.452412e-04,3.106790e-04,2.742954e-04,2.371699e-04,2.002013e-04,1.642013e-04,1.302575e-04,9.919134e-05,7.067248e-05,4.361862e-05,1.738950e-05,-8.841037e-06,-3.514696e-05,7.857916e-05,3.644204e-05,-5.639808e-06,-4.817802e-05,-9.076089e-05,-1.365119e-04,-1.873063e-04,-2.361982e-04,-2.687051e-04,-2.798833e-04,-2.693987e-04,-2.292642e-04,-1.554822e-04,-7.517748e-05,-2.093815e-05,5.004367e-06,9.148259e-06,-4.198645e-06,-3.157305e-05,-6.381619e-05,-9.376058e-05,-1.190926e-04,-1.357119e-04,-1.430666e-04,-1.450123e-04,-1.358445e-04,-1.059685e-04,-4.779057e-05,4.282638e-05,1.640025e-04,2.985791e-04,4.330656e-04,5.674766e-04,-3.585356e-04,-3.715649e-04,-3.850431e-04,-3.915745e-04,-3.877930e-04,-3.779573e-04,-3.649284e-04,-3.451382e-04,-3.179489e-04,-2.831649e-04,-2.367939e-04,-1.788506e-04,-1.285062e-04,-1.133858e-04,-1.175880e-04,-1.193283e-04,-1.197843e-04,-1.312230e-04,-1.538484e-04,-1.776899e-04,-1.977113e-04,-2.122307e-04,-2.188442e-04,-2.151006e-04,-2.006052e-04,-1.749728e-04,-1.441851e-04,-1.137087e-04,-8.304885e-05,-4.007161e-05,2.161594e-05,9.168587e-05,1.610447e-04
-5.349615e-07,-5.660422e-05,-7.800973e-04,5.084297e-03,5.148000e-03,5.209249e-03,5.281844e-03,5.415655e-03,5.656065e-03,6.084617e-03,6.744279e-03,7.670337e-03,8.883822e-03,1.036484e-02,1.206856e-02,1.374225e-02,1.504031e-02,1.418347e-02,1.278751e-02,1.112165e-02,9.569246e-03,8.247208e-03,7.210675e-03,6.446208e-03,5.901405e-03,5.536086e-03,5.287769e-03,5.106671e-03,4.960545e-03,4.819448e-03,4.698327e-03,4.596874e-03,4.511534e-03,4.436148e-03,4.365895e-03,4.294515e-03,1.272237e-03,1.130221e-03,9.882041e-04,8.461956e-04,7.042279e-04,5.623935e-04,4.198186e-04,2.713924e-04,1.087865e-04,-7.178508e-05,-2.716663e-04,-4.978469e-04,-7.534441e-04,-9.950531e-04,-1.171021e-03,-1.277477e-03,-1.324937e-03,-1.320316e-03,-1.270763e-03,-1.188859e-03,-1.085112e-03,-9.652305e-04,-8.363453e-04,-7.032663e-04,-5.670546e-04,-4.290034e-04,-2.905422e-04,-1.526359e-04,-1.520330e-05,1.216352e-04,2.586316e-04,3.961168e-04,5.335077e-04,-1.415615e-04,-7.900780e-05,-1.649333e-05,4.605395e-05,1.089189e-04,1.733474e-04,2.388451e-04,3.025995e-04,3.622414e-04,4.152590e-04,4.575895e-04,4.878782e-04,5.248170e-04,5.939417e-04,6.646562e-04,6.928391e-04,6.825720e-04,6.631138e-04,6.407774e-04,6.095680e-04,5.677072e-04,5.178219e-04,4.616416e-04,4.012408e-04,3.385756e-04,2.755403e-04,2.140541e-04,1.554812e-04,9.979494e-05,4.627419e-05,-5.657366e-06,-5.725745e-05,-1.089428e-04,6.447265e-05,3.123795e-05,-1.948429e-06,-3.551467e-05,-6.884560e-05,-1.047652e-04,-1.450129e-04,-1.832497e-04,-2.065438e-04,-2.106478e-04,-1.954527e-04,-1.541874e-04,-8.336942e-05,-9.177380e-06,3.661225e-05,5.247949e-05,4.582405e-05,2.151595e-05,-1.656093e-05,-5.803570e-05,-9.493115e-05,-1.249876e-04,-1.439246e-04,-1.513048e-04,-1.514691e-04,-1.390933e-04,-1.050019e-04,-4.193671e-05,5.386803e-05,1.802648e-04,3.200385e-04,4.597029e-04,5.992949e-04,-3.585508e-04,-3.676306e-04,-3.771774e-04,-3.795898e-04,-3.714199e-04,-3.568533e-04,-3.389481e-04,-3.147452e-04,-2.839805e-04,-2.467820e-04,-1.997489e-04,-1.433283e-04,-9.518876e-05,-8.073733e-05,-8.351592e-05,-8.157846e-05,-7.743801e-05,-8.624831e-05,-1.085593e-04,-1.331627e-04,-1.545808e-04,-1.710600e-04,-1.800344e-04,-1.788976e-04,-1.672378e-04,-1.447904e-04,-1.175764e-04,-9.104659e-05,-6.463191e-05,-2.618055e-05,3.073890e-05,9.592515e-05,1.604057e-04
