9.734157e-04,-2.380265e-05,4.702072e-06,4.865651e-05,5.724881e-05,6.865111e-05,7.787849e-05,6.614374e-05,-2.556792e-05,-3.537251e-05,-1.805105e-05,2.368843e-05,1.032943e-05,3.495858e-05,1.871589e-04,2.509941e-04,1.834480e-04,-2.239243e-05,-1.214496e-04,-1.074934e-04,-2.003926e-05,2.526668e-05,8.394573e-06,4.987185e-05,6.516876e-05,4.141257e-05,-3.929210e-05,-3.088115e-05,1.074600e-04,2.173770e-04,2.701087e-04,2.475871e-04,-3.802507e-05,-3.373316e-04,-6.060502e-04,-8.526464e-04,-3.966686e-03,-3.925343e-03,-3.884175e-03,-3.842223e-03,-3.802893e-03,-3.752403e-03,-3.699054e-03,-3.658247e-03,-3.584855e-03,-3.537170e-03,-3.510980e-03,-3.483319e-03,-3.472723e-03,-3.495027e-03,-3.536604e-03,-3.573479e-03,-3.622409e-03,-3.663992e-03,-3.698621e-03,-3.721423e-03,-3.728917e-03,-3.703794e-03,-3.680402e-03,-3.628071e-03,-3.584541e-03,-3.544675e-03,-3.494913e-03,-3.453503e-03,-3.447347e-03,-3.451984e-03,-3.454355e-03,-3.471447e-03,-3.484745e-03,-6.677750e-05,3.231486e-06,7.261195e-05,1.452766e-04,2.153298e-04,2.874512e-04,3.437587e-04,3.635547e-04,3.561194e-04,3.242124e-04,2.704606e-04,1.907158e-04,1.250199e-04,8.537412e-05,4.204747e-05,2.563514e-05,2.205338e-05,2.986872e-05,4.787541e-05,6.999223e-05,9.764078e-05,1.427387e-04,1.752257e-04,1.932465e-04,1.945917e-04,1.695644e-04,1.266330e-04,1.060393e-04,1.049157e-04,1.591613e-04,2.288804e-04,3.139331e-04,4.000663e-04,5.442657e-03,5.178345e-03,4.913934e-03,4.621024e-03,4.344619e-03,4.074828e-03,3.843030e-03,3.690189e-03,3.542133e-03,3.441669e-03,3.318945e-03,3.123286e-03,2.945768e-03,2.908100e-03,3.033027e-03,3.287672e-03,3.690096e-03,4.063739e-03,4.267481e-03,4.315969e-03,4.268990e-03,4.112655e-03,3.952656e-03,3.779436e-03,3.634895e-03,3.451061e-03,3.193844e-03,2.948530e-03,2.830037e-03,2.773034e-03,2.733559e-03,2.769786e-03,2.796739e-03,-1.823429e-05,-1.664815e-04,-3.148422e-04,-4.558051e-04,-5.418763e-04,-5.287086e-04,-4.062311e-04,-2.244703e-04,-4.451009e-05,9.402618e-05,1.417599e-04,9.860177e-05,3.447973e-05,3.002632e-05,6.082631e-06,1.265483e-05,-3.216388e-05,-1.511635e-04,-2.946265e-04,-4.200357e-04,-4.557073e-04,-3.729966e-04,-1.808291e-04,4.952971e-05,2.582845e-04,3.725825e-04,3.699720e-04,2.470216e-04,6.350939e-05,-9.926238e-05,-3.390880e-04,-6.084838e-04,-8.717718e-04
-2.380265e-05,8.900778e-04,3.197382e-05,-4.939161e-04,-4.521004e-04,-3.492409e-04,-3.048106e-04,-2.870825e-04,-3.284374e-04,-2.987526e-04,-3.502627e-04,-3.444444e-04,-3.674574e-04,-3.138169e-04,-2.636672e-04,-2.576314e-04,-3.238971e-04,-3.174190e-04,-2.512720e-04,-2.378005e-04,-2.526760e-04,-3.533337e-04,-3.740040e-04,-3.506619e-04,-3.238842e-04,-3.499941e-04,-3.590953e-04,-3.285298e-04,-3.551016e-04,-3.129704e-04,-2.478574e-04,-1.097196e-04,-7.720737e-05,-1.739968e-04,-2.840853e-04,-3.496649e-04,-9.468499e-06,1.041236e-05,3.025079e-05,4.990706e-05,6.580366e-05,8.843044e-05,9.809099e-05,8.413452e-05,6.864586e-05,6.468500e-05,6.643894e-05,5.965811e-05,6.712777e-05,8.671369e-05,9.307161e-05,1.053901e-04,1.002982e-04,7.389326e-05,4.182696e-05,1.614110e-05,1.073916e-05,4.315454e-05,9.233019e-05,1.528905e-04,2.106465e-04,2.425048e-04,2.386501e-04,1.996617e-04,1.267084e-04,4.157626e-05,-8.306847e-05,-2.259241e-04,-3.650675e-04,-3.430686e-03,-3.386821e-03,-3.339718e-03,-3.266743e-03,-3.208014e-03,-3.150230e-03,-3.117681e-03,-3.124188e-03,-3.152133e-03,-3.192001e-03,-3.230382e-03,-3.247240e-03,-3.259003e-03,-3.253327e-03,-3.247889e-03,-3.253671e-03,-3.245879e-03,-3.253040e-03,-3.225617e-03,-3.205741e-03,-3.196502e-03,-3.174222e-03,-3.160785e-03,-3.153471e-03,-3.152468e-03,-3.149342e-03,-3.148150e-03,-3.164925e-03,-3.170735e-03,-3.183028e-03,-3.201528e-03,-3.198240e-03,-3.192680e-03,-9.783636e-05,-2.137769e-04,-3.302495e-04,-4.364717e-04,-4.967186e-04,-4.773390e-04,-3.590501e-04,-1.769967e-04,1.113805e-05,1.508126e-04,2.078068e-04,1.857536e-04,1.299249e-04,8.326316e-05,-4.327922e-06,-6.277882e-05,-1.290643e-04,-2.240898e-04,-3.212048e-04,-3.971434e-04,-3.949006e-04,-3.031412e-04,-1.421483e-04,4.375019e-05,2.301072e-04,3.583923e-04,3.833526e-04,2.875511e-04,9.647512e-05,-1.138975e-04,-3.748846e-04,-6.424961e-04,-9.066903e-04,2.760846e-03,2.989062e-03,3.210225e-03,3.413004e-03,3.667903e-03,3.890299e-03,4.045389e-03,4.111997e-03,4.004561e-03,3.783377e-03,3.488283e-03,3.146050e-03,2.897257e-03,2.718389e-03,2.621293e-03,2.626187e-03,2.697371e-03,2.940670e-03,3.221718e-03,3.521579e-03,3.786612e-03,3.941690e-03,4.036344e-03,3.971306e-03,3.779352e-03,3.517685e-03,3.195441e-03,2.941655e-03,2.717665e-03,2.593507e-03,2.560887e-03,2.467729e-03,2.377176e-03
4.702072e-06,3.197382e-05,2.088543e-04,-1.667271e-03,-1.758370e-03,-1.836270e-03,-1.748454e-03,-1.790713e-03,-1.754286e-03,-1.705129e-03,-1.824782e-03,-1.747646e-03,-1.765445e-03,-1.775302e-03,-1.607287e-03,-1.504473e-03,-1.401810e-03,-1.380714e-03,-1.442577e-03,-1.544917e-03,-1.759696e-03,-1.779444e-03,-1.762931e-03,-1.829505e-03,-1.718900e-03,-1.801366e-03,-1.767152e-03,-1.775757e-03,-1.761312e-03,-1.582636e-03,-1.478329e-03,-1.421443e-03,-1.406910e-03,-1.440543e-03,-1.476352e-03,-1.492797e-03,-2.254999e-04,-1.696454e-04,-1.136548e-04,-5.816545e-05,-2.220377e-06,4.588881e-05,3.886353e-05,-2.520878e-05,-9.371654e-05,-1.028999e-04,-6.885398e-05,-3.501630e-05,-2.761022e-05,-2.842625e-05,-3.354682e-05,-4.076129e-05,-5.122651e-05,-6.053115e-05,-7.072303e-05,-8.161697e-05,-9.758799e-05,-8.920242e-05,-2.539638e-05,5.700425e-05,8.574689e-05,6.065070e-05,2.567054e-05,-7.535203e-06,-2.935245e-05,-4.813618e-05,-7.353962e-05,-1.088904e-04,-1.420469e-04,-5.099683e-05,-1.130137e-04,-1.768896e-04,-2.002182e-04,-1.634880e-04,-9.365640e-05,-4.990924e-05,-4.193885e-05,-5.952508e-05,-9.639429e-05,-1.481071e-04,-1.816819e-04,-1.853652e-04,-1.815422e-04,-1.740613e-04,-1.640535e-04,-1.379109e-04,-7.895165e-05,-1.580147e-05,-7.757089e-06,-5.188387e-05,-1.051889e-04,-1.280092e-04,-1.275122e-04,-1.042682e-04,-6.113071e-05,-3.638649e-05,-4.116199e-05,-5.714740e-05,-7.870034e-05,-9.546722e-05,-1.044319e-04,-1.119019e-04,8.352408e-05,5.859014e-05,3.371599e-05,8.625833e-06,-1.978926e-05,-4.878165e-05,-2.823706e-05,4.885801e-05,1.457487e-04,2.015137e-04,2.200575e-04,2.280087e-04,2.127888e-04,1.200108e-04,-3.193410e-05,-1.453470e-04,-1.735022e-04,-1.517123e-04,-1.101373e-04,-6.167814e-05,3.204154e-06,5.417408e-05,6.406101e-05,6.437526e-05,1.214845e-04,2.205797e-04,2.924153e-04,2.864890e-04,1.559277e-04,-7.385700e-05,-3.163704e-04,-5.350725e-04,-7.554623e-04,-1.253243e-04,1.369547e-05,1.581053e-04,2.453033e-04,2.566638e-04,2.167798e-04,1.937194e-04,1.877981e-04,1.889350e-04,1.970567e-04,2.179552e-04,2.116359e-04,1.527107e-04,7.157039e-05,6.564502e-05,1.480902e-04,2.121106e-04,2.048846e-04,1.615405e-04,1.629659e-04,2.063473e-04,2.471366e-04,2.521331e-04,2.337514e-04,1.952868e-04,1.373752e-04,1.174311e-04,1.694916e-04,2.402384e-04,2.203469e-04,7.691349e-05,-1.145070e-04,-3.015305e-04
4.865651e-05,-4.939161e-04,-1.667271e-03,5.908523e-01,2.294812e-01,-1.183496e-02,-7.686645e-02,-3.385889e-02,1.267883e-02,2.393768e-02,2.068549e-02,1.482942e-02,1.084839e-02,1.368312e-02,1.801540e-02,1.952435e-02,1.555055e-02,1.125736e-02,9.296016e-03,9.921649e-03,1.311252e-02,1.469701e-02,1.469806e-02,1.482095e-02,1.366237e-02,1.430952e-02,1.413407e-02,1.424278e-02,1.409625e-02,1.264263e-02,1.184184e-02,1.136540e-02,1.121548e-02,1.150681e-02,1.181736e-02,1.196400e-02,-8.154779e-02,-6.861016e-02,-5.566631e-02,-4.277764e-02,-3.022559e-02,-1.830256e-02,-8.959285e-03,-1.650204e-03,3.758465e-03,6.982532e-03,7.715677e-03,6.759582e-03,5.172452e-03,3.586391e-03,2.139647e-03,9.887979e-04,2.772659e-04,-1.104873e-04,-2.304390e-04,-1.603240e-04,6.157801e-05,1.348055e-04,-2.394557e-04,-7.942931e-04,-9.647166e-04,-7.485744e-04,-4.796749e-04,-2.353031e-04,-7.278765e-05,7.427064e-05,2.883585e-04,5.852815e-04,8.640515e-04,-1.692526e-01,-1.236042e-01,-7.725473e-02,-3.830829e-02,-1.015923e-02,9.647557e-03,2.052122e-02,2.447958e-02,2.348159e-02,1.946746e-02,1.451905e-02,9.521415e-03,5.239258e-03,2.293655e-03,6.804131e-04,1.822276e-04,2.385705e-04,3.193366e-04,3.934064e-04,7.578599e-04,1.395648e-03,1.970408e-03,2.193285e-03,2.157542e-03,1.902032e-03,1.481173e-03,1.217578e-03,1.219590e-03,1.325734e-03,1.488977e-03,1.616492e-03,1.676907e-03,1.724898e-03,-4.258694e-04,-1.995709e-04,2.293237e-05,2.333772e-04,4.293434e-04,4.934063e-04,2.849573e-04,-3.359093e-04,-1.143402e-03,-1.625472e-03,-1.719530e-03,-1.670423e-03,-1.444127e-03,-6.556679e-04,5.953010e-04,1.524687e-03,1.776476e-03,1.634243e-03,1.324055e-03,9.455957e-04,4.133059e-04,-3.577584e-05,-1.714728e-04,-2.350004e-04,-7.455171e-04,-1.575893e-03,-2.168255e-03,-2.110873e-03,-1.030220e-03,8.468424e-04,2.839030e-03,4.649911e-03,6.472539e-03,4.800899e-03,1.491088e-03,-1.965238e-03,-4.008247e-03,-4.418702e-03,-4.150556e-03,-3.665659e-03,-3.149466e-03,-2.661442e-03,-2.301587e-03,-2.209793e-03,-2.034312e-03,-1.572587e-03,-1.003230e-03,-1.066164e-03,-1.847195e-03,-2.470251e-03,-2.536130e-03,-2.292537e-03,-2.375714e-03,-2.762493e-03,-3.090485e-03,-3.114111e-03,-2.913969e-03,-2.529878e-03,-1.987486e-03,-1.744590e-03,-2.104796e-03,-2.626546e-03,-2.452228e-03,-1.326042e-03,1.954675e-04,1.681830e-03
5.724881e-05,-4.521004e-04,-1.758370e-03,2.294812e-01,1.358171e-01,1.481038e-02,-2.100139e-02,-6.603832e-03,1.225272e-02,1.784130e-02,1.823387e-02,1.532520e-02,1.311772e-02,1.462940e-02,1.642531e-02,1.699519e-02,1.444689e-02,1.190251e-02,1.092213e-02,1.160798e-02,1.426234e-02,1.525975e-02,1.521032e-02,1.553990e-02,1.444567e-02,1.512945e-02,1.489720e-02,1.499381e-02,1.486139e-02,1.334511e-02,1.248739e-02,1.198766e-02,1.182948e-02,1.211674e-02,1.242524e-02,1.256428e-02,-4.701902e-02,-3.967925e-02,-3.233510e-02,-2.503133e-02,-1.800615e-02,-1.141883e-02,-5.768918e-03,-1.049238e-03,2.442711e-03,4.405008e-03,4.697367e-03,3.980126e-03,2.983961e-03,2.017110e-03,1.159015e-03,4.924410e-04,1.069712e-04,-8.141354e-05,-1.024210e-04,-5.736526e-06,1.984460e-04,2.227070e-04,-2.257253e-04,-8.524664e-04,-1.056829e-03,-8.352692e-04,-5.455209e-04,-2.763654e-04,-9.755076e-05,6.129061e-05,2.863128e-04,5.972274e-04,8.893043e-04,-8.775156e-02,-6.152841e-02,-3.479699e-02,-1.302320e-02,1.537745e-03,1.077490e-02,1.528505e-02,1.633142e-02,1.494033e-02,1.217193e-02,9.170851e-03,6.251307e-03,3.740485e-03,2.037776e-03,1.117001e-03,8.348385e-04,8.046034e-04,6.506179e-04,4.671857e-04,6.559348e-04,1.195727e-03,1.729575e-03,1.941614e-03,1.913822e-03,1.671947e-03,1.258576e-03,1.006580e-03,1.023925e-03,1.145561e-03,1.324703e-03,1.466016e-03,1.538516e-03,1.598093e-03,-2.970672e-04,-9.533997e-05,1.042248e-04,3.033955e-04,5.224533e-04,6.840608e-04,4.582407e-04,-2.224165e-04,-1.070353e-03,-1.569269e-03,-1.696020e-03,-1.699470e-03,-1.511488e-03,-6.997007e-04,6.118032e-04,1.594704e-03,1.868694e-03,1.724864e-03,1.400929e-03,1.003248e-03,4.462949e-04,-1.901079e-05,-1.505083e-04,-2.055636e-04,-7.333257e-04,-1.604386e-03,-2.232706e-03,-2.183638e-03,-1.059152e-03,9.063104e-04,2.989950e-03,4.882235e-03,6.787115e-03,3.360706e-03,7.224811e-04,-2.038008e-03,-3.660569e-03,-3.917131e-03,-3.509150e-03,-3.067195e-03,-2.706617e-03,-2.406581e-03,-2.218682e-03,-2.243841e-03,-2.119592e-03,-1.631328e-03,-9.921392e-04,-1.004707e-03,-1.768588e-03,-2.375596e-03,-2.401013e-03,-2.113975e-03,-2.186864e-03,-2.589221e-03,-2.937112e-03,-2.965265e-03,-2.765685e-03,-2.378297e-03,-1.826616e-03,-1.594792e-03,-1.994160e-03,-2.562181e-03,-2.387492e-03,-1.201447e-03,3.969929e-04,1.958575e-03
6.865111e-05,-3.492409e-04,-1.836270e-03,-1.183496e-02,1.481038e-02,5.211320e-02,3.360807e-02,2.135514e-02,1.128680e-02,1.161240e-02,1.575008e-02,1.573167e-02,1.522591e-02,1.541748e-02,1.476787e-02,1.450198e-02,1.337209e-02,1.250479e-02,1.243750e-02,1.315405e-02,1.528174e-02,1.570873e-02,1.561527e-02,1.614401e-02,1.511510e-02,1.582781e-02,1.554248e-02,1.563037e-02,1.551050e-02,1.394354e-02,1.304054e-02,1.252978e-02,1.236449e-02,1.263868e-02,1.293512e-02,1.306060e-02,-1.630346e-02,-1.403724e-02,-1.176900e-02,-9.522029e-03,-7.482099e-03,-5.680053e-03,-3.192647e-03,-6.541775e-04,1.168448e-03,1.996978e-03,1.880159e-03,1.373427e-03,9.139254e-04,5.122897e-04,1.968411e-04,-1.925099e-05,-9.973277e-05,-9.966571e-05,-2.458178e-05,1.017612e-04,2.949030e-04,2.812774e-04,-2.273522e-04,-9.123824e-04,-1.142235e-03,-9.134926e-04,-6.054620e-04,-3.171236e-04,-1.293070e-04,3.358286e-05,2.589805e-04,5.715336e-04,8.649418e-04,-3.496862e-03,3.234735e-03,1.026679e-02,1.455050e-02,1.509081e-02,1.330580e-02,1.104854e-02,8.838763e-03,6.767620e-03,5.015608e-03,3.791262e-03,2.828193e-03,2.007976e-03,1.507086e-03,1.266815e-03,1.208225e-03,1.110289e-03,7.414513e-04,3.209240e-04,3.466379e-04,7.930194e-04,1.286924e-03,1.487125e-03,1.465183e-03,1.234766e-03,8.280614e-04,5.863843e-04,6.162194e-04,7.514606e-04,9.444046e-04,1.097296e-03,1.181571e-03,1.252656e-03,-2.559584e-04,-5.259719e-05,1.496570e-04,3.532807e-04,6.011523e-04,8.592171e-04,6.146388e-04,-1.175665e-04,-9.891264e-04,-1.489642e-03,-1.638921e-03,-1.691185e-03,-1.542977e-03,-7.147420e-04,6.436764e-04,1.670390e-03,1.961193e-03,1.811002e-03,1.468946e-03,1.049055e-03,4.704345e-04,-3.089887e-06,-1.197544e-04,-1.544605e-04,-6.843921e-04,-1.582863e-03,-2.242553e-03,-2.209396e-03,-1.061192e-03,9.662087e-04,3.110827e-03,5.055175e-03,7.013068e-03,1.872168e-03,-4.353784e-05,-2.055151e-03,-3.183348e-03,-3.210818e-03,-2.607060e-03,-2.175545e-03,-1.958281e-03,-1.853017e-03,-1.854720e-03,-2.020919e-03,-1.976017e-03,-1.484566e-03,-7.943372e-04,-7.652563e-04,-1.508631e-03,-2.092432e-03,-2.062000e-03,-1.715306e-03,-1.757757e-03,-2.155191e-03,-2.509530e-03,-2.534351e-03,-2.339354e-03,-1.962461e-03,-1.421520e-03,-1.223425e-03,-1.676819e-03,-2.303255e-03,-2.138336e-03,-9.032744e-04,7.545589e-04,2.374254e-03
7.787849e-05,-3.048106e-04,-1.748454e-03,-7.686645e-02,-2.100139e-02,3.360807e-02,8.373651e-02,4.204751e-02,1.048233e-02,4.560423e-03,1.175293e-02,1.449257e-02,1.544467e-02,1.493382e-02,1.255199e-02,1.135834e-02,1.127785e-02,1.180296e-02,1.251784e-02,1.327773e-02,1.484776e-02,1.481056e-02,1.467295e-02,1.530749e-02,1.442069e-02,1.510368e-02,1.479624e-02,1.486432e-02,1.476717e-02,1.328744e-02,1.241548e-02,1.192853e-02,1.176984e-02,1.201666e-02,1.228618e-02,1.239453e-02,3.051801e-02,2.531091e-02,2.010215e-02,1.489338e-02,9.561948e-03,4.267642e-03,1.506307e-03,3.915380e-04,-1.754055e-04,-6.198062e-04,-1.025391e-03,-1.168006e-03,-9.895026e-04,-7.727629e-04,-5.457114e-04,-3.393727e-04,-1.512099e-04,-2.934162e-06,1.260359e-04,2.406581e-04,3.824233e-04,3.136166e-04,-2.230153e-04,-9.137224e-04,-1.155199e-03,-9.433395e-04,-6.440956e-04,-3.580842e-04,-1.702854e-04,-9.002456e-06,2.092932e-04,5.097887e-04,7.922288e-04,2.888085e-02,2.756324e-02,2.641807e-02,2.335915e-02,1.764803e-02,1.051471e-02,5.206628e-03,1.877082e-03,7.237524e-05,-5.220086e-04,-2.359982e-04,3.758070e-04,9.119364e-04,1.347747e-03,1.612183e-03,1.686718e-03,1.504906e-03,9.756090e-04,3.872186e-04,2.710617e-04,6.033071e-04,1.026375e-03,1.206115e-03,1.198275e-03,1.004218e-03,6.430211e-04,4.342931e-04,4.752389e-04,6.113574e-04,8.006719e-04,9.520801e-04,1.039221e-03,1.113894e-03,-4.679953e-04,-2.314141e-04,2.672188e-06,2.457413e-04,5.767926e-04,9.866640e-04,8.058882e-04,1.014853e-04,-7.483478e-04,-1.258747e-03,-1.455018e-03,-1.563279e-03,-1.463890e-03,-6.858878e-04,6.113615e-04,1.600516e-03,1.892816e-03,1.762570e-03,1.444981e-03,1.049354e-03,5.012998e-04,5.265805e-05,-5.580304e-05,-8.678839e-05,-5.897093e-04,-1.446459e-03,-2.079815e-03,-2.056226e-03,-9.706069e-04,9.536006e-04,2.988450e-03,4.833347e-03,6.691127e-03,1.289542e-03,-3.159091e-04,-1.993770e-03,-2.944111e-03,-2.897345e-03,-2.168204e-03,-1.723808e-03,-1.570738e-03,-1.561068e-03,-1.656932e-03,-1.883888e-03,-1.885252e-03,-1.429373e-03,-7.567358e-04,-6.997360e-04,-1.370857e-03,-1.895788e-03,-1.843540e-03,-1.499950e-03,-1.536766e-03,-1.916344e-03,-2.257075e-03,-2.283101e-03,-2.102009e-03,-1.749551e-03,-1.242008e-03,-1.063141e-03,-1.503431e-03,-2.108369e-03,-1.956216e-03,-7.830307e-04,7.905125e-04,2.327892e-03
6.614374e-05,-2.870825e-04,-1.790713e-03,-3.385889e-02,-6.603832e-03,2.135514e-02,4.204751e-02,5.888549e-02,1.846940e-02,1.021981e-02,1.183017e-02,1.331850e-02,1.531369e-02,1.539954e-02,1.231500e-02,1.034509e-02,1.048160e-02,1.165817e-02,1.298898e-02,1.400123e-02,1.539998e-02,1.512204e-02,1.491891e-02,1.562657e-02,1.478042e-02,1.549317e-02,1.515380e-02,1.520868e-02,1.511693e-02,1.360746e-02,1.270120e-02,1.220499e-02,1.205162e-02,1.230061e-02,1.257361e-02,1.268247e-02,5.776913e-02,4.807460e-02,3.837717e-02,2.868929e-02,1.894969e-02,9.375959e-03,3.152989e-03,-2.289762e-04,-1.932178e-03,-2.902022e-03,-3.206275e-03,-2.878137e-03,-2.117366e-03,-1.388334e-03,-7.527621e-04,-2.487393e-04,1.165844e-04,3.406805e-04,4.717672e-04,5.406253e-04,6.165377e-04,4.735176e-04,-1.382336e-04,-8.885765e-04,-1.160244e-03,-9.496452e-04,-6.376747e-04,-3.335441e-04,-1.316423e-04,4.053051e-05,2.685890e-04,5.804692e-04,8.739246e-04,1.938892e-02,1.638951e-02,1.344545e-02,9.657940e-03,4.503859e-03,-1.577414e-03,-5.196771e-03,-6.493108e-03,-6.139216e-03,-4.678214e-03,-2.696851e-03,-7.660598e-04,6.975066e-04,1.646745e-03,2.100230e-03,2.137929e-03,1.804332e-03,1.102349e-03,3.569245e-04,1.358127e-04,4.166031e-04,8.282084e-04,1.017817e-03,1.032745e-03,8.645589e-04,5.234117e-04,3.324411e-04,3.867294e-04,5.320973e-04,7.285687e-04,8.860639e-04,9.783380e-04,1.057903e-03,-5.838185e-04,-3.474314e-04,-1.135943e-04,1.372591e-04,5.045611e-04,1.012263e-03,9.010957e-04,1.995978e-04,-6.973239e-04,-1.244055e-03,-1.486420e-03,-1.638371e-03,-1.563282e-03,-7.738425e-04,5.548630e-04,1.570365e-03,1.871131e-03,1.738288e-03,1.414259e-03,1.011108e-03,4.530217e-04,-9.452187e-07,-1.058489e-04,-1.316195e-04,-6.416533e-04,-1.515561e-03,-2.162264e-03,-2.138884e-03,-1.030762e-03,9.358941e-04,3.014564e-03,4.897435e-03,6.793720e-03,1.032254e-03,-3.808267e-04,-1.847830e-03,-2.737850e-03,-2.763475e-03,-2.065181e-03,-1.662531e-03,-1.547072e-03,-1.571980e-03,-1.694971e-03,-1.927606e-03,-1.920952e-03,-1.439299e-03,-7.300330e-04,-6.506958e-04,-1.318812e-03,-1.841570e-03,-1.776899e-03,-1.417186e-03,-1.450570e-03,-1.838609e-03,-2.190792e-03,-2.222264e-03,-2.044950e-03,-1.693792e-03,-1.182904e-03,-1.008008e-03,-1.463304e-03,-2.085662e-03,-1.930104e-03,-7.251661e-04,8.885815e-04,2.465271e-03
-2.556792e-05,-3.284374e-04,-1.754286e-03,1.267883e-02,1.225272e-02,1.128680e-02,1.048233e-02,1.846940e-02,5.477041e-02,3.504302e-02,1.924980e-02,8.522430e-03,1.129439e-02,1.418818e-02,1.246433e-02,1.090806e-02,1.056606e-02,1.104004e-02,1.224067e-02,1.347665e-02,1.503694e-02,1.489624e-02,1.467410e-02,1.530665e-02,1.445910e-02,1.517233e-02,1.485420e-02,1.490293e-02,1.479856e-02,1.330760e-02,1.240971e-02,1.192068e-02,1.179868e-02,1.207603e-02,1.237515e-02,1.250915e-02,2.154690e-02,1.588494e-02,1.021792e-02,4.571757e-03,-1.109064e-03,-6.468831e-03,-8.384043e-03,-7.435767e-03,-5.393823e-03,-4.225900e-03,-3.223096e-03,-2.208384e-03,-1.216374e-03,-4.793012e-04,6.781116e-05,4.622257e-04,7.426169e-04,8.896048e-04,9.556123e-04,9.706523e-04,1.004865e-03,8.317604e-04,2.084957e-04,-5.442042e-04,-8.219552e-04,-6.214604e-04,-3.181195e-04,-1.865006e-05,1.854359e-04,3.614358e-04,5.937156e-04,9.103739e-04,1.208449e-03,7.319187e-03,4.061322e-03,7.992059e-04,-2.787742e-03,-7.012803e-03,-1.149927e-02,-1.301407e-02,-1.202492e-02,-9.470551e-03,-6.158130e-03,-2.991626e-03,-4.560711e-04,1.209514e-03,2.092492e-03,2.386939e-03,2.289173e-03,1.872195e-03,1.157116e-03,4.262247e-04,2.149555e-04,5.018465e-04,9.171762e-04,1.114949e-03,1.141528e-03,9.881525e-04,6.646669e-04,4.870290e-04,5.452546e-04,6.882123e-04,8.756650e-04,1.023949e-03,1.105826e-03,1.175047e-03,-1.074562e-03,-7.622755e-04,-4.519212e-04,-1.266789e-04,2.928865e-04,8.012753e-04,6.459478e-04,-1.551237e-04,-1.140249e-03,-1.655419e-03,-1.845661e-03,-1.937249e-03,-1.811212e-03,-1.013967e-03,2.853786e-04,1.255918e-03,1.509056e-03,1.342782e-03,1.006954e-03,6.088166e-04,6.468924e-05,-3.712631e-04,-4.683648e-04,-4.879158e-04,-9.837008e-04,-1.828499e-03,-2.438297e-03,-2.386842e-03,-1.280615e-03,6.609305e-04,2.713256e-03,4.567245e-03,6.435040e-03,5.824058e-04,-6.262485e-04,-1.877416e-03,-2.640101e-03,-2.655787e-03,-2.042218e-03,-1.771671e-03,-1.781314e-03,-1.886814e-03,-2.037436e-03,-2.226542e-03,-2.147935e-03,-1.607421e-03,-8.632829e-04,-7.554537e-04,-1.405004e-03,-1.920747e-03,-1.870813e-03,-1.531187e-03,-1.574974e-03,-1.969564e-03,-2.332028e-03,-2.386088e-03,-2.230002e-03,-1.894597e-03,-1.390177e-03,-1.200292e-03,-1.619605e-03,-2.198470e-03,-2.023887e-03,-8.205557e-04,7.889033e-04,2.361384e-03
-3.537251e-05,-2.987526e-04,-1.705129e-03,2.393768e-02,1.784130e-02,1.161240e-02,4.560423e-03,1.021981e-02,3.504302e-02,6.917914e-02,2.746859e-02,6.491297e-03,6.487950e-03,1.254725e-02,1.350438e-02,1.299577e-02,1.189358e-02,1.086077e-02,1.105229e-02,1.222881e-02,1.428698e-02,1.462949e-02,1.445408e-02,1.493614e-02,1.402333e-02,1.471260e-02,1.443942e-02,1.450255e-02,1.438096e-02,1.292024e-02,1.206113e-02,1.159345e-02,1.147766e-02,1.175561e-02,1.205300e-02,1.219060e-02,1.309311e-03,-2.280341e-03,-5.875167e-03,-9.448896e-03,-1.306647e-02,-1.633435e-02,-1.660315e-02,-1.304617e-02,-7.669195e-03,-4.195654e-03,-1.786558e-03,-2.641462e-04,5.977172e-04,9.314595e-04,9.839439e-04,9.328714e-04,9.134625e-04,8.742185e-04,8.461418e-04,8.349074e-04,8.872462e-04,7.614489e-04,2.013008e-04,-4.933729e-04,-7.392081e-04,-5.359054e-04,-2.453355e-04,3.440072e-05,2.216127e-04,3.832723e-04,5.998773e-04,8.983170e-04,1.178720e-03,-1.065287e-03,-9.132540e-04,-7.774184e-04,-8.103337e-04,-1.578491e-03,-3.359777e-03,-3.956190e-03,-3.435155e-03,-2.287327e-03,-8.792772e-04,3.329113e-04,1.200529e-03,1.641520e-03,1.734926e-03,1.634537e-03,1.461516e-03,1.168873e-03,6.628650e-04,1.476226e-04,8.389761e-05,4.558203e-04,9.088763e-04,1.114160e-03,1.129028e-03,9.563075e-04,6.172781e-04,4.244414e-04,4.683484e-04,6.000728e-04,7.765632e-04,9.145244e-04,9.881101e-04,1.049418e-03,-1.071738e-03,-7.565904e-04,-4.427864e-04,-1.152671e-04,3.020970e-04,8.045778e-04,7.261081e-04,-1.069321e-04,-1.227491e-03,-1.787980e-03,-1.972698e-03,-2.017063e-03,-1.833746e-03,-1.013427e-03,2.744570e-04,1.225450e-03,1.462394e-03,1.285252e-03,9.437725e-04,5.450742e-04,9.207616e-06,-4.157038e-04,-5.067659e-04,-5.196847e-04,-9.947364e-04,-1.809301e-03,-2.396870e-03,-2.344717e-03,-1.271321e-03,6.125417e-04,2.602439e-03,4.398503e-03,6.208170e-03,1.040610e-03,-2.138986e-04,-1.506518e-03,-2.361181e-03,-2.537250e-03,-2.116196e-03,-1.911371e-03,-1.888196e-03,-1.900762e-03,-1.944405e-03,-2.049838e-03,-1.941852e-03,-1.421134e-03,-7.192780e-04,-6.414271e-04,-1.299948e-03,-1.820964e-03,-1.778152e-03,-1.444608e-03,-1.474501e-03,-1.843558e-03,-2.185140e-03,-2.230503e-03,-2.077564e-03,-1.755048e-03,-1.270868e-03,-1.094058e-03,-1.507705e-03,-2.075238e-03,-1.907744e-03,-7.366568e-04,8.283622e-04,2.357415e-03
-1.805105e-05,-3.502627e-04,-1.824782e-03,2.068549e-02,1.823387e-02,1.575008e-02,1.175293e-02,1.183017e-02,1.924980e-02,2.746859e-02,4.786087e-02,2.066920e-02,1.585013e-02,1.380309e-02,1.383646e-02,1.484699e-02,1.386040e-02,1.268038e-02,1.242916e-02,1.301458e-02,1.513602e-02,1.560598e-02,1.555433e-02,1.605781e-02,1.500102e-02,1.570459e-02,1.544206e-02,1.553745e-02,1.540359e-02,1.383452e-02,1.294053e-02,1.243416e-02,1.229104e-02,1.259201e-02,1.291139e-02,1.305865e-02,-1.151295e-02,-1.110159e-02,-1.069332e-02,-1.027300e-02,-9.883420e-03,-9.286089e-03,-7.357352e-03,-3.020958e-03,1.931671e-03,3.805229e-03,3.834645e-03,2.951320e-03,1.960199e-03,1.138974e-03,5.436528e-04,1.578075e-04,-6.808022e-06,-2.619432e-05,7.496739e-05,2.533980e-04,5.038339e-04,5.418822e-04,7.739248e-05,-5.799462e-04,-7.971196e-04,-5.698616e-04,-2.722664e-04,2.838729e-06,1.820898e-04,3.390121e-04,5.589047e-04,8.668622e-04,1.155425e-03,-3.098947e-03,-9.155751e-04,1.269280e-03,3.198311e-03,4.391101e-03,4.573510e-03,4.521727e-03,4.395053e-03,4.159181e-03,3.830422e-03,3.434279e-03,2.768356e-03,1.955765e-03,1.396744e-03,1.116484e-03,1.079723e-03,1.032922e-03,7.181471e-04,3.467267e-04,4.095273e-04,8.726965e-04,1.364370e-03,1.553206e-03,1.515105e-03,1.268523e-03,8.508705e-04,6.023771e-04,6.274105e-04,7.591481e-04,9.447110e-04,1.088956e-03,1.163371e-03,1.224564e-03,-7.294261e-04,-4.491162e-04,-1.691814e-04,1.133849e-04,4.368935e-04,7.708437e-04,5.904273e-04,-3.255328e-04,-1.507039e-03,-2.033764e-03,-2.114285e-03,-2.060053e-03,-1.819325e-03,-9.521390e-04,3.999077e-04,1.395966e-03,1.642272e-03,1.451895e-03,1.086854e-03,6.600542e-04,8.607664e-05,-3.722820e-04,-4.747074e-04,-4.937140e-04,-1.006986e-03,-1.882491e-03,-2.513917e-03,-2.457769e-03,-1.305175e-03,7.150844e-04,2.850363e-03,4.779995e-03,6.723887e-03,1.208962e-03,-1.520875e-04,-1.556258e-03,-2.485399e-03,-2.751251e-03,-2.500570e-03,-2.367198e-03,-2.328051e-03,-2.266141e-03,-2.219037e-03,-2.271847e-03,-2.100382e-03,-1.511519e-03,-7.762486e-04,-7.306898e-04,-1.478032e-03,-2.068505e-03,-2.041246e-03,-1.694364e-03,-1.732391e-03,-2.127707e-03,-2.487815e-03,-2.528814e-03,-2.353600e-03,-1.995280e-03,-1.465793e-03,-1.266651e-03,-1.704939e-03,-2.310086e-03,-2.131450e-03,-8.832621e-04,7.879616e-04,2.420739e-03
2.368843e-05,-3.444444e-04,-1.747646e-03,1.482942e-02,1.532520e-02,1.573167e-02,1.449257e-02,1.331850e-02,8.522430e-03,6.491297e-03,2.066920e-02,6.227135e-02,3.810754e-02,1.701755e-02,8.771747e-03,1.149252e-02,1.265564e-02,1.379662e-02,1.431892e-02,1.382565e-02,1.480473e-02,1.458628e-02,1.470376e-02,1.539652e-02,1.439654e-02,1.501909e-02,1.476193e-02,1.487727e-02,1.477299e-02,1.328050e-02,1.244911e-02,1.195193e-02,1.178099e-02,1.205462e-02,1.234338e-02,1.246756e-02,-1.607498e-02,-1.211830e-02,-8.163101e-03,-4.202332e-03,-2.520941e-04,3.781255e-03,8.007301e-03,1.295018e-02,1.638049e-02,1.481917e-02,1.019108e-02,5.128947e-03,1.395733e-03,-7.559006e-04,-1.705488e-03,-1.991622e-03,-1.952037e-03,-1.656564e-03,-1.195331e-03,-6.590626e-04,-1.149921e-04,1.544198e-04,-1.265596e-04,-6.624883e-04,-8.255147e-04,-6.014069e-04,-3.320280e-04,-9.450265e-05,5.336500e-05,1.844627e-04,3.792156e-04,6.581320e-04,9.185305e-04,4.015250e-04,9.920980e-04,1.600707e-03,1.835545e-03,1.534423e-03,9.482525e-04,3.950651e-04,7.028394e-05,-6.579109e-07,2.042831e-04,8.937671e-04,1.018494e-03,6.032883e-04,5.923885e-04,8.527236e-04,1.264556e-03,1.490293e-03,1.243228e-03,8.524571e-04,8.895975e-04,1.282009e-03,1.678409e-03,1.781872e-03,1.669294e-03,1.365428e-03,9.120189e-04,6.356748e-04,6.423146e-04,7.649983e-04,9.459587e-04,1.087253e-03,1.161448e-03,1.222963e-03,-2.396914e-04,-2.582655e-05,1.882265e-04,3.937267e-04,5.918973e-04,7.230260e-04,3.737934e-04,-6.150391e-04,-1.745453e-03,-2.122599e-03,-1.970258e-03,-1.737787e-03,-1.447572e-03,-6.507865e-04,5.797379e-04,1.484574e-03,1.707852e-03,1.527743e-03,1.182921e-03,7.778628e-04,2.332719e-04,-2.043125e-04,-3.024312e-04,-3.220546e-04,-8.161487e-04,-1.659917e-03,-2.273691e-03,-2.228654e-03,-1.128769e-03,8.040455e-04,2.847930e-03,4.698125e-03,6.561562e-03,9.272768e-04,-3.058771e-04,-1.583595e-03,-2.380535e-03,-2.554640e-03,-2.317869e-03,-2.192825e-03,-2.160403e-03,-2.117654e-03,-2.096193e-03,-2.214776e-03,-2.051713e-03,-1.446372e-03,-7.399502e-04,-7.108271e-04,-1.443566e-03,-2.019231e-03,-1.990496e-03,-1.655894e-03,-1.699719e-03,-2.083823e-03,-2.427783e-03,-2.461385e-03,-2.284260e-03,-1.931140e-03,-1.417538e-03,-1.224587e-03,-1.648284e-03,-2.234662e-03,-2.070021e-03,-8.845621e-04,7.055097e-04,2.258993e-03
1.032943e-05,-3.674574e-04,-1.765445e-03,1.084839e-02,1.311772e-02,1.522591e-02,1.544467e-02,1.531369e-02,1.129439e-02,6.487950e-03,1.585013e-02,3.810754e-02,6.497500e-02,2.256473e-02,7.441361e-03,6.246829e-03,9.652530e-03,1.367489e-02,1.598084e-02,1.561390e-02,1.559400e-02,1.442944e-02,1.446309e-02,1.542760e-02,1.459712e-02,1.523620e-02,1.491113e-02,1.499529e-02,1.492257e-02,1.343434e-02,1.256572e-02,1.205164e-02,1.188401e-02,1.215161e-02,1.243697e-02,1.255483e-02,-4.226143e-04,1.005896e-03,2.433344e-03,3.864661e-03,5.295451e-03,6.775890e-03,8.272369e-03,1.035142e-02,1.175925e-02,1.014640e-02,5.593009e-03,9.488842e-04,-1.911840e-03,-3.149534e-03,-3.151123e-03,-2.645157e-03,-2.077254e-03,-1.464016e-03,-8.532698e-04,-2.897878e-04,2.025769e-04,3.795636e-04,5.287239e-07,-6.162044e-04,-8.289702e-04,-6.187714e-04,-3.383251e-04,-7.645847e-05,9.457641e-05,2.449859e-04,4.580939e-04,7.567068e-04,1.036509e-03,4.599809e-03,3.310753e-03,2.046116e-03,2.995224e-04,-2.067546e-03,-4.664452e-03,-7.202881e-03,-9.156116e-03,-1.001258e-02,-9.372386e-03,-6.370970e-03,-3.177731e-03,-1.006327e-03,8.048284e-04,2.039508e-03,2.699809e-03,2.733071e-03,2.111815e-03,1.325812e-03,1.075495e-03,1.281308e-03,1.579682e-03,1.656151e-03,1.563635e-03,1.304248e-03,8.969638e-04,6.605040e-04,6.935478e-04,8.323070e-04,1.024833e-03,1.177613e-03,1.262276e-03,1.334091e-03,-3.526196e-04,-1.411620e-04,7.006481e-05,2.747729e-04,4.784541e-04,6.300921e-04,3.331912e-04,-5.578211e-04,-1.649128e-03,-2.169104e-03,-2.077060e-03,-1.854417e-03,-1.568115e-03,-7.510372e-04,4.972813e-04,1.414832e-03,1.647440e-03,1.474158e-03,1.135776e-03,7.363219e-04,1.932877e-04,-2.447372e-04,-3.446492e-04,-3.678827e-04,-8.718011e-04,-1.727818e-03,-2.348180e-03,-2.300020e-03,-1.184743e-03,7.723951e-04,2.843182e-03,4.717519e-03,6.605275e-03,8.229925e-04,-4.372600e-04,-1.743549e-03,-2.547479e-03,-2.697288e-03,-2.406579e-03,-2.179792e-03,-2.028686e-03,-1.905007e-03,-1.880109e-03,-2.162863e-03,-2.177190e-03,-1.657837e-03,-9.605516e-04,-8.931476e-04,-1.569539e-03,-2.092486e-03,-2.028404e-03,-1.676873e-03,-1.730710e-03,-2.139037e-03,-2.507691e-03,-2.561590e-03,-2.395734e-03,-2.044564e-03,-1.524018e-03,-1.321256e-03,-1.738944e-03,-2.320478e-03,-2.146841e-03,-9.441693e-04,6.686212e-04,2.244333e-03
3.495858e-05,-3.138169e-04,-1.775302e-03,1.368312e-02,1.462940e-02,1.541748e-02,1.493382e-02,1.539954e-02,1.418818e-02,1.254725e-02,1.380309e-02,1.701755e-02,2.256473e-02,4.826968e-02,2.651892e-02,1.575346e-02,7.383750e-03,6.668357e-03,9.958820e-03,1.305693e-02,1.532853e-02,1.562840e-02,1.506977e-02,1.543164e-02,1.459676e-02,1.542027e-02,1.504717e-02,1.504950e-02,1.495735e-02,1.345875e-02,1.250728e-02,1.203058e-02,1.192779e-02,1.218452e-02,1.246958e-02,1.259046e-02,2.991495e-03,2.658640e-03,2.324722e-03,1.994786e-03,1.663799e-03,1.386982e-03,1.436287e-03,1.844291e-03,2.045440e-03,1.345877e-03,-8.286765e-04,-1.959238e-03,-1.176853e-03,3.212056e-05,1.225211e-03,2.121880e-03,2.570940e-03,2.596169e-03,2.353376e-03,1.960695e-03,1.590279e-03,1.052754e-03,1.300390e-04,-8.133135e-04,-1.191276e-03,-1.009306e-03,-6.736768e-04,-3.191943e-04,-6.926339e-05,1.421799e-04,4.044044e-04,7.501456e-04,1.077529e-03,1.506184e-03,1.461369e-03,1.434563e-03,1.043727e-03,2.147229e-04,-6.565765e-04,-1.026292e-03,-6.635137e-04,5.465847e-04,2.619739e-03,6.066095e-03,8.258504e-03,8.089967e-03,6.702847e-03,4.904221e-03,3.215928e-03,1.758679e-03,5.554674e-04,-3.958745e-04,-7.059566e-04,-3.879511e-04,1.483327e-04,4.967010e-04,6.854863e-04,6.816641e-04,4.725131e-04,3.733174e-04,4.704673e-04,6.264769e-04,8.203737e-04,9.761244e-04,1.066914e-03,1.145111e-03,-2.205530e-04,-4.112325e-05,1.380039e-04,3.134595e-04,5.038325e-04,6.730810e-04,4.040856e-04,-3.604261e-04,-1.293417e-03,-1.820717e-03,-1.828493e-03,-1.779233e-03,-1.658416e-03,-8.816774e-04,4.143882e-04,1.400712e-03,1.692149e-03,1.569716e-03,1.266263e-03,8.860061e-04,3.444301e-04,-9.903397e-05,-2.028772e-04,-2.342036e-04,-7.474551e-04,-1.618759e-03,-2.258094e-03,-2.228001e-03,-1.120842e-03,8.377439e-04,2.909445e-03,4.785042e-03,6.674091e-03,8.268229e-04,-3.476469e-04,-1.568365e-03,-2.294662e-03,-2.369249e-03,-2.005335e-03,-1.771594e-03,-1.688015e-03,-1.697601e-03,-1.830592e-03,-2.245741e-03,-2.287672e-03,-1.682895e-03,-8.293694e-04,-6.494119e-04,-1.278599e-03,-1.811955e-03,-1.805746e-03,-1.497936e-03,-1.556423e-03,-1.956069e-03,-2.314538e-03,-2.351906e-03,-2.178140e-03,-1.827574e-03,-1.312785e-03,-1.125215e-03,-1.559737e-03,-2.159327e-03,-1.993644e-03,-7.904043e-04,8.204746e-04,2.394363e-03
1.871589e-04,-2.636672e-04,-1.607287e-03,1.801540e-02,1.642531e-02,1.476787e-02,1.255199e-02,1.231500e-02,1.246433e-02,1.350438e-02,1.383646e-02,8.771747e-03,7.441361e-03,2.651892e-02,6.945803e-02,3.929068e-02,1.292028e-02,-3.884240e-03,-2.955778e-03,4.868676e-03,1.221985e-02,1.636797e-02,1.525908e-02,1.414495e-02,1.294006e-02,1.393251e-02,1.370324e-02,1.366680e-02,1.350811e-02,1.211738e-02,1.121761e-02,1.084769e-02,1.079424e-02,1.100350e-02,1.125055e-02,1.135483e-02,-1.124990e-02,-1.027863e-02,-9.308873e-03,-8.333213e-03,-7.370970e-03,-6.313787e-03,-4.457197e-03,-2.032148e-03,6.648167e-04,3.620347e-03,5.373929e-03,7.527054e-03,1.009862e-02,1.109250e-02,1.072558e-02,9.707399e-03,8.459884e-03,6.823241e-03,5.086499e-03,3.423728e-03,2.109884e-03,9.304007e-04,-3.781863e-04,-1.470037e-03,-1.913110e-03,-1.746463e-03,-1.384131e-03,-9.844382e-04,-6.968212e-04,-4.594194e-04,-1.845013e-04,1.622027e-04,4.932248e-04,-4.689015e-03,-1.988135e-03,7.182441e-04,3.274719e-03,5.608736e-03,7.929115e-03,1.098855e-02,1.466688e-02,1.858038e-02,2.229927e-02,2.580949e-02,2.619637e-02,2.168070e-02,1.402426e-02,6.738575e-03,1.492913e-03,-1.647957e-03,-2.903494e-03,-3.266956e-03,-3.055331e-03,-2.220771e-03,-1.199569e-03,-4.588470e-04,4.631115e-05,2.865752e-04,2.547806e-04,2.545861e-04,3.720863e-04,5.055802e-04,6.686550e-04,8.008919e-04,8.787872e-04,9.456817e-04,6.304773e-04,7.619076e-04,8.932061e-04,1.019572e-03,1.174788e-03,1.332653e-03,1.077512e-03,3.941760e-04,-4.643308e-04,-1.065742e-03,-1.240061e-03,-1.370097e-03,-1.355870e-03,-5.915986e-04,7.272403e-04,1.760014e-03,2.134084e-03,2.113124e-03,1.885039e-03,1.550719e-03,1.039499e-03,5.978648e-04,4.686984e-04,4.026299e-04,-9.043345e-05,-9.124888e-04,-1.535288e-03,-1.550080e-03,-5.681406e-04,1.196184e-03,3.064878e-03,4.767705e-03,6.481319e-03,6.835313e-04,-3.187011e-04,-1.361797e-03,-1.975446e-03,-2.003283e-03,-1.612978e-03,-1.381994e-03,-1.338554e-03,-1.420187e-03,-1.649595e-03,-2.157080e-03,-2.315253e-03,-1.686149e-03,-6.141123e-04,-2.526124e-04,-7.850498e-04,-1.351114e-03,-1.520421e-03,-1.385566e-03,-1.490766e-03,-1.849811e-03,-2.138323e-03,-2.108757e-03,-1.890369e-03,-1.526258e-03,-1.037016e-03,-8.707441e-04,-1.288165e-03,-1.865509e-03,-1.744892e-03,-6.952982e-04,7.169467e-04,2.096711e-03
2.509941e-04,-2.576314e-04,-1.504473e-03,1.952435e-02,1.699519e-02,1.450198e-02,1.135834e-02,1.034509e-02,1.090806e-02,1.299577e-02,1.484699e-02,1.149252e-02,6.246829e-03,1.575346e-02,3.929068e-02,7.146079e-02,3.024819e-02,-4.226702e-04,-1.116832e-02,-3.473856e-03,8.467052e-03,1.656655e-02,1.591224e-02,1.375954e-02,1.185942e-02,1.275267e-02,1.287364e-02,1.297085e-02,1.266956e-02,1.128386e-02,1.055929e-02,1.024174e-02,1.015290e-02,1.038483e-02,1.064647e-02,1.077539e-02,-2.293641e-02,-2.045300e-02,-1.797155e-02,-1.548247e-02,-1.301793e-02,-1.041741e-02,-6.684198e-03,-1.875983e-03,3.881779e-03,1.065167e-02,1.661946e-02,2.180604e-02,2.501982e-02,2.356936e-02,1.869138e-02,1.341877e-02,9.364709e-03,6.001074e-03,3.420645e-03,1.559763e-03,4.715670e-04,-2.509547e-04,-1.052304e-03,-1.727065e-03,-1.917488e-03,-1.678545e-03,-1.364017e-03,-1.073688e-03,-8.861971e-04,-7.300227e-04,-5.282021e-04,-2.595261e-04,-5.418344e-06,-7.631539e-03,-3.373570e-03,8.831840e-04,5.071074e-03,8.972414e-03,1.249208e-02,1.636267e-02,2.032169e-02,2.379418e-02,2.622054e-02,2.726072e-02,2.491047e-02,1.801011e-02,8.310738e-03,1.646424e-04,-4.539442e-03,-6.255633e-03,-5.763557e-03,-4.457205e-03,-3.084305e-03,-1.545046e-03,-2.034913e-04,5.707249e-04,9.240584e-04,9.266183e-04,6.690627e-04,4.826109e-04,4.824683e-04,5.481724e-04,6.664929e-04,7.563734e-04,7.952391e-04,8.237405e-04,9.156863e-04,1.051152e-03,1.186404e-03,1.318170e-03,1.493993e-03,1.698577e-03,1.516241e-03,9.108753e-04,8.517662e-05,-5.997790e-04,-1.008463e-03,-1.378017e-03,-1.485421e-03,-6.557799e-04,8.448821e-04,2.021693e-03,2.458410e-03,2.455477e-03,2.212393e-03,1.848261e-03,1.312842e-03,8.461848e-04,6.902917e-04,6.095186e-04,1.431161e-04,-6.257201e-04,-1.210801e-03,-1.227253e-03,-3.075494e-04,1.343485e-03,3.091082e-03,4.688895e-03,6.296104e-03,7.313961e-04,-2.403714e-04,-1.248922e-03,-1.869260e-03,-1.945465e-03,-1.606458e-03,-1.419348e-03,-1.413708e-03,-1.520613e-03,-1.747968e-03,-2.160793e-03,-2.256314e-03,-1.611808e-03,-4.884908e-04,-1.018269e-04,-6.523815e-04,-1.275432e-03,-1.531764e-03,-1.481514e-03,-1.594991e-03,-1.909694e-03,-2.138062e-03,-2.057922e-03,-1.803451e-03,-1.423974e-03,-9.475890e-04,-7.916743e-04,-1.199301e-03,-1.762317e-03,-1.669016e-03,-7.099598e-04,5.877185e-04,1.855394e-03
1.834480e-04,-3.238971e-04,-1.401810e-03,1.555055e-02,1.444689e-02,1.337209e-02,1.127785e-02,1.048160e-02,1.056606e-02,1.189358e-02,1.386040e-02,1.265564e-02,9.652530e-03,7.383750e-03,1.292028e-02,3.024819e-02,5.784737e-02,2.071714e-02,-8.091251e-04,-4.824994e-03,5.580926e-03,1.366761e-02,1.461844e-02,1.336247e-02,1.131125e-02,1.162046e-02,1.192888e-02,1.226581e-02,1.188898e-02,1.052967e-02,1.008027e-02,9.731111e-03,9.528124e-03,9.835946e-03,1.014720e-02,1.032775e-02,-1.546564e-02,-1.384845e-02,-1.223276e-02,-1.061138e-02,-9.007094e-03,-7.298302e-03,-4.741083e-03,-1.373907e-03,2.589583e-03,7.064487e-03,1.152030e-02,1.574644e-02,1.838063e-02,1.675293e-02,1.075646e-02,4.448819e-03,2.695829e-04,-2.205523e-03,-3.298726e-03,-3.369729e-03,-2.724420e-03,-1.884843e-03,-1.395376e-03,-1.233866e-03,-9.749929e-04,-6.566494e-04,-4.944219e-04,-4.617367e-04,-4.925305e-04,-5.049516e-04,-4.444407e-04,-3.170421e-04,-2.042627e-04,-4.551550e-03,-1.452295e-03,1.649631e-03,4.608586e-03,7.162758e-03,9.162589e-03,1.107468e-02,1.260797e-02,1.321679e-02,1.240876e-02,9.708129e-03,4.416829e-03,-3.222190e-03,-1.060114e-02,-1.364645e-02,-1.216598e-02,-8.645194e-03,-5.000532e-03,-1.781159e-03,6.159880e-04,2.373987e-03,3.379926e-03,3.569147e-03,3.203493e-03,2.495896e-03,1.670725e-03,1.077629e-03,8.634942e-04,8.425253e-04,9.185760e-04,9.645497e-04,9.565585e-04,9.382150e-04,5.740468e-04,7.222645e-04,8.702438e-04,1.014939e-03,1.193055e-03,1.388457e-03,1.231042e-03,6.876996e-04,-3.006588e-05,-5.713486e-04,-9.537405e-04,-1.355621e-03,-1.540263e-03,-8.647612e-04,6.087194e-04,1.807886e-03,2.242094e-03,2.197804e-03,1.912930e-03,1.518253e-03,9.812241e-04,5.206731e-04,3.573762e-04,2.849481e-04,-1.402920e-04,-8.314949e-04,-1.338551e-03,-1.312002e-03,-4.266983e-04,1.127141e-03,2.770120e-03,4.270070e-03,5.779001e-03,5.799731e-04,-3.899526e-04,-1.393425e-03,-2.031213e-03,-2.175443e-03,-1.948203e-03,-1.850069e-03,-1.891146e-03,-1.983534e-03,-2.104157e-03,-2.240225e-03,-2.042977e-03,-1.271291e-03,-2.652941e-04,-1.655911e-04,-1.013220e-03,-1.785454e-03,-2.000500e-03,-1.885611e-03,-1.927695e-03,-2.165201e-03,-2.337244e-03,-2.250108e-03,-2.001476e-03,-1.634971e-03,-1.180992e-03,-1.019886e-03,-1.389726e-03,-1.901809e-03,-1.807820e-03,-9.065430e-04,3.187799e-04,1.515570e-03
