6.076247e-04,-5.741272e-06,-2.782663e-06,-6.421301e-05,-5.913603e-05,-5.403037e-05,-4.950930e-05,-4.597456e-05,-4.384315e-05,-4.293403e-05,-4.171866e-05,-4.159870e-05,-4.211897e-05,-4.312812e-05,-4.572728e-05,-5.002274e-05,-5.439089e-05,-5.634370e-05,-5.524966e-05,-5.198091e-05,-4.662645e-05,-3.983652e-05,-3.177785e-05,-2.399836e-05,-1.657816e-05,-1.237795e-05,-1.050953e-05,-1.201052e-05,-1.724829e-05,-2.716102e-05,-4.326400e-05,-6.620303e-05,-9.471727e-05,-1.247564e-04,-1.552112e-04,-1.854493e-04,-1.939815e-03,-1.938025e-03,-1.936236e-03,-1.934438e-03,-1.932648e-03,-1.930728e-03,-1.928758e-03,-1.926324e-03,-1.923628e-03,-1.920782e-03,-1.917664e-03,-1.914355e-03,-1.910825e-03,-1.907070e-03,-1.903276e-03,-1.899611e-03,-1.896307e-03,-1.893610e-03,-1.891781e-03,-1.890992e-03,-1.891349e-03,-1.893237e-03,-1.896225e-03,-1.900683e-03,-1.906580e-03,-1.913389e-03,-1.921089e-03,-1.929276e-03,-1.937803e-03,-1.946379e-03,-1.955006e-03,-1.963754e-03,-1.972472e-03,-3.789769e-05,-3.252596e-05,-2.715226e-05,-2.186028e-05,-1.679432e-05,-1.197238e-05,-7.579729e-06,-3.479150e-06,4.592533e-07,4.300322e-06,8.025850e-06,1.181773e-05,1.565283e-05,1.944661e-05,2.325265e-05,2.688902e-05,3.040024e-05,3.373315e-05,3.675017e-05,3.932195e-05,4.135675e-05,4.258282e-05,4.310623e-05,4.296100e-05,4.216940e-05,4.072819e-05,3.901336e-05,3.705549e-05,3.497764e-05,3.298168e-05,3.083640e-05,2.873979e-05,2.664984e-05,2.841952e-03,2.763298e-03,2.684601e-03,2.605496e-03,2.528725e-03,2.455757e-03,2.390121e-03,2.332875e-03,2.285308e-03,2.247081e-03,2.217652e-03,2.198597e-03,2.191524e-03,2.194925e-03,2.206754e-03,2.221676e-03,2.232749e-03,2.235984e-03,2.231919e-03,2.220325e-03,2.200902e-03,2.176437e-03,2.146646e-03,2.112944e-03,2.075032e-03,2.031522e-03,1.985063e-03,1.937260e-03,1.890679e-03,1.843656e-03,1.797476e-03,1.753009e-03,1.708315e-03,-1.949923e-04,-1.750549e-04,-1.551417e-04,-1.347103e-04,-1.124291e-04,-8.778715e-05,-6.205657e-05,-3.818181e-05,-1.871513e-05,-6.167578e-06,-1.013530e-06,-1.330113e-06,-5.263997e-06,-1.262409e-05,-2.150362e-05,-3.187709e-05,-4.125410e-05,-4.746307e-05,-4.815836e-05,-4.105761e-05,-2.624424e-05,-6.115659e-06,1.561424e-05,3.536594e-05,4.920220e-05,5.485801e-05,5.178465e-05,4.063517e-05,2.395130e-05,3.743648e-06,-2.020456e-05,-4.484042e-05,-6.934603e-05
-5.741272e-06,4.970765e-04,1.495780e-05,-1.283659e-04,-1.248493e-04,-1.206251e-04,-1.161191e-04,-1.128819e-04,-1.109362e-04,-1.109840e-04,-1.134312e-04,-1.176696e-04,-1.221102e-04,-1.268426e-04,-1.309363e-04,-1.352031e-04,-1.372530e-04,-1.377370e-04,-1.377845e-04,-1.374816e-04,-1.348829e-04,-1.312024e-04,-1.259250e-04,-1.200360e-04,-1.137430e-04,-1.083155e-04,-1.036108e-04,-9.976629e-05,-9.634170e-05,-9.481705e-05,-9.528898e-05,-9.835813e-05,-1.041036e-04,-1.137277e-04,-1.232037e-04,-1.321405e-04,-3.975245e-05,-3.387675e-05,-2.800399e-05,-2.214797e-05,-1.633013e-05,-1.050444e-05,-4.904944e-06,4.841654e-07,5.819010e-06,1.109816e-05,1.632738e-05,2.169992e-05,2.717591e-05,3.240221e-05,3.712116e-05,4.096690e-05,4.397004e-05,4.611657e-05,4.738908e-05,4.785427e-05,4.757418e-05,4.648332e-05,4.475521e-05,4.232160e-05,3.924490e-05,3.539826e-05,3.096082e-05,2.582679e-05,2.015993e-05,1.407140e-05,7.351343e-06,4.231622e-07,-6.472311e-06,-1.442706e-03,-1.449428e-03,-1.456101e-03,-1.462293e-03,-1.468189e-03,-1.473626e-03,-1.478766e-03,-1.483542e-03,-1.487909e-03,-1.491755e-03,-1.494971e-03,-1.497649e-03,-1.499457e-03,-1.500330e-03,-1.500273e-03,-1.499589e-03,-1.498483e-03,-1.496929e-03,-1.495624e-03,-1.494665e-03,-1.494255e-03,-1.494715e-03,-1.496047e-03,-1.498317e-03,-1.501569e-03,-1.505660e-03,-1.510753e-03,-1.516683e-03,-1.523084e-03,-1.529995e-03,-1.536970e-03,-1.543688e-03,-1.550356e-03,-1.528058e-04,-1.379276e-04,-1.230624e-04,-1.078965e-04,-9.169737e-05,-7.408093e-05,-5.573919e-05,-3.857990e-05,-2.461710e-05,-1.550041e-05,-1.138140e-05,-1.116781e-05,-1.389423e-05,-1.899193e-05,-2.445704e-05,-3.008644e-05,-3.449371e-05,-3.647389e-05,-3.475506e-05,-2.805982e-05,-1.691145e-05,-3.120773e-06,1.100355e-05,2.352709e-05,3.182207e-05,3.400242e-05,2.934424e-05,1.796870e-05,1.333382e-06,-1.868527e-05,-4.136165e-05,-6.436689e-05,-8.729880e-05,1.846491e-03,1.851891e-03,1.857215e-03,1.860500e-03,1.861417e-03,1.856179e-03,1.843989e-03,1.822960e-03,1.794817e-03,1.762929e-03,1.731103e-03,1.705613e-03,1.688263e-03,1.681118e-03,1.684282e-03,1.698863e-03,1.722948e-03,1.750873e-03,1.779948e-03,1.804701e-03,1.821050e-03,1.826766e-03,1.817512e-03,1.793248e-03,1.756301e-03,1.707675e-03,1.651915e-03,1.592607e-03,1.530954e-03,1.470661e-03,1.410288e-03,1.348075e-03,1.285912e-03
-2.782663e-06,1.495780e-05,1.544351e-04,-1.091204e-03,-1.087254e-03,-1.083151e-03,-1.076481e-03,-1.069319e-03,-1.058157e-03,-1.044551e-03,-1.025886e-03,-1.003350e-03,-9.783985e-04,-9.526158e-04,-9.329948e-04,-9.231177e-04,-9.249364e-04,-9.373096e-04,-9.577260e-04,-9.805474e-04,-1.000190e-03,-1.018138e-03,-1.031282e-03,-1.037317e-03,-1.038222e-03,-1.030293e-03,-1.015033e-03,-9.936161e-04,-9.641843e-04,-9.321075e-04,-9.005726e-04,-8.704196e-04,-8.421746e-04,-8.151693e-04,-7.880737e-04,-7.607935e-04,5.717388e-08,1.801162e-06,3.546669e-06,5.261222e-06,6.963911e-06,8.451825e-06,9.430985e-06,1.011918e-05,1.099578e-05,1.216052e-05,1.343298e-05,1.479918e-05,1.636663e-05,1.792286e-05,1.910531e-05,1.977821e-05,1.989622e-05,1.939063e-05,1.821312e-05,1.633585e-05,1.409286e-05,1.160791e-05,8.483616e-06,4.065211e-06,-1.674213e-06,-8.345425e-06,-1.557737e-05,-2.319889e-05,-3.103246e-05,-3.906502e-05,-4.726335e-05,-5.555047e-05,-6.382044e-05,-1.633622e-05,-2.077244e-05,-2.522225e-05,-2.906887e-05,-3.196691e-05,-3.426254e-05,-3.628918e-05,-3.802876e-05,-3.950713e-05,-4.071994e-05,-4.143193e-05,-4.152374e-05,-4.122013e-05,-4.086871e-05,-4.040807e-05,-3.959782e-05,-3.853672e-05,-3.777957e-05,-3.763830e-05,-3.797346e-05,-3.835896e-05,-3.862566e-05,-3.886690e-05,-3.912762e-05,-3.944995e-05,-4.012964e-05,-4.147685e-05,-4.355700e-05,-4.604862e-05,-4.860143e-05,-5.114230e-05,-5.358861e-05,-5.601952e-05,-4.146441e-06,-3.077970e-06,-2.016284e-06,-9.092822e-07,8.580447e-08,1.370894e-06,3.549934e-06,5.877361e-06,6.537646e-06,5.113545e-06,2.277215e-06,-2.150059e-06,-8.693859e-06,-1.557020e-05,-1.977812e-05,-2.070720e-05,-1.904303e-05,-1.531450e-05,-1.007336e-05,-3.789685e-06,1.689993e-06,5.239142e-06,6.726418e-06,7.216054e-06,5.879011e-06,7.137478e-07,-9.952539e-06,-2.713712e-05,-5.127421e-05,-8.003272e-05,-1.102224e-04,-1.402081e-04,-1.702019e-04,2.431026e-05,3.888207e-05,5.358811e-05,6.652870e-05,7.655245e-05,8.450165e-05,9.147108e-05,9.731217e-05,1.022199e-04,1.064251e-04,1.087322e-04,1.087855e-04,1.078454e-04,1.083249e-04,1.094104e-04,1.087964e-04,1.063107e-04,1.042751e-04,1.036380e-04,1.041380e-04,1.040653e-04,1.028418e-04,1.004058e-04,9.669351e-05,9.152601e-05,8.599387e-05,8.087992e-05,7.603848e-05,6.910782e-05,5.746603e-05,4.156839e-05,2.412506e-05,6.798289e-06
-6.421301e-05,-1.283659e-04,-1.091204e-03,1.061150e-01,7.981728e-02,5.617537e-02,3.692973e-02,2.243916e-02,1.233911e-02,5.948084e-03,2.423443e-03,9.172142e-04,7.294246e-04,1.340774e-03,2.404041e-03,3.613281e-03,4.774020e-03,5.753845e-03,6.506485e-03,7.033806e-03,7.367114e-03,7.571254e-03,7.662812e-03,7.664171e-03,7.615473e-03,7.503916e-03,7.329233e-03,7.101512e-03,6.825333e-03,6.550319e-03,6.300505e-03,6.074854e-03,5.868226e-03,5.676171e-03,5.488523e-03,5.299243e-03,1.124619e-02,9.921458e-03,8.596277e-03,7.277012e-03,5.969984e-03,4.708191e-03,3.544163e-03,2.507764e-03,1.618397e-03,8.801437e-04,2.806815e-04,-1.879080e-04,-5.323701e-04,-7.711760e-04,-9.274033e-04,-1.014369e-03,-1.040378e-03,-1.014484e-03,-9.456184e-04,-8.428349e-04,-7.179685e-04,-5.808364e-04,-4.355355e-04,-2.814807e-04,-1.212035e-04,4.133166e-05,2.033611e-04,3.644363e-04,5.243891e-04,6.842563e-04,8.447325e-04,1.005931e-03,1.166985e-03,-1.400564e-02,-1.203366e-02,-1.005295e-02,-8.200585e-03,-6.573021e-03,-5.148318e-03,-3.906520e-03,-2.839916e-03,-1.939066e-03,-1.195343e-03,-5.850959e-04,-8.805359e-05,3.072984e-04,6.065442e-04,8.234865e-04,9.755303e-04,1.075544e-03,1.135820e-03,1.164886e-03,1.165595e-03,1.138909e-03,1.088300e-03,1.019593e-03,9.381125e-04,8.493069e-04,7.592405e-04,6.729516e-04,5.928236e-04,5.172738e-04,4.442727e-04,3.727558e-04,3.012841e-04,2.296773e-04,-8.641326e-04,-7.493839e-04,-6.343477e-04,-5.213830e-04,-4.098362e-04,-3.077785e-04,-2.303170e-04,-1.773514e-04,-1.396801e-04,-1.131964e-04,-9.650874e-05,-8.500746e-05,-7.265588e-05,-6.582785e-05,-7.838047e-05,-1.112375e-04,-1.583269e-04,-2.150306e-04,-2.773331e-04,-3.416953e-04,-3.945066e-04,-4.275014e-04,-4.394703e-04,-4.384502e-04,-4.189802e-04,-3.674944e-04,-2.733436e-04,-1.305752e-04,6.256188e-05,2.890981e-04,5.259150e-04,7.610248e-04,9.962266e-04,5.076303e-04,1.243524e-04,-2.635841e-04,-5.914952e-04,-8.216611e-04,-9.742089e-04,-1.071430e-03,-1.121674e-03,-1.135157e-03,-1.120382e-03,-1.081593e-03,-1.025561e-03,-9.650851e-04,-9.163321e-04,-8.766359e-04,-8.338113e-04,-7.876328e-04,-7.538707e-04,-7.380981e-04,-7.364531e-04,-7.348690e-04,-7.278354e-04,-7.136593e-04,-6.913065e-04,-6.594049e-04,-6.254097e-04,-5.949566e-04,-5.669909e-04,-5.247149e-04,-4.498054e-04,-3.449385e-04,-2.292248e-04,-1.143474e-04
-5.913603e-05,-1.248493e-04,-1.087254e-03,7.981728e-02,6.458617e-02,4.869713e-02,3.493385e-02,2.381384e-02,1.552201e-02,9.803500e-03,6.213977e-03,4.224143e-03,3.362765e-03,3.261070e-03,3.658154e-03,4.310013e-03,5.047284e-03,5.741724e-03,6.328909e-03,6.780482e-03,7.095905e-03,7.317711e-03,7.446303e-03,7.489953e-03,7.480648e-03,7.402087e-03,7.257932e-03,7.058982e-03,6.806092e-03,6.546585e-03,6.305066e-03,6.083315e-03,5.879081e-03,5.687832e-03,5.499567e-03,5.309757e-03,8.618711e-03,7.598848e-03,6.578583e-03,5.563292e-03,4.557570e-03,3.591726e-03,2.713590e-03,1.942098e-03,1.281600e-03,7.325545e-04,2.868852e-04,-6.162694e-05,-3.190626e-04,-4.990468e-04,-6.184006e-04,-6.867808e-04,-7.099780e-04,-6.943554e-04,-6.462278e-04,-5.720494e-04,-4.807557e-04,-3.795417e-04,-2.706292e-04,-1.524256e-04,-2.678403e-05,1.025794e-04,2.328662e-04,3.633312e-04,4.934318e-04,6.238674e-04,7.550764e-04,8.869833e-04,1.018752e-03,-1.020060e-02,-8.721707e-03,-7.235632e-03,-5.854764e-03,-4.657203e-03,-3.617881e-03,-2.713317e-03,-1.937813e-03,-1.283220e-03,-7.423110e-04,-3.001587e-04,5.691303e-05,3.380793e-04,5.486807e-04,6.994085e-04,8.034740e-04,8.706680e-04,9.102795e-04,9.287612e-04,9.278812e-04,9.076606e-04,8.703234e-04,8.201960e-04,7.611760e-04,6.972366e-04,6.332959e-04,5.735473e-04,5.197983e-04,4.702181e-04,4.225965e-04,3.760178e-04,3.292807e-04,2.824158e-04,-7.284466e-04,-6.376387e-04,-5.465728e-04,-4.573292e-04,-3.691306e-04,-2.901067e-04,-2.347672e-04,-2.008290e-04,-1.755883e-04,-1.545637e-04,-1.382224e-04,-1.228323e-04,-1.028521e-04,-8.618097e-05,-8.841102e-05,-1.112266e-04,-1.488453e-04,-1.968939e-04,-2.515074e-04,-3.092884e-04,-3.569481e-04,-3.864787e-04,-3.967553e-04,-3.956609e-04,-3.776128e-04,-3.288710e-04,-2.385625e-04,-1.004507e-04,8.749996e-05,3.085570e-04,5.397999e-04,7.693655e-04,9.990193e-04,2.631152e-04,-5.152935e-05,-3.701843e-04,-6.374336e-04,-8.208107e-04,-9.397718e-04,-1.016079e-03,-1.055589e-03,-1.066847e-03,-1.057055e-03,-1.026437e-03,-9.791481e-04,-9.271831e-04,-8.871320e-04,-8.558026e-04,-8.202513e-04,-7.800099e-04,-7.505790e-04,-7.376044e-04,-7.376672e-04,-7.372043e-04,-7.309443e-04,-7.172968e-04,-6.952121e-04,-6.631994e-04,-6.286585e-04,-5.971738e-04,-5.677319e-04,-5.236951e-04,-4.468287e-04,-3.399461e-04,-2.221961e-04,-1.052804e-04
-5.403037e-05,-1.206251e-04,-1.083151e-03,5.617537e-02,4.869713e-02,4.143714e-02,3.290993e-02,2.521607e-02,1.870892e-02,1.366269e-02,1.000376e-02,7.528769e-03,5.992975e-03,5.178137e-03,4.909168e-03,5.003903e-03,5.318055e-03,5.727494e-03,6.149600e-03,6.525771e-03,6.823566e-03,7.063191e-03,7.228889e-03,7.314863e-03,7.344957e-03,7.299390e-03,7.185793e-03,7.015681e-03,6.786148e-03,6.542172e-03,6.308917e-03,6.091000e-03,5.889086e-03,5.698562e-03,5.509592e-03,5.319167e-03,5.973568e-03,5.260308e-03,4.546696e-03,3.837118e-03,3.134439e-03,2.466275e-03,1.875724e-03,1.370727e-03,9.405325e-04,5.819492e-04,2.911381e-04,6.359434e-05,-1.060786e-04,-2.266514e-04,-3.086787e-04,-3.581452e-04,-3.783153e-04,-3.728469e-04,-3.454257e-04,-2.998937e-04,-2.422721e-04,-1.771162e-04,-1.047566e-04,-2.258049e-05,6.824706e-05,1.642633e-04,2.626374e-04,3.623270e-04,4.624137e-04,5.632581e-04,6.650406e-04,7.674962e-04,8.698196e-04,-6.354396e-03,-5.372861e-03,-4.385701e-03,-3.480655e-03,-2.717361e-03,-2.067516e-03,-1.504039e-03,-1.023203e-03,-6.181089e-04,-2.828864e-04,-1.131381e-05,2.036953e-04,3.689513e-04,4.895155e-04,5.729319e-04,6.281815e-04,6.619414e-04,6.804628e-04,6.880943e-04,6.854953e-04,6.717268e-04,6.477427e-04,6.163547e-04,5.800131e-04,5.411988e-04,5.036684e-04,4.707590e-04,4.436926e-04,4.203870e-04,3.984480e-04,3.771085e-04,3.554068e-04,3.335846e-04,-5.916604e-04,-5.249447e-04,-4.580009e-04,-3.926285e-04,-3.279247e-04,-2.720775e-04,-2.389944e-04,-2.241974e-04,-2.114755e-04,-1.959712e-04,-1.800126e-04,-1.607516e-04,-1.331497e-04,-1.066329e-04,-9.852619e-05,-1.112769e-04,-1.393940e-04,-1.787498e-04,-2.256300e-04,-2.767786e-04,-3.192328e-04,-3.452478e-04,-3.537893e-04,-3.525893e-04,-3.359484e-04,-2.899559e-04,-2.035165e-04,-7.010805e-05,1.125931e-04,3.280975e-04,5.536875e-04,7.776294e-04,1.001656e-03,1.674986e-05,-2.285370e-04,-4.771816e-04,-6.830340e-04,-8.189236e-04,-9.036812e-04,-9.585617e-04,-9.869335e-04,-9.956745e-04,-9.906795e-04,-9.681430e-04,-9.295851e-04,-8.861720e-04,-8.548924e-04,-8.320115e-04,-8.038142e-04,-7.695819e-04,-7.445435e-04,-7.344165e-04,-7.362306e-04,-7.369326e-04,-7.314939e-04,-7.184333e-04,-6.966863e-04,-6.646393e-04,-6.296358e-04,-5.972028e-04,-5.663647e-04,-5.206468e-04,-4.419015e-04,-3.330831e-04,-2.133801e-04,-9.450927e-05
-4.950930e-05,-1.161191e-04,-1.076481e-03,3.692973e-02,3.493385e-02,3.290993e-02,3.070802e-02,2.631135e-02,2.175872e-02,1.744153e-02,1.376952e-02,1.083769e-02,8.640023e-03,7.114488e-03,6.177639e-03,5.711230e-03,5.596774e-03,5.715063e-03,5.965694e-03,6.260364e-03,6.535925e-03,6.790532e-03,6.991982e-03,7.119772e-03,7.189272e-03,7.177060e-03,7.094127e-03,6.952538e-03,6.746292e-03,6.518495e-03,6.294965e-03,6.082804e-03,5.885151e-03,5.697322e-03,5.509720e-03,5.320751e-03,3.565856e-03,3.135689e-03,2.705220e-03,2.277901e-03,1.854937e-03,1.461297e-03,1.135655e-03,8.758439e-04,6.567031e-04,4.717975e-04,3.216001e-04,2.031267e-04,1.113906e-04,4.235694e-05,-8.390801e-06,-4.332841e-05,-6.336279e-05,-6.961578e-05,-6.330976e-05,-4.584156e-05,-2.050930e-05,1.053211e-05,4.859443e-05,9.710683e-05,1.554495e-04,2.203493e-04,2.889242e-04,3.598456e-04,4.318493e-04,5.049907e-04,5.792140e-04,6.540854e-04,7.288305e-04,-3.219060e-03,-2.657941e-03,-2.092704e-03,-1.587906e-03,-1.186286e-03,-8.575415e-04,-5.720181e-04,-3.283195e-04,-1.212482e-04,5.329103e-05,1.927057e-04,2.976096e-04,3.729688e-04,4.242336e-04,4.564405e-04,4.749754e-04,4.840033e-04,4.872763e-04,4.874899e-04,4.845455e-04,4.768874e-04,4.644956e-04,4.489349e-04,4.314801e-04,4.133962e-04,3.974893e-04,3.864034e-04,3.809081e-04,3.787371e-04,3.773696e-04,3.761884e-04,3.744571e-04,3.726125e-04,-4.655902e-04,-4.215204e-04,-3.772522e-04,-3.343090e-04,-2.916596e-04,-2.575023e-04,-2.451658e-04,-2.481849e-04,-2.470074e-04,-2.364705e-04,-2.207235e-04,-1.977050e-04,-1.627843e-04,-1.268446e-04,-1.088654e-04,-1.120143e-04,-1.310740e-04,-1.621527e-04,-2.016871e-04,-2.465619e-04,-2.841528e-04,-3.069670e-04,-3.140284e-04,-3.128789e-04,-2.977056e-04,-2.544681e-04,-1.718964e-04,-4.322635e-05,1.341177e-04,3.439076e-04,5.636680e-04,7.818120e-04,1.000037e-03,-1.867032e-04,-3.712027e-04,-5.584160e-04,-7.110530e-04,-8.068456e-04,-8.636865e-04,-9.021249e-04,-9.231238e-04,-9.319195e-04,-9.331123e-04,-9.189836e-04,-8.885827e-04,-8.525067e-04,-8.283783e-04,-8.121473e-04,-7.895299e-04,-7.596816e-04,-7.376025e-04,-7.291005e-04,-7.316555e-04,-7.327437e-04,-7.275661e-04,-7.147233e-04,-6.931247e-04,-6.610387e-04,-6.257187e-04,-5.926059e-04,-5.607427e-04,-5.138209e-04,-4.338036e-04,-3.237516e-04,-2.028307e-04,-8.273789e-05
-4.597456e-05,-1.128819e-04,-1.069319e-03,2.243916e-02,2.381384e-02,2.521607e-02,2.631135e-02,2.664273e-02,2.417693e-02,2.094720e-02,1.744393e-02,1.418215e-02,1.138180e-02,9.166393e-03,7.558803e-03,6.516287e-03,5.952544e-03,5.758130e-03,5.817090e-03,6.012710e-03,6.253003e-03,6.514353e-03,6.747252e-03,6.914857e-03,7.023150e-03,7.044492e-03,6.992298e-03,6.878802e-03,6.695743e-03,6.485124e-03,6.273607e-03,6.070233e-03,5.879932e-03,5.697961e-03,5.515020e-03,5.330792e-03,1.384922e-03,1.218330e-03,1.051488e-03,8.869714e-04,7.246558e-04,5.862397e-04,5.050513e-04,4.699193e-04,4.425512e-04,4.139778e-04,3.892456e-04,3.666710e-04,3.413093e-04,3.139830e-04,2.866358e-04,2.602488e-04,2.361149e-04,2.155055e-04,1.995214e-04,1.890679e-04,1.833551e-04,1.823288e-04,1.886105e-04,2.061678e-04,2.347165e-04,2.710746e-04,3.122747e-04,3.567145e-04,4.028255e-04,4.504035e-04,4.991839e-04,5.485891e-04,5.978734e-04,-1.207360e-03,-9.442183e-04,-6.783108e-04,-4.533796e-04,-2.972768e-04,-1.797668e-04,-7.102292e-05,2.757396e-05,1.187723e-04,2.042473e-04,2.723686e-04,3.174519e-04,3.435786e-04,3.578947e-04,3.639412e-04,3.644063e-04,3.619037e-04,3.586223e-04,3.563755e-04,3.548885e-04,3.525303e-04,3.487634e-04,3.443094e-04,3.396798e-04,3.353434e-04,3.334771e-04,3.362869e-04,3.442942e-04,3.551453e-04,3.662746e-04,3.772163e-04,3.874382e-04,3.975539e-04,-3.486053e-04,-3.264654e-04,-3.041556e-04,-2.829482e-04,-2.617773e-04,-2.486350e-04,-2.559795e-04,-2.756199e-04,-2.849657e-04,-2.786871e-04,-2.627647e-04,-2.358009e-04,-1.934354e-04,-1.480277e-04,-1.202779e-04,-1.140569e-04,-1.243815e-04,-1.475754e-04,-1.802219e-04,-2.193434e-04,-2.526300e-04,-2.727916e-04,-2.788435e-04,-2.780837e-04,-2.645528e-04,-2.240843e-04,-1.452619e-04,-2.111663e-05,1.511335e-04,3.554973e-04,5.697324e-04,7.823825e-04,9.951106e-04,-3.294108e-04,-4.666618e-04,-6.060425e-04,-7.183087e-04,-7.857048e-04,-8.247861e-04,-8.548130e-04,-8.745278e-04,-8.875443e-04,-8.971856e-04,-8.919481e-04,-8.686552e-04,-8.378123e-04,-8.181916e-04,-8.057569e-04,-7.858750e-04,-7.577625e-04,-7.363211e-04,-7.275106e-04,-7.292520e-04,-7.295346e-04,-7.237439e-04,-7.104956e-04,-6.886441e-04,-6.563420e-04,-6.207207e-04,-5.871179e-04,-5.545684e-04,-5.068872e-04,-4.261374e-04,-3.154393e-04,-1.938983e-04,-7.318096e-05
-4.384315e-05,-1.109362e-04,-1.058157e-03,1.233911e-02,1.552201e-02,1.870892e-02,2.175872e-02,2.417693e-02,2.551244e-02,2.369981e-02,2.085186e-02,1.751000e-02,1.426053e-02,1.141727e-02,9.146073e-03,7.501194e-03,6.448024e-03,5.898683e-03,5.726448e-03,5.788736e-03,5.967480e-03,6.217407e-03,6.470515e-03,6.671894e-03,6.816693e-03,6.871783e-03,6.851140e-03,6.766456e-03,6.607839e-03,6.416758e-03,6.220850e-03,6.030941e-03,5.853276e-03,5.682820e-03,5.510388e-03,5.336744e-03,-2.916464e-04,-2.365163e-04,-1.815801e-04,-1.250457e-04,-6.783834e-05,7.666783e-06,1.282233e-04,2.754396e-04,4.001661e-04,4.916825e-04,5.599638e-04,6.044752e-04,6.199638e-04,6.123707e-04,5.905700e-04,5.588334e-04,5.202368e-04,4.780675e-04,4.353717e-04,3.949807e-04,3.581830e-04,3.265365e-04,3.034798e-04,2.930927e-04,2.951525e-04,3.064320e-04,3.237962e-04,3.453211e-04,3.690988e-04,3.946699e-04,4.215617e-04,4.490550e-04,4.764327e-04,-2.128728e-05,5.276751e-05,1.284968e-04,1.789948e-04,1.885211e-04,1.853300e-04,1.969096e-04,2.194818e-04,2.532659e-04,2.975915e-04,3.322435e-04,3.461474e-04,3.440925e-04,3.368416e-04,3.274402e-04,3.164428e-04,3.056836e-04,2.965785e-04,2.906417e-04,2.877760e-04,2.866171e-04,2.863902e-04,2.872196e-04,2.891039e-04,2.919748e-04,2.975312e-04,3.076298e-04,3.226016e-04,3.400205e-04,3.572841e-04,3.740526e-04,3.899622e-04,4.057719e-04,-2.470033e-04,-2.454563e-04,-2.437667e-04,-2.429916e-04,-2.421681e-04,-2.487249e-04,-2.737788e-04,-3.078506e-04,-3.258923e-04,-3.225314e-04,-3.055692e-04,-2.741446e-04,-2.240230e-04,-1.690480e-04,-1.317552e-04,-1.166512e-04,-1.188916e-04,-1.349531e-04,-1.615311e-04,-1.957530e-04,-2.256063e-04,-2.439585e-04,-2.497386e-04,-2.499158e-04,-2.383844e-04,-2.009187e-04,-1.260359e-04,-6.633871e-06,1.602167e-04,3.587823e-04,5.671088e-04,7.738886e-04,9.807429e-04,-4.039548e-04,-5.099087e-04,-6.175112e-04,-7.041680e-04,-7.560847e-04,-7.881608e-04,-8.176406e-04,-8.415030e-04,-8.619105e-04,-8.810836e-04,-8.840327e-04,-8.657869e-04,-8.373576e-04,-8.192880e-04,-8.078362e-04,-7.881279e-04,-7.595610e-04,-7.369816e-04,-7.265059e-04,-7.264405e-04,-7.252727e-04,-7.185237e-04,-7.047524e-04,-6.827285e-04,-6.504937e-04,-6.149970e-04,-5.814340e-04,-5.488110e-04,-5.010920e-04,-4.205002e-04,-3.101766e-04,-1.890791e-04,-6.879769e-05
-4.293403e-05,-1.109840e-04,-1.044551e-03,5.948084e-03,9.803500e-03,1.366269e-02,1.744153e-02,2.094720e-02,2.369981e-02,2.521539e-02,2.348942e-02,2.063176e-02,1.722042e-02,1.391462e-02,1.103484e-02,8.777496e-03,7.191197e-03,6.231966e-03,5.772100e-03,5.649139e-03,5.723941e-03,5.930535e-03,6.181520e-03,6.402937e-03,6.577553e-03,6.664518e-03,6.674995e-03,6.618935e-03,6.485354e-03,6.315832e-03,6.139110e-03,5.968028e-03,5.809695e-03,5.658248e-03,5.504129e-03,5.348857e-03,-8.624553e-04,-6.829828e-04,-5.036474e-04,-3.233104e-04,-1.432178e-04,4.975865e-05,2.753425e-04,5.109309e-04,7.012283e-04,8.349058e-04,9.271235e-04,9.782656e-04,9.823109e-04,9.504497e-04,8.990957e-04,8.352281e-04,7.627082e-04,6.859119e-04,6.088989e-04,5.355046e-04,4.681373e-04,4.090231e-04,3.615865e-04,3.293349e-04,3.116961e-04,3.051742e-04,3.063007e-04,3.127057e-04,3.220193e-04,3.334938e-04,3.464271e-04,3.599398e-04,3.733422e-04,6.220449e-04,5.992629e-04,5.773446e-04,5.418235e-04,4.857179e-04,4.332157e-04,4.072105e-04,4.021650e-04,4.159915e-04,4.460536e-04,4.647482e-04,4.572798e-04,4.312876e-04,4.035377e-04,3.774625e-04,3.515994e-04,3.275437e-04,3.066666e-04,2.906068e-04,2.795491e-04,2.725211e-04,2.686518e-04,2.676326e-04,2.691036e-04,2.726312e-04,2.794705e-04,2.910918e-04,3.075635e-04,3.263223e-04,3.446619e-04,3.623110e-04,3.790113e-04,3.956157e-04,-1.773918e-04,-1.921115e-04,-2.067144e-04,-2.220632e-04,-2.373377e-04,-2.590866e-04,-2.967763e-04,-3.402547e-04,-3.631201e-04,-3.600391e-04,-3.404831e-04,-3.038831e-04,-2.458763e-04,-1.817432e-04,-1.360269e-04,-1.137109e-04,-1.098665e-04,-1.209628e-04,-1.436864e-04,-1.751603e-04,-2.035682e-04,-2.218322e-04,-2.286999e-04,-2.307384e-04,-2.217234e-04,-1.874626e-04,-1.165075e-04,-1.718850e-06,1.599026e-04,3.528524e-04,5.554699e-04,7.565885e-04,9.577775e-04,-4.174472e-04,-5.085100e-04,-6.008534e-04,-6.769464e-04,-7.261295e-04,-7.612691e-04,-7.970666e-04,-8.293136e-04,-8.589575e-04,-8.873156e-04,-8.963958e-04,-8.800584e-04,-8.505464e-04,-8.309142e-04,-8.178717e-04,-7.961786e-04,-7.654360e-04,-7.404825e-04,-7.275680e-04,-7.252580e-04,-7.224562e-04,-7.147594e-04,-7.006136e-04,-6.786922e-04,-6.469525e-04,-6.121169e-04,-5.792092e-04,-5.471822e-04,-5.001616e-04,-4.205720e-04,-3.115538e-04,-1.918593e-04,-7.297138e-05
-4.171866e-05,-1.134312e-04,-1.025886e-03,2.423443e-03,6.213977e-03,1.000376e-02,1.376952e-02,1.744393e-02,2.085186e-02,2.348942e-02,2.490207e-02,2.304039e-02,2.004403e-02,1.655638e-02,1.321652e-02,1.038474e-02,8.244823e-03,6.824346e-03,6.013305e-03,5.641134e-03,5.555872e-03,5.673478e-03,5.887654e-03,6.105519e-03,6.296030e-03,6.408284e-03,6.446893e-03,6.418352e-03,6.310526e-03,6.165112e-03,6.011571e-03,5.864587e-03,5.731703e-03,5.605970e-03,5.477179e-03,5.347281e-03,-5.912676e-04,-3.699772e-04,-1.487730e-04,7.297583e-05,2.940213e-04,5.232099e-04,7.732697e-04,1.019489e-03,1.206070e-03,1.321712e-03,1.386033e-03,1.399467e-03,1.354293e-03,1.267028e-03,1.162408e-03,1.049656e-03,9.324737e-04,8.154641e-04,7.028369e-04,5.985824e-04,5.053112e-04,4.250635e-04,3.605495e-04,3.141629e-04,2.847035e-04,2.683138e-04,2.611445e-04,2.603632e-04,2.631160e-04,2.683791e-04,2.752325e-04,2.826441e-04,2.899504e-04,8.608092e-04,8.112658e-04,7.620302e-04,7.071601e-04,6.456007e-04,5.967784e-04,5.779707e-04,5.818849e-04,6.040239e-04,6.397441e-04,6.554031e-04,6.339177e-04,5.874777e-04,5.408977e-04,4.983435e-04,4.558788e-04,4.151037e-04,3.781599e-04,3.472347e-04,3.228471e-04,3.044684e-04,2.912423e-04,2.825927e-04,2.779500e-04,2.766819e-04,2.796330e-04,2.878600e-04,3.011186e-04,3.166840e-04,3.317216e-04,3.459787e-04,3.592459e-04,3.724194e-04,-1.308840e-04,-1.575503e-04,-1.841225e-04,-2.112967e-04,-2.383883e-04,-2.709348e-04,-3.165537e-04,-3.647577e-04,-3.892785e-04,-3.848012e-04,-3.620577e-04,-3.203834e-04,-2.549304e-04,-1.823617e-04,-1.294448e-04,-1.015433e-04,-9.347471e-05,-1.015755e-04,-1.224213e-04,-1.530383e-04,-1.817279e-04,-2.013770e-04,-2.104716e-04,-2.150994e-04,-2.089664e-04,-1.780503e-04,-1.110614e-04,-9.359614e-07,1.553130e-04,3.424237e-04,5.390992e-04,7.343371e-04,9.296403e-04,-3.904481e-04,-4.781911e-04,-5.669482e-04,-6.428441e-04,-6.976551e-04,-7.422844e-04,-7.888462e-04,-8.323048e-04,-8.724448e-04,-9.096426e-04,-9.234294e-04,-9.069774e-04,-8.742540e-04,-8.514062e-04,-8.355802e-04,-8.108998e-04,-7.771216e-04,-7.491639e-04,-7.334174e-04,-7.286025e-04,-7.239954e-04,-7.152471e-04,-7.006760e-04,-6.788801e-04,-6.477891e-04,-6.138572e-04,-5.819087e-04,-5.508351e-04,-5.049844e-04,-4.270775e-04,-3.202186e-04,-2.028366e-04,-8.624745e-05
-4.159870e-05,-1.176696e-04,-1.003350e-03,9.172142e-04,4.224143e-03,7.528769e-03,1.083769e-02,1.418215e-02,1.751000e-02,2.063176e-02,2.304039e-02,2.422066e-02,2.216690e-02,1.907720e-02,1.555702e-02,1.230346e-02,9.657306e-03,7.760845e-03,6.547883e-03,5.861466e-03,5.550478e-03,5.519258e-03,5.646382e-03,5.822812e-03,6.003328e-03,6.125218e-03,6.183138e-03,6.177896e-03,6.094926e-03,5.974890e-03,5.846712e-03,5.726032e-03,5.620634e-03,5.522879e-03,5.422020e-03,5.320082e-03,-2.523424e-04,-2.275221e-05,2.067908e-04,4.365760e-04,6.655179e-04,8.989835e-04,1.144029e-03,1.376468e-03,1.544925e-03,1.637163e-03,1.674081e-03,1.653982e-03,1.565627e-03,1.430511e-03,1.282356e-03,1.132424e-03,9.837137e-04,8.405687e-04,7.068780e-04,5.863329e-04,4.811453e-04,3.927278e-04,3.228585e-04,2.727762e-04,2.407546e-04,2.227917e-04,2.148892e-04,2.139877e-04,2.169718e-04,2.226568e-04,2.300045e-04,2.378940e-04,2.456819e-04,9.312291e-04,8.971620e-04,8.630630e-04,8.279953e-04,7.939673e-04,7.751924e-04,7.832043e-04,8.093955e-04,8.472832e-04,8.906265e-04,9.022886e-04,8.644427e-04,7.947501e-04,7.273147e-04,6.665811e-04,6.050307e-04,5.440610e-04,4.874489e-04,4.382816e-04,3.973084e-04,3.642769e-04,3.383242e-04,3.186989e-04,3.046847e-04,2.955297e-04,2.916651e-04,2.937074e-04,3.010709e-04,3.108898e-04,3.202209e-04,3.287804e-04,3.363595e-04,3.438458e-04,-1.086789e-04,-1.422721e-04,-1.757888e-04,-2.098004e-04,-2.437542e-04,-2.822740e-04,-3.313973e-04,-3.809027e-04,-4.059973e-04,-4.010132e-04,-3.769343e-04,-3.323600e-04,-2.614183e-04,-1.820657e-04,-1.235476e-04,-9.162684e-05,-8.080804e-05,-8.725048e-05,-1.073848e-04,-1.381097e-04,-1.677788e-04,-1.891973e-04,-2.005707e-04,-2.075035e-04,-2.036977e-04,-1.754205e-04,-1.116543e-04,-5.506410e-06,1.459203e-04,3.276441e-04,5.187973e-04,7.085687e-04,8.984013e-04,-3.400558e-04,-4.329049e-04,-5.265893e-04,-6.095966e-04,-6.752874e-04,-7.326619e-04,-7.914839e-04,-8.463222e-04,-8.960241e-04,-9.401221e-04,-9.566473e-04,-9.385101e-04,-9.015351e-04,-8.752456e-04,-8.569156e-04,-8.295327e-04,-7.928386e-04,-7.620284e-04,-7.436953e-04,-7.366284e-04,-7.304031e-04,-7.207075e-04,-7.057454e-04,-6.840659e-04,-6.536180e-04,-6.205653e-04,-5.895274e-04,-5.593484e-04,-5.146789e-04,-4.386320e-04,-3.342410e-04,-2.195257e-04,-1.055866e-04
-4.211897e-05,-1.221102e-04,-9.783985e-04,7.294246e-04,3.362765e-03,5.992975e-03,8.640023e-03,1.138180e-02,1.426053e-02,1.722042e-02,2.004403e-02,2.216690e-02,2.312914e-02,2.097067e-02,1.785034e-02,1.445569e-02,1.145441e-02,9.120213e-03,7.479473e-03,6.418421e-03,5.808603e-03,5.554161e-03,5.526793e-03,5.607436e-03,5.737827e-03,5.842426e-03,5.902544e-03,5.910702e-03,5.848001e-03,5.752278e-03,5.650048e-03,5.556498e-03,5.479250e-03,5.410362e-03,5.338701e-03,5.265970e-03,-1.961629e-05,1.978772e-04,4.153505e-04,6.328972e-04,8.496743e-04,1.068459e-03,1.292091e-03,1.498679e-03,1.644396e-03,1.716646e-03,1.734060e-03,1.691034e-03,1.571748e-03,1.402335e-03,1.226046e-03,1.055986e-03,8.938596e-04,7.432354e-04,6.071838e-04,4.886205e-04,3.886137e-04,3.074708e-04,2.459029e-04,2.041074e-04,1.800314e-04,1.698175e-04,1.696151e-04,1.764381e-04,1.871897e-04,2.006578e-04,2.157926e-04,2.314585e-04,2.470250e-04,9.525975e-04,9.584390e-04,9.640765e-04,9.707939e-04,9.813121e-04,1.004477e-03,1.046255e-03,1.096806e-03,1.147831e-03,1.191505e-03,1.191127e-03,1.130374e-03,1.032772e-03,9.419733e-04,8.616724e-04,7.791626e-04,6.951775e-04,6.161990e-04,5.466111e-04,4.872112e-04,4.376760e-04,3.970375e-04,3.644580e-04,3.391191e-04,3.202116e-04,3.077549e-04,3.019107e-04,3.017369e-04,3.042745e-04,3.065187e-04,3.081087e-04,3.087825e-04,3.093629e-04,-1.054443e-04,-1.413478e-04,-1.771874e-04,-2.134478e-04,-2.496904e-04,-2.897834e-04,-3.385278e-04,-3.863751e-04,-4.108573e-04,-4.061281e-04,-3.822857e-04,-3.366705e-04,-2.620392e-04,-1.775416e-04,-1.151146e-04,-8.093757e-05,-6.910717e-05,-7.552965e-05,-9.642675e-05,-1.285142e-04,-1.600615e-04,-1.837195e-04,-1.974133e-04,-2.063131e-04,-2.042013e-04,-1.777538e-04,-1.163310e-04,-1.330487e-05,1.340590e-04,3.110825e-04,4.973692e-04,6.823210e-04,8.673310e-04,-2.743199e-04,-3.780485e-04,-4.825034e-04,-5.774940e-04,-6.572055e-04,-7.288279e-04,-8.000507e-04,-8.652502e-04,-9.224665e-04,-9.703812e-04,-9.871127e-04,-9.659646e-04,-9.245401e-04,-8.956357e-04,-8.761131e-04,-8.471148e-04,-8.081215e-04,-7.749512e-04,-7.545299e-04,-7.456494e-04,-7.380706e-04,-7.275111e-04,-7.121203e-04,-6.904455e-04,-6.605072e-04,-6.281817e-04,-5.978836e-04,-5.684214e-04,-5.248151e-04,-4.506384e-04,-3.488257e-04,-2.369278e-04,-1.257872e-04
-4.312812e-05,-1.268426e-04,-9.526158e-04,1.340774e-03,3.261070e-03,5.178137e-03,7.114488e-03,9.166393e-03,1.141727e-02,1.391462e-02,1.655638e-02,1.907720e-02,2.097067e-02,2.181347e-02,1.962440e-02,1.666436e-02,1.357547e-02,1.093337e-02,8.885507e-03,7.412836e-03,6.435617e-03,5.875759e-03,5.612064e-03,5.526207e-03,5.550444e-03,5.596945e-03,5.631000e-03,5.634293e-03,5.581543e-03,5.505602e-03,5.428196e-03,5.361855e-03,5.312688e-03,5.272430e-03,5.229866e-03,5.186234e-03,2.710470e-04,4.525541e-04,6.340588e-04,8.155531e-04,9.964461e-04,1.177744e-03,1.359464e-03,1.522853e-03,1.632381e-03,1.675242e-03,1.664999e-03,1.592460e-03,1.438784e-03,1.235050e-03,1.034364e-03,8.515159e-04,6.860858e-04,5.401595e-04,4.152962e-04,3.129690e-04,2.320290e-04,1.710014e-04,1.293286e-04,1.062888e-04,9.962614e-05,1.058110e-04,1.213433e-04,1.435321e-04,1.695136e-04,1.981319e-04,2.283687e-04,2.591283e-04,2.897901e-04,8.769344e-04,9.178943e-04,9.585911e-04,1.000890e-03,1.047254e-03,1.102424e-03,1.168287e-03,1.234785e-03,1.292955e-03,1.334327e-03,1.326333e-03,1.254876e-03,1.147142e-03,1.053490e-03,9.744015e-04,8.893480e-04,7.973894e-04,7.089768e-04,6.303302e-04,5.622669e-04,5.040576e-04,4.546715e-04,4.135001e-04,3.798741e-04,3.531981e-04,3.333111e-04,3.201282e-04,3.125387e-04,3.077023e-04,3.027608e-04,2.973161e-04,2.910369e-04,2.846638e-04,-1.163738e-04,-1.514129e-04,-1.863970e-04,-2.217472e-04,-2.571010e-04,-2.957232e-04,-3.415014e-04,-3.857224e-04,-4.084088e-04,-4.035663e-04,-3.794786e-04,-3.323406e-04,-2.539475e-04,-1.646964e-04,-9.931387e-05,-6.438993e-05,-5.339334e-05,-6.180508e-05,-8.549147e-05,-1.208574e-04,-1.558331e-04,-1.827840e-04,-1.993475e-04,-2.103452e-04,-2.097187e-04,-1.846468e-04,-1.249557e-04,-2.436857e-05,1.196114e-04,2.926021e-04,4.746902e-04,6.554861e-04,8.363379e-04,-2.292460e-04,-3.407012e-04,-4.528252e-04,-5.560670e-04,-6.450224e-04,-7.255001e-04,-8.036915e-04,-8.741629e-04,-9.346217e-04,-9.832981e-04,-1.000004e-03,-9.785607e-04,-9.373526e-04,-9.112579e-04,-8.957517e-04,-8.691373e-04,-8.303245e-04,-7.963337e-04,-7.747305e-04,-7.644023e-04,-7.552425e-04,-7.430826e-04,-7.261933e-04,-7.032433e-04,-6.724295e-04,-6.394060e-04,-6.084190e-04,-5.782714e-04,-5.343989e-04,-4.608816e-04,-3.605159e-04,-2.503273e-04,-1.408761e-04
-4.572728e-05,-1.309363e-04,-9.329948e-04,2.404041e-03,3.658154e-03,4.909168e-03,6.177639e-03,7.558803e-03,9.146073e-03,1.103484e-02,1.321652e-02,1.555702e-02,1.785034e-02,1.962440e-02,2.046070e-02,1.848210e-02,1.588331e-02,1.319231e-02,1.085943e-02,8.988929e-03,7.597070e-03,6.648370e-03,6.052288e-03,5.709661e-03,5.551433e-03,5.480590e-03,5.444525e-03,5.411731e-03,5.348354e-03,5.279702e-03,5.219625e-03,5.174767e-03,5.147705e-03,5.129862e-03,5.110404e-03,5.089859e-03,6.666644e-04,7.768313e-04,8.870057e-04,9.971383e-04,1.106848e-03,1.216115e-03,1.323502e-03,1.414072e-03,1.460779e-03,1.451640e-03,1.394751e-03,1.279303e-03,1.086095e-03,8.503887e-04,6.335795e-04,4.513411e-04,2.999399e-04,1.788837e-04,8.715219e-05,2.374090e-05,-1.629577e-05,-3.717905e-05,-4.093903e-05,-2.888793e-05,-3.265893e-06,3.295984e-05,7.691164e-05,1.265218e-04,1.794852e-04,2.348440e-04,2.916905e-04,3.490598e-04,4.063308e-04,6.957387e-04,7.472529e-04,7.985147e-04,8.511311e-04,9.071697e-04,9.691944e-04,1.037191e-03,1.102638e-03,1.157748e-03,1.195133e-03,1.189293e-03,1.129526e-03,1.043059e-03,9.808899e-04,9.368575e-04,8.797387e-04,8.055986e-04,7.303132e-04,6.625230e-04,6.029790e-04,5.500268e-04,5.026571e-04,4.610036e-04,4.249609e-04,3.945861e-04,3.699738e-04,3.511903e-04,3.372942e-04,3.258827e-04,3.145505e-04,3.029210e-04,2.905638e-04,2.781119e-04,-1.525402e-04,-1.826299e-04,-2.126719e-04,-2.430210e-04,-2.733054e-04,-3.063027e-04,-3.452962e-04,-3.824631e-04,-4.002147e-04,-3.926220e-04,-3.659814e-04,-3.158870e-04,-2.338455e-04,-1.412461e-04,-7.519610e-05,-4.253896e-05,-3.578804e-05,-4.972742e-05,-7.964062e-05,-1.214203e-04,-1.622257e-04,-1.939313e-04,-2.139184e-04,-2.268942e-04,-2.270603e-04,-2.021421e-04,-1.424827e-04,-4.223664e-05,1.007656e-04,2.723223e-04,4.528674e-04,6.321415e-04,8.114709e-04,-2.214900e-04,-3.331876e-04,-4.455374e-04,-5.491471e-04,-6.387685e-04,-7.194082e-04,-7.964886e-04,-8.652626e-04,-9.237379e-04,-9.703424e-04,-9.877564e-04,-9.707574e-04,-9.372310e-04,-9.219065e-04,-9.176361e-04,-8.988125e-04,-8.634293e-04,-8.305582e-04,-8.088398e-04,-7.973958e-04,-7.861023e-04,-7.710090e-04,-7.507807e-04,-7.243850e-04,-6.903252e-04,-6.541917e-04,-6.201531e-04,-5.870384e-04,-5.406492e-04,-4.654970e-04,-3.642002e-04,-2.533108e-04,-1.431427e-04
-5.002274e-05,-1.352031e-04,-9.231177e-04,3.613281e-03,4.310013e-03,5.003903e-03,5.711230e-03,6.516287e-03,7.501194e-03,8.777496e-03,1.038474e-02,1.230346e-02,1.445569e-02,1.666436e-02,1.848210e-02,1.958173e-02,1.800479e-02,1.581561e-02,1.342983e-02,1.125698e-02,9.435988e-03,8.022208e-03,6.987399e-03,6.279483e-03,5.841542e-03,5.574229e-03,5.406146e-03,5.290731e-03,5.183733e-03,5.100141e-03,5.042182e-03,5.006667e-03,4.990411e-03,4.984579e-03,4.978707e-03,4.971665e-03,1.099408e-03,1.094756e-03,1.090114e-03,1.085435e-03,1.080484e-03,1.074835e-03,1.066735e-03,1.045533e-03,9.927097e-04,8.992689e-04,7.704237e-04,5.973993e-04,3.645690e-04,1.091273e-04,-1.037893e-04,-2.594970e-04,-3.664091e-04,-4.290125e-04,-4.522485e-04,-4.409081e-04,-4.058315e-04,-3.552999e-04,-2.930784e-04,-2.205177e-04,-1.395012e-04,-5.209001e-05,3.987123e-05,1.354529e-04,2.334144e-04,3.332450e-04,4.343188e-04,5.359366e-04,6.374504e-04,4.741764e-04,5.214481e-04,5.685148e-04,6.162957e-04,6.664552e-04,7.208454e-04,7.792812e-04,8.360361e-04,8.858320e-04,9.236540e-04,9.318633e-04,9.033714e-04,8.623133e-04,8.544581e-04,8.651233e-04,8.516689e-04,8.069347e-04,7.543033e-04,7.056972e-04,6.615828e-04,6.185481e-04,5.755466e-04,5.339535e-04,4.945989e-04,4.585911e-04,4.266943e-04,3.994726e-04,3.763904e-04,3.556882e-04,3.355945e-04,3.156788e-04,2.952625e-04,2.747457e-04,-2.205874e-04,-2.410877e-04,-2.615473e-04,-2.822318e-04,-3.026333e-04,-3.250987e-04,-3.525139e-04,-3.778606e-04,-3.856837e-04,-3.705516e-04,-3.374256e-04,-2.822777e-04,-1.973821e-04,-1.044441e-04,-4.168443e-05,-1.578664e-05,-1.801096e-05,-4.216542e-05,-8.272318e-05,-1.348634e-04,-1.844163e-04,-2.224837e-04,-2.462376e-04,-2.606229e-04,-2.602295e-04,-2.333645e-04,-1.709359e-04,-6.763328e-05,7.826535e-05,2.525570e-04,4.358040e-04,6.177639e-04,7.997824e-04,-2.427075e-04,-3.491123e-04,-4.561807e-04,-5.543449e-04,-6.383235e-04,-7.127997e-04,-7.830724e-04,-8.454616e-04,-8.988000e-04,-9.422992e-04,-9.618891e-04,-9.535550e-04,-9.337224e-04,-9.348040e-04,-9.463228e-04,-9.383712e-04,-9.079130e-04,-8.770452e-04,-8.558944e-04,-8.437706e-04,-8.301155e-04,-8.111745e-04,-7.862257e-04,-7.546841e-04,-7.154803e-04,-6.743317e-04,-6.354542e-04,-5.977306e-04,-5.472243e-04,-4.687437e-04,-3.646811e-04,-2.512127e-04,-1.384553e-04
-5.439089e-05,-1.372530e-04,-9.249364e-04,4.774020e-03,5.047284e-03,5.318055e-03,5.596774e-03,5.952544e-03,6.448024e-03,7.191197e-03,8.244823e-03,9.657306e-03,1.145441e-02,1.357547e-02,1.588331e-02,1.800479e-02,1.952217e-02,1.833784e-02,1.642581e-02,1.416251e-02,1.199170e-02,1.008480e-02,8.529716e-03,7.351903e-03,6.526243e-03,5.964978e-03,5.584004e-03,5.322708e-03,5.125734e-03,4.995233e-03,4.918413e-03,4.878512e-03,4.864024e-03,4.864184e-03,4.867109e-03,4.868688e-03,1.452155e-03,1.327207e-03,1.202270e-03,1.077323e-03,9.522296e-04,8.265243e-04,6.986594e-04,5.616897e-04,4.043230e-04,2.212415e-04,1.684176e-05,-2.132920e-04,-4.785847e-04,-7.415211e-04,-9.378214e-04,-1.054728e-03,-1.105127e-03,-1.097448e-03,-1.040398e-03,-9.424027e-04,-8.214940e-04,-6.906695e-04,-5.552341e-04,-4.156170e-04,-2.730971e-04,-1.287974e-04,1.655626e-05,1.633693e-04,3.116489e-04,4.613536e-04,6.121111e-04,7.634565e-04,9.146877e-04,2.592793e-04,3.205269e-04,3.816321e-04,4.425848e-04,5.044674e-04,5.689045e-04,6.360229e-04,7.025573e-04,7.655106e-04,8.219876e-04,8.606142e-04,8.762340e-04,8.867103e-04,9.280233e-04,9.788358e-04,9.894403e-04,9.521281e-04,9.008449e-04,8.524573e-04,8.073219e-04,7.592432e-04,7.067023e-04,6.523283e-04,5.977994e-04,5.451885e-04,4.960063e-04,4.513596e-04,4.110403e-04,3.738071e-04,3.383752e-04,3.040326e-04,2.695952e-04,2.350412e-04,-2.959841e-04,-3.056760e-04,-3.153329e-04,-3.251332e-04,-3.343785e-04,-3.450823e-04,-3.598836e-04,-3.723321e-04,-3.685910e-04,-3.438698e-04,-3.024496e-04,-2.413406e-04,-1.543188e-04,-6.298616e-05,-5.349303e-06,1.225811e-05,-2.707119e-07,-3.583219e-05,-8.817630e-05,-1.518713e-04,-2.109483e-04,-2.555109e-04,-2.826019e-04,-2.978075e-04,-2.961275e-04,-2.663172e-04,-1.997418e-04,-9.159264e-05,5.940850e-05,2.389081e-04,4.273850e-04,6.145294e-04,8.017383e-04,-2.489267e-04,-3.515054e-04,-4.547756e-04,-5.487918e-04,-6.281310e-04,-6.974864e-04,-7.624313e-04,-8.203676e-04,-8.710790e-04,-9.147076e-04,-9.399399e-04,-9.434916e-04,-9.393776e-04,-9.560660e-04,-9.803620e-04,-9.793920e-04,-9.497820e-04,-9.177399e-04,-8.953152e-04,-8.818681e-04,-8.657074e-04,-8.429794e-04,-8.135235e-04,-7.771335e-04,-7.331029e-04,-6.873909e-04,-6.443400e-04,-6.028618e-04,-5.491049e-04,-4.679557e-04,-3.615809e-04,-2.459373e-04,-1.310000e-04
