8.161192e-04,3.639017e-06,2.747960e-05,2.898692e-05,2.922561e-05,3.022772e-05,2.938656e-05,2.756179e-05,2.547815e-05,2.348849e-05,2.176619e-05,1.985996e-05,1.971359e-05,2.052519e-05,2.349012e-05,2.566844e-05,2.478121e-05,2.088463e-05,1.816928e-05,1.789870e-05,2.059897e-05,2.606857e-05,3.323327e-05,4.227990e-05,5.090769e-05,5.779474e-05,6.054790e-05,5.915704e-05,5.379096e-05,4.716450e-05,3.869410e-05,2.809227e-05,1.509061e-05,1.048273e-06,-1.202754e-05,-2.494833e-05,-2.524359e-03,-2.535214e-03,-2.546044e-03,-2.556754e-03,-2.567734e-03,-2.579042e-03,-2.590485e-03,-2.602312e-03,-2.614527e-03,-2.627070e-03,-2.639048e-03,-2.650078e-03,-2.659754e-03,-2.667994e-03,-2.674629e-03,-2.679825e-03,-2.683839e-03,-2.687009e-03,-2.689493e-03,-2.691894e-03,-2.694580e-03,-2.697512e-03,-2.700988e-03,-2.704966e-03,-2.709362e-03,-2.713865e-03,-2.718530e-03,-2.723339e-03,-2.728608e-03,-2.734253e-03,-2.740046e-03,-2.745930e-03,-2.751785e-03,-1.212415e-04,-1.096922e-04,-9.812404e-05,-8.639843e-05,-7.485400e-05,-6.340184e-05,-5.224122e-05,-4.113195e-05,-3.007758e-05,-1.952818e-05,-9.763526e-06,-9.387400e-07,6.741453e-06,1.311606e-05,1.782744e-05,2.101804e-05,2.258890e-05,2.269186e-05,2.116720e-05,1.833734e-05,1.414475e-05,8.823864e-06,2.279139e-06,-5.325625e-06,-1.359502e-05,-2.229524e-05,-3.138014e-05,-4.068090e-05,-5.020538e-05,-5.948751e-05,-6.861498e-05,-7.752110e-05,-8.641881e-05,3.548888e-03,3.437817e-03,3.326655e-03,3.214281e-03,3.104067e-03,2.998073e-03,2.897297e-03,2.806886e-03,2.732187e-03,2.677721e-03,2.641737e-03,2.625449e-03,2.625453e-03,2.641097e-03,2.666936e-03,2.699454e-03,2.732724e-03,2.760315e-03,2.776343e-03,2.780752e-03,2.773603e-03,2.753541e-03,2.724175e-03,2.689780e-03,2.654405e-03,2.617180e-03,2.581366e-03,2.546677e-03,2.515239e-03,2.486283e-03,2.458360e-03,2.432373e-03,2.406130e-03,-3.255065e-04,-2.621976e-04,-1.988553e-04,-1.373033e-04,-7.987264e-05,-3.112888e-05,6.631016e-06,3.382585e-05,5.419270e-05,6.771056e-05,7.778179e-05,8.645085e-05,9.479740e-05,1.030402e-04,1.092797e-04,1.136710e-04,1.122916e-04,1.036917e-04,8.805704e-05,6.731259e-05,4.634075e-05,2.834162e-05,1.372051e-05,-7.167552e-07,-1.485848e-05,-2.970645e-05,-4.714336e-05,-6.662816e-05,-9.039606e-05,-1.167976e-04,-1.474078e-04,-1.794101e-04,-2.111858e-04
3.639017e-06,7.116590e-04,1.910650e-05,-2.859676e-04,-2.823023e-04,-2.780009e-04,-2.744240e-04,-2.715271e-04,-2.694365e-04,-2.688615e-04,-2.696163e-04,-2.718447e-04,-2.744573e-04,-2.741132e-04,-2.737064e-04,-2.734174e-04,-2.730663e-04,-2.691704e-04,-2.622420e-04,-2.539376e-04,-2.433632e-04,-2.311994e-04,-2.175904e-04,-2.046404e-04,-1.939170e-04,-1.876648e-04,-1.880344e-04,-1.936215e-04,-2.028253e-04,-2.127080e-04,-2.201874e-04,-2.262401e-04,-2.326761e-04,-2.401998e-04,-2.468984e-04,-2.530909e-04,-1.091228e-04,-9.996865e-05,-9.079050e-05,-8.142030e-05,-7.207685e-05,-6.256761e-05,-5.300368e-05,-4.308681e-05,-3.262602e-05,-2.188917e-05,-1.130470e-05,-1.481342e-06,7.411838e-06,1.542944e-05,2.207569e-05,2.705647e-05,2.986884e-05,3.061124e-05,2.915503e-05,2.585792e-05,2.078427e-05,1.426998e-05,6.367384e-06,-2.942703e-06,-1.321415e-05,-2.428062e-05,-3.603974e-05,-4.818922e-05,-6.078914e-05,-7.360229e-05,-8.689326e-05,-1.003528e-04,-1.137699e-04,-2.090879e-03,-2.107019e-03,-2.123140e-03,-2.139045e-03,-2.154877e-03,-2.170433e-03,-2.185244e-03,-2.199298e-03,-2.212168e-03,-2.223301e-03,-2.232359e-03,-2.239362e-03,-2.244754e-03,-2.248432e-03,-2.250595e-03,-2.251564e-03,-2.252050e-03,-2.252765e-03,-2.253829e-03,-2.255874e-03,-2.259364e-03,-2.264404e-03,-2.271565e-03,-2.280898e-03,-2.291559e-03,-2.303226e-03,-2.315256e-03,-2.327369e-03,-2.339410e-03,-2.351390e-03,-2.363277e-03,-2.374773e-03,-2.386241e-03,-2.411238e-04,-1.918962e-04,-1.426269e-04,-9.470026e-05,-4.990063e-05,-1.154750e-05,1.882983e-05,4.156156e-05,5.849111e-05,6.919699e-05,7.649833e-05,8.278450e-05,8.862798e-05,9.363957e-05,9.680966e-05,9.935648e-05,9.909390e-05,9.472503e-05,8.568026e-05,7.236071e-05,5.778349e-05,4.391025e-05,3.091854e-05,1.616235e-05,-1.274097e-07,-1.783125e-05,-3.766943e-05,-5.984623e-05,-8.615640e-05,-1.148259e-04,-1.459505e-04,-1.774747e-04,-2.088796e-04,3.059831e-03,2.959935e-03,2.859866e-03,2.759083e-03,2.661467e-03,2.568513e-03,2.480895e-03,2.404307e-03,2.341682e-03,2.292779e-03,2.259285e-03,2.239761e-03,2.235864e-03,2.242767e-03,2.258796e-03,2.280054e-03,2.304180e-03,2.326794e-03,2.340262e-03,2.343878e-03,2.337927e-03,2.320697e-03,2.295619e-03,2.266959e-03,2.235307e-03,2.205299e-03,2.175265e-03,2.145981e-03,2.115964e-03,2.086076e-03,2.056777e-03,2.025295e-03,1.993917e-03
2.747960e-05,1.910650e-05,1.829744e-04,-1.443293e-03,-1.395530e-03,-1.347584e-03,-1.296684e-03,-1.246480e-03,-1.197074e-03,-1.146763e-03,-1.101476e-03,-1.065057e-03,-1.039736e-03,-1.026056e-03,-1.023633e-03,-1.031639e-03,-1.048523e-03,-1.072995e-03,-1.102632e-03,-1.133606e-03,-1.159767e-03,-1.172462e-03,-1.173104e-03,-1.163321e-03,-1.141705e-03,-1.114507e-03,-1.088126e-03,-1.064726e-03,-1.046568e-03,-1.033975e-03,-1.025938e-03,-1.021043e-03,-1.018329e-03,-1.016895e-03,-1.015025e-03,-1.013021e-03,-8.786001e-05,-9.072721e-05,-9.360000e-05,-9.602086e-05,-9.763687e-05,-9.843045e-05,-9.854920e-05,-9.826748e-05,-9.747865e-05,-9.618174e-05,-9.465342e-05,-9.316556e-05,-9.187361e-05,-9.089969e-05,-9.043273e-05,-9.064177e-05,-9.154559e-05,-9.300040e-05,-9.475493e-05,-9.657332e-05,-9.839444e-05,-1.002963e-04,-1.025806e-04,-1.052853e-04,-1.083857e-04,-1.120334e-04,-1.163492e-04,-1.212482e-04,-1.266306e-04,-1.323539e-04,-1.382991e-04,-1.442971e-04,-1.502801e-04,-3.180804e-05,-3.873668e-05,-4.567196e-05,-5.216196e-05,-5.781809e-05,-6.269047e-05,-6.656122e-05,-6.911790e-05,-7.049146e-05,-7.094908e-05,-7.069891e-05,-6.974402e-05,-6.812083e-05,-6.598028e-05,-6.350317e-05,-6.065564e-05,-5.724670e-05,-5.339078e-05,-4.950889e-05,-4.603742e-05,-4.319489e-05,-4.132166e-05,-4.093988e-05,-4.209685e-05,-4.430439e-05,-4.714387e-05,-5.042952e-05,-5.412948e-05,-5.806184e-05,-6.205472e-05,-6.598262e-05,-6.978915e-05,-7.358465e-05,1.815604e-04,1.856977e-04,1.899377e-04,1.928459e-04,1.933948e-04,1.913224e-04,1.869554e-04,1.808521e-04,1.718862e-04,1.602822e-04,1.488459e-04,1.400471e-04,1.328850e-04,1.262206e-04,1.216475e-04,1.220056e-04,1.272750e-04,1.358325e-04,1.454382e-04,1.536178e-04,1.591763e-04,1.611818e-04,1.595336e-04,1.522700e-04,1.384804e-04,1.199093e-04,9.869769e-05,7.391328e-05,4.361178e-05,8.458137e-06,-2.846681e-05,-6.516035e-05,-1.018643e-04,8.154403e-05,8.924786e-05,9.705254e-05,1.033806e-04,1.073388e-04,1.095293e-04,1.092325e-04,1.055740e-04,9.967350e-05,9.467158e-05,9.262733e-05,9.171767e-05,8.994812e-05,8.881454e-05,9.051412e-05,9.381321e-05,9.539225e-05,9.457963e-05,9.220101e-05,8.974869e-05,8.701788e-05,8.457054e-05,8.426162e-05,8.597382e-05,8.674041e-05,8.396026e-05,7.872257e-05,7.346456e-05,6.693380e-05,5.623151e-05,4.077028e-05,2.356414e-05,6.509807e-06
2.898692e-05,-2.859676e-04,-1.443293e-03,1.464048e-01,1.112112e-01,7.951405e-02,5.357355e-02,3.373455e-02,1.942705e-02,1.000605e-02,4.539526e-03,2.059180e-03,1.572015e-03,2.223496e-03,3.409902e-03,4.740886e-03,5.999796e-03,7.115137e-03,8.067954e-03,8.823446e-03,9.359889e-03,9.646656e-03,9.726497e-03,9.638656e-03,9.408830e-03,9.132671e-03,8.867035e-03,8.619514e-03,8.416530e-03,8.279705e-03,8.205963e-03,8.178970e-03,8.187197e-03,8.217980e-03,8.248694e-03,8.278052e-03,-1.404604e-02,-1.208051e-02,-1.010761e-02,-8.248850e-03,-6.599726e-03,-5.157385e-03,-3.913742e-03,-2.844074e-03,-1.935121e-03,-1.172150e-03,-5.566672e-04,-8.776968e-05,2.651027e-04,5.327116e-04,7.278774e-04,8.596032e-04,9.360839e-04,9.650392e-04,9.536364e-04,9.088566e-04,8.397681e-04,7.555819e-04,6.656962e-04,5.744290e-04,4.856218e-04,4.025204e-04,3.277285e-04,2.605518e-04,1.994148e-04,1.424669e-04,8.815629e-05,3.437890e-05,-1.952771e-05,-1.267271e-02,-1.076748e-02,-8.855572e-03,-7.050883e-03,-5.433491e-03,-3.970178e-03,-2.667470e-03,-1.541807e-03,-5.982738e-04,1.590175e-04,7.334075e-04,1.159215e-03,1.473638e-03,1.689794e-03,1.817680e-03,1.871846e-03,1.866372e-03,1.813360e-03,1.725521e-03,1.616200e-03,1.496627e-03,1.377989e-03,1.271518e-03,1.181232e-03,1.104186e-03,1.037867e-03,9.803016e-04,9.310541e-04,8.873564e-04,8.465487e-04,8.064813e-04,7.659200e-04,7.252336e-04,-6.642598e-04,-8.519025e-04,-1.043273e-03,-1.189947e-03,-1.259360e-03,-1.259125e-03,-1.202649e-03,-1.108267e-03,-9.765231e-04,-8.171932e-04,-6.541137e-04,-5.057231e-04,-3.727918e-04,-2.528650e-04,-1.594897e-04,-1.143028e-04,-1.166305e-04,-1.539385e-04,-2.089488e-04,-2.613696e-04,-3.020107e-04,-3.237004e-04,-3.239454e-04,-2.842619e-04,-1.957849e-04,-7.182588e-05,7.227207e-05,2.444401e-04,4.615530e-04,7.180484e-04,9.892807e-04,1.259385e-03,1.529470e-03,-7.896811e-04,-1.047463e-03,-1.309162e-03,-1.516720e-03,-1.639848e-03,-1.708990e-03,-1.726795e-03,-1.689655e-03,-1.610504e-03,-1.516704e-03,-1.426945e-03,-1.340785e-03,-1.256192e-03,-1.185640e-03,-1.145958e-03,-1.127930e-03,-1.107469e-03,-1.078493e-03,-1.045160e-03,-1.018270e-03,-9.946797e-04,-9.771224e-04,-9.804287e-04,-1.004194e-03,-1.023408e-03,-1.017639e-03,-9.947453e-04,-9.736277e-04,-9.442121e-04,-8.828410e-04,-7.852819e-04,-6.739876e-04,-5.638381e-04
2.922561e-05,-2.823023e-04,-1.395530e-03,1.112112e-01,9.063972e-02,6.920353e-02,5.051706e-02,3.510871e-02,2.313905e-02,1.455133e-02,8.930840e-03,5.720723e-03,4.278177e-03,4.001205e-03,4.412504e-03,5.147522e-03,5.977460e-03,6.805706e-03,7.582679e-03,8.247812e-03,8.756224e-03,9.056376e-03,9.175539e-03,9.143041e-03,8.972802e-03,8.746881e-03,8.520819e-03,8.307012e-03,8.130712e-03,8.009170e-03,7.939694e-03,7.910189e-03,7.911706e-03,7.932880e-03,7.953269e-03,7.972398e-03,-9.203281e-03,-7.768046e-03,-6.326615e-03,-4.981252e-03,-3.811782e-03,-2.816379e-03,-1.982756e-03,-1.283738e-03,-7.140538e-04,-2.609577e-04,8.390624e-05,3.296652e-04,5.014178e-04,6.237167e-04,7.051512e-04,7.507001e-04,7.650775e-04,7.528742e-04,7.183851e-04,6.659053e-04,6.012202e-04,5.304430e-04,4.601013e-04,3.927298e-04,3.303539e-04,2.750595e-04,2.284010e-04,1.892500e-04,1.558389e-04,1.262884e-04,9.918188e-05,7.256472e-05,4.582580e-05,-9.006476e-03,-7.520781e-03,-6.029487e-03,-4.628352e-03,-3.384805e-03,-2.269574e-03,-1.293212e-03,-4.765500e-04,1.819492e-04,6.917344e-04,1.065472e-03,1.330641e-03,1.516152e-03,1.632305e-03,1.686412e-03,1.689908e-03,1.653884e-03,1.587363e-03,1.499660e-03,1.400586e-03,1.298399e-03,1.201419e-03,1.118198e-03,1.051314e-03,9.973291e-04,9.532913e-04,9.171591e-04,8.883312e-04,8.642803e-04,8.425814e-04,8.213415e-04,7.995230e-04,7.775899e-04,-7.286751e-04,-8.859200e-04,-1.046425e-03,-1.167851e-03,-1.221147e-03,-1.211151e-03,-1.150400e-03,-1.056154e-03,-9.253672e-04,-7.661669e-04,-6.043988e-04,-4.606749e-04,-3.345367e-04,-2.223761e-04,-1.366268e-04,-9.769934e-05,-1.046357e-04,-1.451702e-04,-2.025373e-04,-2.570936e-04,-2.997346e-04,-3.233625e-04,-3.254135e-04,-2.880695e-04,-2.027145e-04,-8.233662e-05,5.816483e-05,2.263060e-04,4.382828e-04,6.885811e-04,9.532451e-04,1.216844e-03,1.480421e-03,-9.195573e-04,-1.135881e-03,-1.355590e-03,-1.528394e-03,-1.627864e-03,-1.680515e-03,-1.685393e-03,-1.635487e-03,-1.544813e-03,-1.444439e-03,-1.355665e-03,-1.275214e-03,-1.198176e-03,-1.135924e-03,-1.104293e-03,-1.093945e-03,-1.081348e-03,-1.060372e-03,-1.034629e-03,-1.014140e-03,-9.956411e-04,-9.815585e-04,-9.860656e-04,-1.008939e-03,-1.026291e-03,-1.018612e-03,-9.937584e-04,-9.701366e-04,-9.381928e-04,-8.751808e-04,-7.771114e-04,-6.657206e-04,-5.554393e-04
3.022772e-05,-2.780009e-04,-1.347584e-03,7.951405e-02,6.920353e-02,5.918276e-02,4.742727e-02,3.652389e-02,2.686192e-02,1.910767e-02,1.332734e-02,9.384591e-03,6.984099e-03,5.777287e-03,5.412925e-03,5.551905e-03,5.953011e-03,6.494380e-03,7.095697e-03,7.670606e-03,8.151083e-03,8.464690e-03,8.623245e-03,8.646181e-03,8.535626e-03,8.359982e-03,8.173505e-03,7.993453e-03,7.843895e-03,7.737650e-03,7.672396e-03,7.640293e-03,7.634986e-03,7.646417e-03,7.656347e-03,7.665114e-03,-4.315427e-03,-3.415323e-03,-2.510198e-03,-1.683098e-03,-9.981024e-04,-4.543225e-04,-3.516227e-05,2.891120e-04,5.158620e-04,6.558925e-04,7.274212e-04,7.477977e-04,7.366236e-04,7.122050e-04,6.788489e-04,6.374564e-04,5.892180e-04,5.355588e-04,4.778644e-04,4.177091e-04,3.575604e-04,3.004027e-04,2.498660e-04,2.066830e-04,1.710451e-04,1.438699e-04,1.256550e-04,1.148357e-04,1.094525e-04,1.075979e-04,1.079918e-04,1.088309e-04,1.095557e-04,-5.309440e-03,-4.246486e-03,-3.179024e-03,-2.184695e-03,-1.318226e-03,-5.542105e-04,9.281402e-05,5.976730e-04,9.685970e-04,1.228625e-03,1.399784e-03,1.502709e-03,1.558013e-03,1.573145e-03,1.552697e-03,1.504962e-03,1.438009e-03,1.357759e-03,1.270101e-03,1.181287e-03,1.096572e-03,1.021380e-03,9.615657e-04,9.182514e-04,8.874994e-04,8.659132e-04,8.513808e-04,8.431333e-04,8.388855e-04,8.364493e-04,8.341896e-04,8.312670e-04,8.282401e-04,-7.960024e-04,-9.220365e-04,-1.050860e-03,-1.146227e-03,-1.182621e-03,-1.162139e-03,-1.096474e-03,-1.001837e-03,-8.715998e-04,-7.122387e-04,-5.515919e-04,-4.124273e-04,-2.930408e-04,-1.886538e-04,-1.105716e-04,-7.795989e-05,-8.957239e-05,-1.334125e-04,-1.932275e-04,-2.500189e-04,-2.947614e-04,-3.204280e-04,-3.243793e-04,-2.894631e-04,-2.073095e-04,-9.058475e-05,4.625692e-05,2.103125e-04,4.170951e-04,6.611380e-04,9.191742e-04,1.176210e-03,1.433221e-03,-1.051442e-03,-1.225698e-03,-1.402802e-03,-1.540232e-03,-1.615442e-03,-1.651053e-03,-1.642528e-03,-1.579455e-03,-1.476947e-03,-1.369774e-03,-1.281840e-03,-1.207021e-03,-1.137513e-03,-1.083576e-03,-1.060032e-03,-1.057414e-03,-1.052747e-03,-1.039848e-03,-1.021788e-03,-1.007801e-03,-9.944893e-04,-9.839699e-04,-9.897520e-04,-1.011794e-03,-1.027333e-03,-1.017783e-03,-9.910052e-04,-9.649084e-04,-9.304668e-04,-8.658474e-04,-7.673071e-04,-6.558637e-04,-5.454939e-04
2.938656e-05,-2.744240e-04,-1.296684e-03,5.357355e-02,5.051706e-02,4.742727e-02,4.401925e-02,3.743687e-02,3.029894e-02,2.345212e-02,1.759185e-02,1.297225e-02,9.656966e-03,7.545213e-03,6.415387e-03,5.960000e-03,5.929633e-03,6.179874e-03,6.601751e-03,7.083374e-03,7.533564e-03,7.859085e-03,8.055912e-03,8.133157e-03,8.081394e-03,7.956308e-03,7.810140e-03,7.663897e-03,7.540623e-03,7.449683e-03,7.389528e-03,7.356346e-03,7.346197e-03,7.350186e-03,7.352036e-03,7.352815e-03,-2.012096e-04,2.482989e-04,7.016850e-04,1.093953e-03,1.375358e-03,1.544858e-03,1.621941e-03,1.637418e-03,1.579773e-03,1.457367e-03,1.298382e-03,1.128528e-03,9.625430e-04,8.131433e-04,6.811875e-04,5.643633e-04,4.610063e-04,3.699627e-04,2.902969e-04,2.214246e-04,1.630660e-04,1.155825e-04,8.012044e-05,5.590493e-05,4.157602e-05,3.700819e-05,4.175026e-05,5.383470e-05,7.110490e-05,9.161485e-05,1.142000e-04,1.371885e-04,1.600701e-04,-2.240721e-03,-1.532035e-03,-8.198982e-04,-1.649647e-04,3.894143e-04,8.637344e-04,1.238813e-03,1.484600e-03,1.615012e-03,1.666336e-03,1.669571e-03,1.638762e-03,1.586602e-03,1.518325e-03,1.436522e-03,1.346937e-03,1.255144e-03,1.164454e-03,1.077811e-03,9.984078e-04,9.290131e-04,8.726099e-04,8.327202e-04,8.092430e-04,7.978925e-04,7.949640e-04,7.983127e-04,8.070414e-04,8.190836e-04,8.324545e-04,8.457500e-04,8.583100e-04,8.707754e-04,-8.270817e-04,-9.294486e-04,-1.034138e-03,-1.110788e-03,-1.137172e-03,-1.112531e-03,-1.047450e-03,-9.568039e-04,-8.302869e-04,-6.727545e-04,-5.141725e-04,-3.795636e-04,-2.662265e-04,-1.684322e-04,-9.654391e-05,-6.862886e-05,-8.324236e-05,-1.287259e-04,-1.894166e-04,-2.470458e-04,-2.927381e-04,-3.195794e-04,-3.248701e-04,-2.921423e-04,-2.132918e-04,-1.005852e-04,3.203391e-05,1.912740e-04,3.919702e-04,6.287421e-04,8.790902e-04,1.128499e-03,1.377881e-03,-1.143740e-03,-1.283859e-03,-1.426297e-03,-1.535971e-03,-1.593874e-03,-1.618485e-03,-1.601629e-03,-1.529524e-03,-1.418164e-03,-1.306040e-03,-1.219639e-03,-1.150246e-03,-1.087405e-03,-1.040481e-03,-1.023480e-03,-1.026969e-03,-1.028652e-03,-1.022356e-03,-1.010631e-03,-1.001956e-03,-9.928824e-04,-9.852453e-04,-9.918754e-04,-1.012880e-03,-1.026627e-03,-1.015472e-03,-9.872006e-04,-9.591594e-04,-9.228213e-04,-8.572895e-04,-7.590542e-04,-6.483591e-04,-5.386999e-04
2.756179e-05,-2.715271e-04,-1.246480e-03,3.373455e-02,3.510871e-02,3.652389e-02,3.743687e-02,3.703758e-02,3.260651e-02,2.716382e-02,2.149913e-02,1.642357e-02,1.233382e-02,9.394379e-03,7.526560e-03,6.476327e-03,6.000176e-03,5.939941e-03,6.164029e-03,6.537084e-03,6.945066e-03,7.273903e-03,7.502803e-03,7.629572e-03,7.633154e-03,7.557736e-03,7.452161e-03,7.339236e-03,7.241234e-03,7.165574e-03,7.111993e-03,7.080184e-03,7.068285e-03,7.068348e-03,7.065715e-03,7.062095e-03,2.568651e-03,2.709069e-03,2.852306e-03,2.949932e-03,2.964647e-03,2.891954e-03,2.751355e-03,2.571572e-03,2.330904e-03,2.034366e-03,1.720133e-03,1.422384e-03,1.151770e-03,9.162571e-04,7.147880e-04,5.435124e-04,3.991413e-04,2.789467e-04,1.806556e-04,1.024449e-04,4.223324e-05,-1.388876e-06,-2.904268e-05,-4.248743e-05,-4.413895e-05,-3.493443e-05,-1.607268e-05,1.014648e-05,4.137719e-05,7.562611e-05,1.118109e-04,1.483613e-04,1.848117e-04,-1.022004e-04,3.481213e-04,8.009152e-04,1.211114e-03,1.545182e-03,1.816950e-03,2.002211e-03,2.066147e-03,2.026621e-03,1.932127e-03,1.821528e-03,1.702176e-03,1.578976e-03,1.455907e-03,1.334747e-03,1.219500e-03,1.113836e-03,1.019164e-03,9.362359e-04,8.659779e-04,8.094888e-04,7.680279e-04,7.433721e-04,7.345661e-04,7.372218e-04,7.475481e-04,7.634345e-04,7.839321e-04,8.071656e-04,8.313142e-04,8.551706e-04,8.782298e-04,9.012028e-04,-7.943051e-04,-8.848894e-04,-9.773546e-04,-1.046876e-03,-1.074274e-03,-1.055887e-03,-1.000650e-03,-9.214135e-04,-8.040673e-04,-6.518452e-04,-4.970862e-04,-3.672426e-04,-2.589047e-04,-1.656325e-04,-9.727415e-05,-7.122265e-05,-8.604798e-05,-1.305297e-04,-1.896795e-04,-2.460186e-04,-2.908947e-04,-3.175497e-04,-3.232368e-04,-2.921366e-04,-2.164027e-04,-1.078293e-04,2.020363e-05,1.740950e-04,3.680748e-04,5.968946e-04,8.388529e-04,1.079927e-03,1.320971e-03,-1.187288e-03,-1.302847e-03,-1.420230e-03,-1.511281e-03,-1.560171e-03,-1.580849e-03,-1.561700e-03,-1.485956e-03,-1.370048e-03,-1.256066e-03,-1.172863e-03,-1.109254e-03,-1.052264e-03,-1.010768e-03,-9.983794e-04,-1.005899e-03,-1.011771e-03,-1.009907e-03,-1.002434e-03,-9.971931e-04,-9.907928e-04,-9.848680e-04,-9.916082e-04,-1.011228e-03,-1.023162e-03,-1.010658e-03,-9.813467e-04,-9.519800e-04,-9.144552e-04,-8.487552e-04,-7.515681e-04,-6.423598e-04,-5.341500e-04
2.547815e-05,-2.694365e-04,-1.197074e-03,1.942705e-02,2.313905e-02,2.686192e-02,3.029894e-02,3.260651e-02,3.317897e-02,2.961963e-02,2.483381e-02,1.968237e-02,1.507626e-02,1.143716e-02,8.873965e-03,7.219472e-03,6.263267e-03,5.849663e-03,5.835162e-03,6.065847e-03,6.405753e-03,6.719640e-03,6.968159e-03,7.136297e-03,7.190438e-03,7.163172e-03,7.097983e-03,7.017787e-03,6.944515e-03,6.884733e-03,6.839452e-03,6.811245e-03,6.800072e-03,6.798831e-03,6.794317e-03,6.788896e-03,3.955134e-03,3.932846e-03,3.912462e-03,3.859643e-03,3.747196e-03,3.566970e-03,3.335279e-03,3.074788e-03,2.753324e-03,2.371823e-03,1.978593e-03,1.616484e-03,1.292457e-03,1.010215e-03,7.685285e-04,5.640595e-04,3.932774e-04,2.528932e-04,1.402425e-04,5.309860e-05,-1.157954e-05,-5.619556e-05,-8.245268e-05,-9.254732e-05,-8.945643e-05,-7.469098e-05,-4.998276e-05,-1.788543e-05,1.909906e-05,5.893061e-05,1.005810e-04,1.425598e-04,1.844454e-04,1.677904e-03,1.908023e-03,2.139778e-03,2.341314e-03,2.487158e-03,2.583882e-03,2.604262e-03,2.512064e-03,2.328494e-03,2.113169e-03,1.911582e-03,1.723524e-03,1.545405e-03,1.380493e-03,1.230634e-03,1.098236e-03,9.848639e-04,8.901839e-04,8.130827e-04,7.526245e-04,7.086665e-04,6.811142e-04,6.702796e-04,6.744818e-04,6.893503e-04,7.111063e-04,7.376924e-04,7.681527e-04,8.007878e-04,8.339332e-04,8.665681e-04,8.983404e-04,9.300344e-04,-6.987380e-04,-7.888099e-04,-8.803695e-04,-9.534841e-04,-9.917402e-04,-9.891468e-04,-9.524518e-04,-8.915199e-04,-7.885823e-04,-6.451898e-04,-4.962469e-04,-3.717740e-04,-2.677620e-04,-1.771391e-04,-1.097108e-04,-8.273713e-05,-9.506423e-05,-1.360156e-04,-1.913580e-04,-2.444402e-04,-2.868794e-04,-3.120994e-04,-3.173156e-04,-2.873311e-04,-2.145458e-04,-1.102145e-04,1.289334e-05,1.609430e-04,3.476273e-04,5.678723e-04,8.008012e-04,1.032895e-03,1.264957e-03,-1.218515e-03,-1.313426e-03,-1.409730e-03,-1.485210e-03,-1.526649e-03,-1.543444e-03,-1.521574e-03,-1.442785e-03,-1.323695e-03,-1.209589e-03,-1.131227e-03,-1.074618e-03,-1.023983e-03,-9.879316e-04,-9.800560e-04,-9.914098e-04,-1.001029e-03,-1.002919e-03,-9.988572e-04,-9.961548e-04,-9.915848e-04,-9.866626e-04,-9.929859e-04,-1.010862e-03,-1.020771e-03,-1.006834e-03,-9.764854e-04,-9.458798e-04,-9.072965e-04,-8.415650e-04,-7.455511e-04,-6.379456e-04,-5.313017e-04
2.348849e-05,-2.688615e-04,-1.146763e-03,1.000605e-02,1.455133e-02,1.910767e-02,2.345212e-02,2.716382e-02,2.961963e-02,3.045253e-02,2.713947e-02,2.264329e-02,1.789289e-02,1.376451e-02,1.057424e-02,8.307483e-03,6.822848e-03,5.992141e-03,5.675275e-03,5.707926e-03,5.934565e-03,6.199728e-03,6.444313e-03,6.638472e-03,6.734473e-03,6.752276e-03,6.727888e-03,6.682008e-03,6.635230e-03,6.593503e-03,6.559266e-03,6.537608e-03,6.530052e-03,6.530346e-03,6.526765e-03,6.522357e-03,4.473595e-03,4.384342e-03,4.296271e-03,4.186089e-03,4.034179e-03,3.829430e-03,3.582614e-03,3.307711e-03,2.964260e-03,2.549803e-03,2.122709e-03,1.734515e-03,1.388034e-03,1.082260e-03,8.172164e-04,5.919444e-04,4.036817e-04,2.491028e-04,1.256144e-04,3.095070e-05,-3.842270e-05,-8.548821e-05,-1.126699e-04,-1.223179e-04,-1.177022e-04,-1.008046e-04,-7.380720e-05,-3.945168e-05,-3.562167e-07,4.141552e-05,8.488780e-05,1.286511e-04,1.723278e-04,2.873342e-03,2.936566e-03,3.000777e-03,3.044420e-03,3.048260e-03,3.012090e-03,2.908454e-03,2.703492e-03,2.420562e-03,2.127964e-03,1.875593e-03,1.654220e-03,1.450454e-03,1.267716e-03,1.109242e-03,9.760892e-04,8.674729e-04,7.816297e-04,7.161171e-04,6.687184e-04,6.385520e-04,6.246416e-04,6.262500e-04,6.412943e-04,6.656940e-04,6.959386e-04,7.301239e-04,7.673688e-04,8.061826e-04,8.450833e-04,8.832489e-04,9.204822e-04,9.576454e-04,-5.634202e-04,-6.603760e-04,-7.584954e-04,-8.418699e-04,-8.964654e-04,-9.147932e-04,-9.010715e-04,-8.614825e-04,-7.754081e-04,-6.429313e-04,-5.014532e-04,-3.834795e-04,-2.841422e-04,-1.954803e-04,-1.276167e-04,-9.818769e-05,-1.065278e-04,-1.425570e-04,-1.928357e-04,-2.415498e-04,-2.806330e-04,-3.037185e-04,-3.079902e-04,-2.788690e-04,-2.090067e-04,-1.090647e-04,8.852506e-06,1.507042e-04,3.296663e-04,5.408580e-04,7.642634e-04,9.868815e-04,1.209467e-03,-1.243212e-03,-1.319981e-03,-1.397802e-03,-1.459174e-03,-1.492967e-03,-1.504514e-03,-1.478882e-03,-1.398119e-03,-1.278541e-03,-1.167659e-03,-1.097273e-03,-1.050050e-03,-1.006918e-03,-9.766065e-04,-9.732266e-04,-9.881595e-04,-1.000887e-03,-1.005560e-03,-1.003727e-03,-1.002305e-03,-9.983318e-04,-9.932840e-04,-9.982191e-04,-1.013566e-03,-1.020874e-03,-1.005169e-03,-9.736323e-04,-9.417677e-04,-9.021922e-04,-8.365640e-04,-7.419033e-04,-6.360877e-04,-5.311960e-04
2.176619e-05,-2.696163e-04,-1.101476e-03,4.539526e-03,8.930840e-03,1.332734e-02,1.759185e-02,2.149913e-02,2.483381e-02,2.713947e-02,2.794762e-02,2.478396e-02,2.064307e-02,1.637607e-02,1.273288e-02,9.892199e-03,7.848335e-03,6.533409e-03,5.834665e-03,5.591521e-03,5.635307e-03,5.794820e-03,5.992640e-03,6.182355e-03,6.300576e-03,6.353231e-03,6.367054e-03,6.357146e-03,6.339632e-03,6.318894e-03,6.299064e-03,6.287401e-03,6.286532e-03,6.291188e-03,6.291392e-03,6.290845e-03,4.811467e-03,4.670868e-03,4.530916e-03,4.376632e-03,4.194116e-03,3.971050e-03,3.712228e-03,3.422982e-03,3.059764e-03,2.618986e-03,2.167343e-03,1.763563e-03,1.404483e-03,1.082574e-03,7.999730e-04,5.595843e-04,3.598627e-04,1.972984e-04,6.914471e-05,-2.719295e-05,-9.572497e-05,-1.400166e-04,-1.632003e-04,-1.678133e-04,-1.574009e-04,-1.344229e-04,-1.015405e-04,-6.158195e-05,-1.718852e-05,2.963415e-05,7.800638e-05,1.266346e-04,1.751823e-04,2.956741e-03,2.942542e-03,2.928863e-03,2.901844e-03,2.847239e-03,2.759954e-03,2.615394e-03,2.385364e-03,2.093123e-03,1.809865e-03,1.585385e-03,1.399530e-03,1.227472e-03,1.074197e-03,9.463672e-04,8.442522e-04,7.646215e-04,7.050364e-04,6.627957e-04,6.354669e-04,6.221837e-04,6.218736e-04,6.335424e-04,6.554251e-04,6.842546e-04,7.173009e-04,7.530470e-04,7.908435e-04,8.295050e-04,8.678010e-04,9.051390e-04,9.414744e-04,9.777483e-04,-4.359144e-04,-5.391705e-04,-6.433424e-04,-7.356326e-04,-8.039772e-04,-8.403056e-04,-8.464134e-04,-8.249281e-04,-7.539786e-04,-6.327345e-04,-5.003899e-04,-3.912646e-04,-2.987988e-04,-2.133712e-04,-1.456977e-04,-1.143676e-04,-1.193683e-04,-1.511486e-04,-1.969566e-04,-2.416785e-04,-2.775776e-04,-2.985061e-04,-3.016359e-04,-2.729512e-04,-2.053524e-04,-1.089613e-04,4.743436e-06,1.415153e-04,3.140518e-04,5.176275e-04,7.329999e-04,9.476270e-04,1.162219e-03,-1.259112e-03,-1.318857e-03,-1.379400e-03,-1.426831e-03,-1.451845e-03,-1.456910e-03,-1.427846e-03,-1.348690e-03,-1.234794e-03,-1.133802e-03,-1.076991e-03,-1.043050e-03,-1.009045e-03,-9.845551e-04,-9.851594e-04,-1.002720e-03,-1.016934e-03,-1.022236e-03,-1.020229e-03,-1.017702e-03,-1.012034e-03,-1.004773e-03,-1.006577e-03,-1.018071e-03,-1.021804e-03,-1.003661e-03,-9.705255e-04,-9.372316e-04,-8.966184e-04,-8.310288e-04,-7.375751e-04,-6.333626e-04,-5.300401e-04
1.985996e-05,-2.718447e-04,-1.065057e-03,2.059180e-03,5.720723e-03,9.384591e-03,1.297225e-02,1.642357e-02,1.968237e-02,2.264329e-02,2.478396e-02,2.566423e-02,2.281345e-02,1.913041e-02,1.534294e-02,1.206909e-02,9.481514e-03,7.634500e-03,6.472037e-03,5.860538e-03,5.630580e-03,5.604797e-03,5.691900e-03,5.828457e-03,5.934769e-03,6.000999e-03,6.042360e-03,6.064625e-03,6.076113e-03,6.078070e-03,6.075366e-03,6.076074e-03,6.083314e-03,6.093404e-03,6.098566e-03,6.103041e-03,4.621198e-03,4.442713e-03,4.264497e-03,4.077942e-03,3.874119e-03,3.642264e-03,3.383383e-03,3.096974e-03,2.742084e-03,2.314648e-03,1.883700e-03,1.509984e-03,1.181076e-03,8.799683e-04,6.117175e-04,3.849131e-04,1.998767e-04,5.292524e-05,-5.899434e-05,-1.390462e-04,-1.914889e-04,-2.202190e-04,-2.287241e-04,-2.194600e-04,-1.959314e-04,-1.608015e-04,-1.169583e-04,-6.700385e-05,-1.329501e-05,4.242573e-05,9.947716e-05,1.567580e-04,2.139624e-04,2.294885e-03,2.255450e-03,2.216213e-03,2.169183e-03,2.104742e-03,2.016288e-03,1.884898e-03,1.690688e-03,1.456179e-03,1.248199e-03,1.110785e-03,1.011432e-03,9.128704e-04,8.231836e-04,7.548229e-04,7.074390e-04,6.746954e-04,6.539619e-04,6.432521e-04,6.408850e-04,6.464744e-04,6.594249e-04,6.791521e-04,7.047670e-04,7.341925e-04,7.658427e-04,7.987321e-04,8.325339e-04,8.664312e-04,8.995250e-04,9.314589e-04,9.623266e-04,9.931417e-04,-3.461346e-04,-4.484502e-04,-5.515042e-04,-6.448504e-04,-7.182032e-04,-7.639932e-04,-7.824837e-04,-7.738609e-04,-7.168713e-04,-6.098914e-04,-4.919655e-04,-3.975041e-04,-3.170185e-04,-2.381394e-04,-1.725615e-04,-1.406733e-04,-1.434123e-04,-1.717454e-04,-2.135087e-04,-2.541212e-04,-2.862301e-04,-3.039713e-04,-3.046068e-04,-2.746469e-04,-2.072590e-04,-1.121414e-04,-2.519431e-07,1.339775e-04,3.028407e-04,5.017348e-04,7.120678e-04,9.216737e-04,1.131245e-03,-1.289195e-03,-1.328560e-03,-1.368549e-03,-1.397953e-03,-1.409274e-03,-1.403787e-03,-1.369463e-03,-1.293668e-03,-1.190865e-03,-1.106111e-03,-1.068088e-03,-1.050990e-03,-1.027608e-03,-1.009135e-03,-1.013741e-03,-1.033744e-03,-1.048558e-03,-1.052962e-03,-1.048924e-03,-1.043421e-03,-1.034194e-03,-1.022958e-03,-1.020173e-03,-1.026729e-03,-1.026046e-03,-1.004772e-03,-9.694764e-04,-9.343724e-04,-8.923994e-04,-8.264099e-04,-7.335377e-04,-6.302267e-04,-5.277789e-04
1.971359e-05,-2.744573e-04,-1.039736e-03,1.572015e-03,4.278177e-03,6.984099e-03,9.656966e-03,1.233382e-02,1.507626e-02,1.789289e-02,2.064307e-02,2.281345e-02,2.395300e-02,2.149905e-02,1.824731e-02,1.481548e-02,1.180333e-02,9.424543e-03,7.737558e-03,6.663875e-03,6.054521e-03,5.742726e-03,5.632521e-03,5.645331e-03,5.686619e-03,5.729669e-03,5.776002e-03,5.818525e-03,5.854375e-03,5.878966e-03,5.895367e-03,5.910551e-03,5.927823e-03,5.945775e-03,5.958758e-03,5.971079e-03,3.781536e-03,3.587600e-03,3.393685e-03,3.195773e-03,2.989058e-03,2.765844e-03,2.525794e-03,2.266353e-03,1.954714e-03,1.588440e-03,1.231578e-03,9.398288e-04,6.886498e-04,4.492001e-04,2.305314e-04,4.934605e-05,-9.153742e-05,-1.960881e-04,-2.679997e-04,-3.114564e-04,-3.307322e-04,-3.297645e-04,-3.119259e-04,-2.792768e-04,-2.349205e-04,-1.813687e-04,-1.214002e-04,-5.703441e-05,1.004180e-05,7.856568e-05,1.481635e-04,2.179851e-04,2.877308e-04,1.600403e-03,1.560447e-03,1.520485e-03,1.476742e-03,1.423589e-03,1.355318e-03,1.259225e-03,1.123063e-03,9.663012e-04,8.453274e-04,7.954114e-04,7.746842e-04,7.364887e-04,6.948246e-04,6.714045e-04,6.654706e-04,6.663499e-04,6.712532e-04,6.794783e-04,6.906842e-04,7.047976e-04,7.217210e-04,7.414721e-04,7.640598e-04,7.884517e-04,8.140527e-04,8.401756e-04,8.665665e-04,8.926207e-04,9.176924e-04,9.415334e-04,9.642990e-04,9.870178e-04,-2.885536e-04,-3.835234e-04,-4.791161e-04,-5.665282e-04,-6.369555e-04,-6.839022e-04,-7.070482e-04,-7.056165e-04,-6.608201e-04,-5.710298e-04,-4.729008e-04,-3.986528e-04,-3.347874e-04,-2.652480e-04,-2.031561e-04,-1.717676e-04,-1.732575e-04,-1.990400e-04,-2.373475e-04,-2.738498e-04,-3.016112e-04,-3.151129e-04,-3.118290e-04,-2.787330e-04,-2.092565e-04,-1.128287e-04,-2.702346e-08,1.345582e-04,3.029040e-04,5.005002e-04,7.092422e-04,9.172490e-04,1.125223e-03,-1.311585e-03,-1.333343e-03,-1.355613e-03,-1.369116e-03,-1.368043e-03,-1.353800e-03,-1.316995e-03,-1.248279e-03,-1.160602e-03,-1.094212e-03,-1.074070e-03,-1.070969e-03,-1.054385e-03,-1.038155e-03,-1.044382e-03,-1.065609e-03,-1.080073e-03,-1.082706e-03,-1.075975e-03,-1.067261e-03,-1.054467e-03,-1.039427e-03,-1.032536e-03,-1.034943e-03,-1.030708e-03,-1.007053e-03,-9.702631e-04,-9.340184e-04,-8.912854e-04,-8.252637e-04,-7.330698e-04,-6.306664e-04,-5.291074e-04
2.052519e-05,-2.741132e-04,-1.026056e-03,2.223496e-03,4.001205e-03,5.777287e-03,7.545213e-03,9.394379e-03,1.143716e-02,1.376451e-02,1.637607e-02,1.913041e-02,2.149905e-02,2.295511e-02,2.086096e-02,1.793085e-02,1.475549e-02,1.195384e-02,9.733147e-03,8.126108e-03,7.032178e-03,6.321917e-03,5.908810e-03,5.705044e-03,5.606608e-03,5.571253e-03,5.585645e-03,5.626628e-03,5.676382e-03,5.720698e-03,5.757648e-03,5.791426e-03,5.825053e-03,5.858928e-03,5.888384e-03,5.917158e-03,2.759461e-03,2.579548e-03,2.399525e-03,2.218024e-03,2.032792e-03,1.838646e-03,1.634688e-03,1.418060e-03,1.165479e-03,8.763917e-04,6.050052e-04,3.979785e-04,2.206895e-04,3.457924e-05,-1.445911e-04,-2.882140e-04,-3.900786e-04,-4.548833e-04,-4.877245e-04,-4.948435e-04,-4.807265e-04,-4.494822e-04,-4.042800e-04,-3.469978e-04,-2.804692e-04,-2.070978e-04,-1.296087e-04,-4.940568e-05,3.259051e-05,1.155873e-04,1.994823e-04,2.836187e-04,3.676765e-04,1.161233e-03,1.148338e-03,1.135332e-03,1.120868e-03,1.101863e-03,1.073769e-03,1.028474e-03,9.587558e-04,8.786855e-04,8.296792e-04,8.358902e-04,8.526500e-04,8.312264e-04,7.949791e-04,7.783331e-04,7.803227e-04,7.840549e-04,7.862727e-04,7.879744e-04,7.907188e-04,7.943760e-04,7.992176e-04,8.059508e-04,8.152642e-04,8.266954e-04,8.401722e-04,8.548414e-04,8.700435e-04,8.850928e-04,8.993836e-04,9.125785e-04,9.247713e-04,9.369178e-04,-2.345298e-04,-3.237630e-04,-4.135544e-04,-4.960747e-04,-5.635638e-04,-6.105788e-04,-6.367134e-04,-6.411350e-04,-6.081353e-04,-5.364003e-04,-4.588299e-04,-4.040773e-04,-3.550259e-04,-2.922352e-04,-2.309475e-04,-1.985322e-04,-1.985677e-04,-2.225742e-04,-2.587124e-04,-2.923539e-04,-3.168333e-04,-3.268668e-04,-3.201641e-04,-2.839877e-04,-2.119510e-04,-1.133441e-04,1.495622e-06,1.378385e-04,3.074142e-04,5.057602e-04,7.150522e-04,9.235887e-04,1.132095e-03,-1.284125e-03,-1.299132e-03,-1.314590e-03,-1.322386e-03,-1.318013e-03,-1.303498e-03,-1.271727e-03,-1.215806e-03,-1.146590e-03,-1.097992e-03,-1.090380e-03,-1.093592e-03,-1.076335e-03,-1.056183e-03,-1.060295e-03,-1.081046e-03,-1.094190e-03,-1.094434e-03,-1.084805e-03,-1.073302e-03,-1.057740e-03,-1.039994e-03,-1.030528e-03,-1.030678e-03,-1.024848e-03,-1.000569e-03,-9.638703e-04,-9.279920e-04,-8.858793e-04,-8.209163e-04,-7.301867e-04,-6.293917e-04,-5.294299e-04
2.349012e-05,-2.737064e-04,-1.023633e-03,3.409902e-03,4.412504e-03,5.412925e-03,6.415387e-03,7.526560e-03,8.873965e-03,1.057424e-02,1.273288e-02,1.534294e-02,1.824731e-02,2.086096e-02,2.260918e-02,2.080216e-02,1.812449e-02,1.516331e-02,1.251667e-02,1.036077e-02,8.700949e-03,7.480135e-03,6.643559e-03,6.107299e-03,5.769669e-03,5.577211e-03,5.502625e-03,5.504929e-03,5.547575e-03,5.602028e-03,5.657364e-03,5.712420e-03,5.767998e-03,5.824596e-03,5.877451e-03,5.929585e-03,1.927467e-03,1.785904e-03,1.644184e-03,1.502012e-03,1.358225e-03,1.209151e-03,1.053304e-03,8.876429e-04,6.964779e-04,4.792464e-04,2.758690e-04,1.204747e-04,-2.547783e-05,-2.032730e-04,-3.863442e-04,-5.298522e-04,-6.227491e-04,-6.709979e-04,-6.822357e-04,-6.664448e-04,-6.291138e-04,-5.751415e-04,-5.077155e-04,-4.291927e-04,-3.426636e-04,-2.506921e-04,-1.562088e-04,-6.016147e-05,3.720369e-05,1.354179e-04,2.344778e-04,3.338019e-04,4.330443e-04,8.862498e-04,9.061420e-04,9.258903e-04,9.451115e-04,9.619073e-04,9.724582e-04,9.715614e-04,9.550290e-04,9.317815e-04,9.287713e-04,9.601149e-04,9.842779e-04,9.568620e-04,9.102616e-04,8.909047e-04,8.958053e-04,8.984419e-04,8.940400e-04,8.856145e-04,8.772654e-04,8.684319e-04,8.597645e-04,8.530817e-04,8.497507e-04,8.495545e-04,8.526474e-04,8.578316e-04,8.638634e-04,8.699520e-04,8.755715e-04,8.803012e-04,8.841204e-04,8.878905e-04,-1.616197e-04,-2.513125e-04,-3.415363e-04,-4.249128e-04,-4.943332e-04,-5.452361e-04,-5.773500e-04,-5.901019e-04,-5.704332e-04,-5.170054e-04,-4.578251e-04,-4.169167e-04,-3.753096e-04,-3.120219e-04,-2.454095e-04,-2.081511e-04,-2.053831e-04,-2.282230e-04,-2.640729e-04,-2.971995e-04,-3.208552e-04,-3.297124e-04,-3.216578e-04,-2.839530e-04,-2.102409e-04,-1.098084e-04,7.095983e-06,1.455965e-04,3.172301e-04,5.175014e-04,7.286543e-04,9.390401e-04,1.149398e-03,-1.245029e-03,-1.259772e-03,-1.274944e-03,-1.282932e-03,-1.279999e-03,-1.268784e-03,-1.243799e-03,-1.199799e-03,-1.145782e-03,-1.109726e-03,-1.107866e-03,-1.111340e-03,-1.090395e-03,-1.065985e-03,-1.069917e-03,-1.093388e-03,-1.107946e-03,-1.107592e-03,-1.096121e-03,-1.082575e-03,-1.064566e-03,-1.044115e-03,-1.032125e-03,-1.030210e-03,-1.022900e-03,-9.978359e-04,-9.608674e-04,-9.249196e-04,-8.828846e-04,-8.181880e-04,-7.278752e-04,-6.275511e-04,-5.280563e-04
2.566844e-05,-2.734174e-04,-1.031639e-03,4.740886e-03,5.147522e-03,5.551905e-03,5.960000e-03,6.476327e-03,7.219472e-03,8.307483e-03,9.892199e-03,1.206909e-02,1.481548e-02,1.793085e-02,2.080216e-02,2.283149e-02,2.130219e-02,1.886915e-02,1.607618e-02,1.348181e-02,1.122788e-02,9.397587e-03,8.002598e-03,6.989297e-03,6.280037e-03,5.818397e-03,5.568702e-03,5.473289e-03,5.472466e-03,5.516535e-03,5.579366e-03,5.649373e-03,5.721499e-03,5.795076e-03,5.865506e-03,5.935174e-03,1.389499e-03,1.268391e-03,1.147125e-03,1.025559e-03,9.028142e-04,7.762789e-04,6.440477e-04,5.029271e-04,3.424820e-04,1.614219e-04,-1.444614e-05,-1.633461e-04,-3.213767e-04,-5.260351e-04,-7.388546e-04,-8.980740e-04,-9.878069e-04,-1.016680e-03,-9.971390e-04,-9.456904e-04,-8.704183e-04,-7.781800e-04,-6.725440e-04,-5.571998e-04,-4.360641e-04,-3.117413e-04,-1.871962e-04,-6.267645e-05,6.257369e-05,1.885534e-04,3.153080e-04,4.423491e-04,5.693050e-04,6.638643e-04,6.916885e-04,7.193772e-04,7.466567e-04,7.720527e-04,7.923935e-04,8.045142e-04,8.063591e-04,8.034226e-04,8.121077e-04,8.402658e-04,8.556130e-04,8.238582e-04,7.820135e-04,7.824352e-04,8.160987e-04,8.428613e-04,8.549716e-04,8.578205e-04,8.586757e-04,8.557236e-04,8.498818e-04,8.448114e-04,8.428435e-04,8.438196e-04,8.479865e-04,8.539900e-04,8.601953e-04,8.660256e-04,8.714447e-04,8.761584e-04,8.800346e-04,8.838600e-04,-1.085365e-04,-2.003075e-04,-2.926088e-04,-3.781408e-04,-4.501172e-04,-5.046805e-04,-5.417604e-04,-5.610726e-04,-5.514151e-04,-5.112877e-04,-4.640394e-04,-4.291831e-04,-3.878295e-04,-3.192908e-04,-2.451315e-04,-2.033956e-04,-2.005414e-04,-2.266008e-04,-2.672855e-04,-3.047456e-04,-3.317006e-04,-3.424742e-04,-3.351849e-04,-2.968748e-04,-2.211494e-04,-1.175962e-04,3.308827e-06,1.464084e-04,3.229750e-04,5.283489e-04,7.446585e-04,9.601808e-04,1.175677e-03,-1.230264e-03,-1.244501e-03,-1.259174e-03,-1.266682e-03,-1.263560e-03,-1.252900e-03,-1.230242e-03,-1.191339e-03,-1.143889e-03,-1.111548e-03,-1.107920e-03,-1.107769e-03,-1.085090e-03,-1.062410e-03,-1.073821e-03,-1.107725e-03,-1.129767e-03,-1.132814e-03,-1.121851e-03,-1.107555e-03,-1.087192e-03,-1.063133e-03,-1.047305e-03,-1.041849e-03,-1.031289e-03,-1.003215e-03,-9.634445e-04,-9.247638e-04,-8.800171e-04,-8.126053e-04,-7.195223e-04,-6.163986e-04,-5.141080e-04
2.478121e-05,-2.730663e-04,-1.048523e-03,5.999796e-03,5.977460e-03,5.953011e-03,5.929633e-03,6.000176e-03,6.263267e-03,6.822848e-03,7.848335e-03,9.481514e-03,1.180333e-02,1.475549e-02,1.812449e-02,2.130219e-02,2.366673e-02,2.244131e-02,2.020896e-02,1.746250e-02,1.471325e-02,1.222621e-02,1.014950e-02,8.497231e-03,7.252927e-03,6.375621e-03,5.834216e-03,5.557820e-03,5.458665e-03,5.458311e-03,5.507880e-03,5.578526e-03,5.655109e-03,5.734987e-03,5.813308e-03,5.890752e-03,1.181823e-03,1.028167e-03,8.743802e-04,7.199862e-04,5.639838e-04,4.045732e-04,2.396834e-04,6.624165e-05,-1.224081e-04,-3.277097e-04,-5.339214e-04,-7.275968e-04,-9.353039e-04,-1.184028e-03,-1.426034e-03,-1.587537e-03,-1.650540e-03,-1.628786e-03,-1.542756e-03,-1.418826e-03,-1.269287e-03,-1.104053e-03,-9.272045e-04,-7.447233e-04,-5.618033e-04,-3.804895e-04,-2.031221e-04,-2.859998e-05,1.455472e-04,3.201771e-04,4.954708e-04,6.711118e-04,8.466583e-04,4.098058e-04,4.445060e-04,4.790996e-04,5.129785e-04,5.446881e-04,5.717026e-04,5.922780e-04,6.057679e-04,6.153128e-04,6.301539e-04,6.542446e-04,6.661145e-04,6.433078e-04,6.232476e-04,6.581812e-04,7.314119e-04,7.887471e-04,8.198706e-04,8.341602e-04,8.436618e-04,8.448051e-04,8.391360e-04,8.335560e-04,8.319521e-04,8.337307e-04,8.388134e-04,8.456458e-04,8.521569e-04,8.580448e-04,8.639471e-04,8.696444e-04,8.747049e-04,8.797079e-04,-1.072639e-04,-1.987034e-04,-2.906911e-04,-3.757299e-04,-4.470269e-04,-5.011433e-04,-5.381150e-04,-5.578366e-04,-5.502197e-04,-5.136343e-04,-4.680782e-04,-4.298957e-04,-3.824963e-04,-3.076037e-04,-2.290504e-04,-1.885955e-04,-1.930609e-04,-2.305327e-04,-2.839227e-04,-3.322143e-04,-3.672907e-04,-3.829808e-04,-3.778789e-04,-3.386558e-04,-2.589270e-04,-1.490470e-04,-2.017461e-05,1.320098e-04,3.183432e-04,5.338562e-04,7.604185e-04,9.861400e-04,1.211841e-03,-1.225925e-03,-1.239590e-03,-1.253712e-03,-1.260429e-03,-1.256281e-03,-1.244777e-03,-1.222111e-03,-1.184626e-03,-1.139177e-03,-1.106687e-03,-1.099273e-03,-1.096004e-03,-1.075397e-03,-1.059959e-03,-1.083682e-03,-1.131504e-03,-1.162823e-03,-1.169445e-03,-1.158216e-03,-1.142142e-03,-1.117905e-03,-1.088379e-03,-1.067167e-03,-1.057162e-03,-1.042548e-03,-1.010560e-03,-9.670294e-04,-9.246940e-04,-8.763080e-04,-8.051855e-04,-7.082123e-04,-6.011261e-04,-4.948821e-04
