4.938050e-05,1.029310e-07,1.133913e-06,-5.820780e-06,-1.308595e-05,-1.820392e-05,-1.151554e-05,-1.709828e-05,-1.649706e-05,-1.785248e-05,-2.161109e-05,-6.143929e-06,4.824247e-06,3.815479e-06,-1.551893e-06,-1.940245e-05,-2.716152e-05,-3.736926e-05,-3.382430e-05,-2.909986e-05,-2.582798e-05,-9.846524e-06,-1.202136e-05,-1.259419e-05,-1.283474e-05,-1.737275e-05,2.228930e-06,1.741481e-05,2.768245e-05,2.812260e-05,1.624896e-05,-1.959121e-05,-5.189752e-05,-8.151455e-05,-1.060058e-04,-1.304709e-04,-1.726658e-04,-1.782673e-04,-1.838586e-04,-1.871234e-04,-1.885888e-04,-1.895990e-04,-1.896582e-04,-1.866510e-04,-1.819146e-04,-1.774108e-04,-1.730235e-04,-1.708800e-04,-1.693098e-04,-1.683184e-04,-1.709181e-04,-1.744044e-04,-1.779059e-04,-1.815103e-04,-1.824968e-04,-1.810095e-04,-1.790386e-04,-1.767756e-04,-1.722639e-04,-1.666255e-04,-1.622956e-04,-1.587179e-04,-1.566551e-04,-1.557461e-04,-1.533733e-04,-1.494423e-04,-1.459737e-04,-1.427385e-04,-1.394232e-04,-7.396457e-06,-8.508160e-06,-9.612325e-06,-8.386420e-06,-5.464877e-06,-2.130692e-06,1.300012e-06,2.187371e-06,1.550646e-06,6.521217e-07,2.154537e-07,-6.550218e-07,-2.417477e-06,-3.324373e-06,-3.492768e-06,-4.512913e-06,-4.411528e-06,-3.568023e-06,-4.844135e-06,-8.341992e-06,-1.234604e-05,-1.673527e-05,-1.859881e-05,-1.829444e-05,-1.739391e-05,-1.468378e-05,-1.019156e-05,-2.096118e-06,9.770858e-06,2.305599e-05,3.670592e-05,5.159476e-05,6.637341e-05,1.928437e-04,2.033210e-04,2.142784e-04,2.191635e-04,2.192619e-04,2.168595e-04,2.118140e-04,1.980969e-04,1.800383e-04,1.610104e-04,1.447634e-04,1.373360e-04,1.320661e-04,1.304770e-04,1.419646e-04,1.609357e-04,1.796554e-04,1.977251e-04,2.085495e-04,2.130849e-04,2.141350e-04,2.109673e-04,1.982513e-04,1.808149e-04,1.651124e-04,1.518415e-04,1.463059e-04,1.481161e-04,1.457899e-04,1.389183e-04,1.379501e-04,1.406204e-04,1.427877e-04,-7.839682e-05,-5.692710e-05,-3.528693e-05,-1.588309e-05,1.955532e-06,1.588843e-05,2.132222e-05,2.029522e-05,1.323424e-05,5.490964e-06,2.922811e-06,4.489698e-07,-1.966945e-06,4.111630e-06,1.670518e-05,2.662906e-05,3.133083e-05,2.867555e-05,2.005223e-05,6.420135e-06,-8.392826e-06,-1.712514e-05,-1.906564e-05,-1.279931e-05,-1.827246e-06,5.273597e-06,4.787483e-06,2.971263e-06,1.382706e-06,-7.759879e-06,-2.383815e-05,-3.963416e-05,-5.536735e-05
1.029310e-07,4.313496e-05,-5.682547e-07,-8.580020e-06,-1.497940e-05,-1.924027e-05,-1.370780e-05,-1.837882e-05,-2.148823e-05,-2.039543e-05,-7.454551e-06,-7.084076e-06,-7.227927e-06,-1.795228e-05,-1.784576e-05,-1.561600e-05,-1.317897e-05,-8.142379e-08,-6.358234e-07,-6.201905e-06,-1.086313e-05,-1.945072e-05,-1.199169e-05,-8.433720e-06,-1.167593e-05,-2.559007e-05,-1.781999e-05,-1.439072e-05,-1.305381e-05,1.715956e-06,1.064511e-05,1.006167e-05,6.879617e-06,-3.586138e-06,-4.324347e-06,-4.084766e-06,-1.304061e-05,-1.467851e-05,-1.629106e-05,-1.583649e-05,-1.388253e-05,-1.133042e-05,-8.153300e-06,-6.466841e-06,-5.435369e-06,-3.681662e-06,-1.602865e-06,-1.055599e-06,-2.076751e-06,-1.689638e-06,2.248341e-07,1.439463e-06,1.546754e-06,1.248142e-06,-7.828486e-07,-3.231195e-06,-4.214129e-06,-3.698624e-06,-1.795256e-07,4.826941e-06,8.354018e-06,8.899657e-06,5.912150e-06,1.180233e-06,-4.633109e-06,-1.236742e-05,-2.230263e-05,-3.265046e-05,-4.288762e-05,-1.286745e-04,-1.365114e-04,-1.443210e-04,-1.500808e-04,-1.543754e-04,-1.583658e-04,-1.615893e-04,-1.619852e-04,-1.602904e-04,-1.577252e-04,-1.536505e-04,-1.491234e-04,-1.475081e-04,-1.491620e-04,-1.508544e-04,-1.514732e-04,-1.520984e-04,-1.531021e-04,-1.525524e-04,-1.511972e-04,-1.504636e-04,-1.494578e-04,-1.467654e-04,-1.436540e-04,-1.432647e-04,-1.459011e-04,-1.481523e-04,-1.497786e-04,-1.507480e-04,-1.517372e-04,-1.514499e-04,-1.492148e-04,-1.468996e-04,-6.025538e-05,-4.389140e-05,-2.741890e-05,-1.231009e-05,1.769784e-06,1.280572e-05,1.714267e-05,1.645207e-05,1.181680e-05,6.780571e-06,5.040837e-06,2.796338e-06,-1.452753e-07,2.555646e-06,1.057174e-05,1.769952e-05,2.186139e-05,2.121849e-05,1.620852e-05,6.861133e-06,-3.835468e-06,-1.025974e-05,-1.141822e-05,-6.440909e-06,1.639755e-06,6.339799e-06,4.812998e-06,1.639662e-06,-1.409563e-06,-8.725717e-06,-1.919701e-05,-2.867782e-05,-3.820447e-05,1.770719e-04,1.816368e-04,1.865701e-04,1.861192e-04,1.838059e-04,1.811861e-04,1.767054e-04,1.641660e-04,1.490377e-04,1.389095e-04,1.313642e-04,1.229410e-04,1.214670e-04,1.268076e-04,1.305878e-04,1.360624e-04,1.487215e-04,1.642301e-04,1.738965e-04,1.777391e-04,1.791723e-04,1.783948e-04,1.690309e-04,1.544127e-04,1.427495e-04,1.381788e-04,1.340972e-04,1.270551e-04,1.236531e-04,1.239254e-04,1.172216e-04,1.049747e-04,9.314955e-05
1.133913e-06,-5.682547e-07,1.265917e-05,-9.816177e-05,-1.088330e-04,-1.209888e-04,-1.164063e-04,-1.118596e-04,-1.149392e-04,-1.214870e-04,-1.095119e-04,-9.848638e-05,-9.178802e-05,-8.086055e-05,-8.074423e-05,-8.679890e-05,-9.534690e-05,-1.043207e-04,-1.057925e-04,-1.048361e-04,-1.146168e-04,-1.114564e-04,-1.038011e-04,-1.068159e-04,-1.189627e-04,-1.119631e-04,-9.998896e-05,-9.952122e-05,-9.559440e-05,-9.104044e-05,-9.311042e-05,-9.453572e-05,-9.534690e-05,-9.530859e-05,-9.028393e-05,-8.476284e-05,-3.904399e-05,-3.925232e-05,-3.952333e-05,-3.841322e-05,-3.393214e-05,-2.614253e-05,-1.628580e-05,-6.782967e-06,-6.807631e-07,1.585089e-06,1.870860e-06,2.640921e-06,2.604064e-06,2.405495e-06,5.533867e-07,-2.299947e-06,-6.208451e-06,-1.236694e-05,-1.873504e-05,-2.201794e-05,-2.110859e-05,-1.623378e-05,-1.001042e-05,-5.533866e-06,-3.959750e-06,-4.187480e-06,-4.457608e-06,-3.216079e-06,-2.048552e-06,-3.954845e-07,3.768215e-07,9.114029e-07,1.514730e-06,7.435040e-05,5.788634e-05,4.136079e-05,2.620919e-05,1.441798e-05,5.949637e-06,-3.478725e-07,-3.881320e-06,-3.595822e-06,-1.198074e-06,3.765698e-07,1.349220e-06,6.863416e-07,-1.520929e-06,-3.966753e-06,-6.827295e-06,-8.066156e-06,-5.723957e-06,-1.007931e-06,3.581091e-06,7.624141e-06,1.238464e-05,1.610454e-05,1.678635e-05,1.415375e-05,1.075526e-05,7.950385e-06,5.291445e-06,3.490062e-06,2.921752e-06,2.878075e-06,4.035659e-06,5.177651e-06,-2.209279e-05,-1.059138e-05,1.090868e-06,1.109454e-05,1.623747e-05,1.744743e-05,1.586089e-05,1.466024e-05,1.731454e-05,2.020663e-05,1.785290e-05,7.849137e-06,-6.192121e-06,-1.828634e-05,-2.351669e-05,-2.204749e-05,-1.639842e-05,-7.057172e-06,3.481095e-06,1.051908e-05,1.381674e-05,1.359116e-05,1.260817e-05,1.553444e-05,2.086750e-05,2.493147e-05,2.307403e-05,1.323443e-05,-1.239917e-06,-1.473503e-05,-2.357193e-05,-3.000230e-05,-3.665687e-05,-3.308381e-05,-2.253379e-05,-1.178297e-05,-2.860463e-06,1.103551e-06,2.916619e-06,6.678201e-06,1.109976e-05,1.087410e-05,4.294625e-06,-6.903475e-06,-1.562324e-05,-1.530064e-05,-5.660121e-06,6.965509e-06,1.514910e-05,1.627079e-05,1.186021e-05,5.026141e-06,7.645558e-07,-2.659796e-06,-8.836819e-06,-1.644035e-05,-1.984301e-05,-1.711505e-05,-7.224460e-06,6.596097e-06,1.702373e-05,1.705396e-05,4.819614e-06,-1.505946e-05,-3.673167e-05,-5.821903e-05
-5.820780e-06,-8.580020e-06,-9.816177e-05,5.894009e-02,2.822157e-02,4.172803e-03,-8.836029e-03,-1.105038e-02,-6.585408e-03,-4.381449e-04,3.348774e-03,4.156620e-03,3.329823e-03,2.067835e-03,5.404648e-04,-3.777336e-04,-6.646915e-04,-3.102042e-04,6.964280e-05,2.847626e-04,6.943407e-04,9.435392e-04,9.151918e-04,8.683110e-04,9.236587e-04,8.493021e-04,7.097972e-04,6.676664e-04,6.472318e-04,6.445102e-04,7.013335e-04,7.413572e-04,7.823425e-04,8.155221e-04,8.092437e-04,7.995424e-04,-2.274743e-02,-1.880396e-02,-1.484321e-02,-1.105176e-02,-7.783896e-03,-5.059622e-03,-2.806682e-03,-1.032527e-03,1.919571e-04,9.306488e-04,1.260175e-03,1.330913e-03,1.209970e-03,9.748851e-04,7.417021e-04,5.121520e-04,3.077182e-04,1.840448e-04,1.301340e-04,1.078661e-04,8.836154e-05,4.975781e-05,4.691868e-06,-2.696562e-05,-3.729207e-05,-3.379111e-05,-2.948163e-05,-3.587866e-05,-3.908885e-05,-4.395798e-05,-4.194911e-05,-3.830124e-05,-3.513516e-05,-7.516212e-03,-5.272917e-03,-3.012311e-03,-9.211181e-04,6.433309e-04,1.667452e-03,2.193537e-03,2.308940e-03,2.179835e-03,1.833651e-03,1.309840e-03,7.354636e-04,2.602090e-04,-7.980348e-05,-2.867465e-04,-3.365978e-04,-2.700615e-04,-1.830976e-04,-1.039658e-04,-3.429566e-05,1.720286e-05,2.926712e-05,1.883337e-05,8.401648e-06,1.031678e-05,1.633842e-05,1.612939e-05,1.535979e-05,9.740173e-06,-5.750618e-06,-2.586039e-05,-5.513985e-05,-8.429641e-05,4.287769e-04,2.508927e-04,7.002639e-05,-8.604338e-05,-1.642543e-04,-1.836212e-04,-1.738306e-04,-1.655607e-04,-1.749015e-04,-1.796732e-04,-1.422303e-04,-5.283263e-05,6.444860e-05,1.623061e-04,2.002591e-04,1.872411e-04,1.438465e-04,7.086923e-05,-1.227164e-05,-6.811462e-05,-9.432699e-05,-9.279511e-05,-8.607378e-05,-1.109390e-04,-1.547682e-04,-1.874773e-04,-1.720294e-04,-9.393058e-05,1.946345e-05,1.260025e-04,1.976916e-04,2.506396e-04,3.053051e-04,4.713912e-04,2.800858e-04,8.513015e-05,-7.976614e-05,-1.526485e-04,-1.664436e-04,-1.696017e-04,-1.691086e-04,-1.492937e-04,-8.701309e-05,1.641370e-05,1.004717e-04,1.031161e-04,2.682232e-05,-7.323793e-05,-1.441551e-04,-1.670793e-04,-1.457960e-04,-1.006441e-04,-7.085100e-05,-4.440658e-05,6.309848e-06,7.140587e-05,1.055763e-04,9.066331e-05,1.627528e-05,-8.994690e-05,-1.693467e-04,-1.692400e-04,-7.514246e-05,8.022399e-05,2.511637e-04,4.205353e-04
-1.308595e-05,-1.497940e-05,-1.088330e-04,2.822157e-02,1.659857e-02,3.405684e-03,-4.009117e-03,-5.468546e-03,-3.104217e-03,2.746612e-04,2.315398e-03,2.767560e-03,2.320413e-03,1.563741e-03,6.879978e-04,1.841800e-04,4.031804e-05,2.597351e-04,4.729327e-04,5.979991e-04,8.796807e-04,1.011640e-03,9.616172e-04,9.455567e-04,1.028365e-03,9.606205e-04,8.264286e-04,7.981814e-04,7.693615e-04,7.449856e-04,7.849376e-04,8.175763e-04,8.484605e-04,8.730758e-04,8.509659e-04,8.245552e-04,-1.247435e-02,-1.022325e-02,-7.958435e-03,-5.790480e-03,-3.968771e-03,-2.493240e-03,-1.310545e-03,-4.025567e-04,2.163515e-04,5.887207e-04,7.502643e-04,7.721090e-04,6.941306e-04,5.559645e-04,4.287092e-04,3.102490e-04,2.123747e-04,1.702540e-04,1.686578e-04,1.717249e-04,1.579398e-04,1.157218e-04,6.270948e-05,2.387615e-05,9.786658e-06,1.199479e-05,1.603571e-05,8.308636e-06,2.892824e-06,-5.079204e-06,-4.765324e-06,-2.384555e-06,-6.050035e-07,-4.602783e-03,-3.210109e-03,-1.803685e-03,-4.943876e-04,4.664343e-04,1.082912e-03,1.391538e-03,1.444158e-03,1.333471e-03,1.095396e-03,7.717288e-04,4.318296e-04,1.635754e-04,-1.695033e-05,-1.188794e-04,-1.302297e-04,-8.400839e-05,-4.168633e-05,-1.422626e-05,7.984526e-06,2.192069e-05,9.828653e-06,-1.186039e-05,-2.141406e-05,-9.458958e-06,8.671777e-06,2.041424e-05,3.063087e-05,3.389793e-05,2.622239e-05,1.329232e-05,-1.057924e-05,-3.432697e-05,3.658728e-04,2.006820e-04,3.251798e-05,-1.134443e-04,-1.880936e-04,-2.078156e-04,-1.946473e-04,-1.809800e-04,-1.927319e-04,-2.037458e-04,-1.708379e-04,-7.721729e-05,4.937218e-05,1.548901e-04,1.948332e-04,1.772463e-04,1.257471e-04,4.346230e-05,-4.758047e-05,-1.065396e-04,-1.322291e-04,-1.281778e-04,-1.185676e-04,-1.446181e-04,-1.926293e-04,-2.282752e-04,-2.107062e-04,-1.243230e-04,1.940358e-06,1.218943e-04,2.028222e-04,2.623524e-04,3.238629e-04,3.859132e-04,2.226702e-04,5.575639e-05,-8.614752e-05,-1.487289e-04,-1.652110e-04,-1.811408e-04,-1.943373e-04,-1.750982e-04,-1.069797e-04,1.439246e-06,8.809153e-05,8.826501e-05,1.821121e-06,-1.107287e-04,-1.880812e-04,-2.097990e-04,-1.832329e-04,-1.307190e-04,-9.558641e-05,-6.508433e-05,-9.221125e-06,6.259018e-05,9.988832e-05,8.223543e-05,-9.298408e-07,-1.180441e-04,-2.046901e-04,-2.036158e-04,-9.798017e-05,7.726155e-05,2.704497e-04,4.618430e-04
-1.820392e-05,-1.924027e-05,-1.209888e-04,4.172803e-03,3.405684e-03,3.180800e-03,7.359257e-04,1.975504e-04,4.017918e-04,1.007516e-03,1.282750e-03,1.366820e-03,1.295735e-03,1.051507e-03,8.408885e-04,7.600965e-04,7.644905e-04,8.496521e-04,8.946580e-04,9.271543e-04,1.078677e-03,1.090939e-03,1.018318e-03,1.034250e-03,1.146166e-03,1.083570e-03,9.549413e-04,9.416632e-04,9.043707e-04,8.581690e-04,8.809942e-04,9.044846e-04,9.234477e-04,9.373919e-04,8.974432e-04,8.522974e-04,-2.043395e-03,-1.516707e-03,-9.817350e-04,-4.774827e-04,-1.331308e-04,7.325699e-05,1.728894e-04,2.078960e-04,2.184260e-04,2.242203e-04,2.189008e-04,1.932977e-04,1.604741e-04,1.217664e-04,1.028107e-04,9.763377e-05,1.082711e-04,1.493711e-04,2.013195e-04,2.302736e-04,2.221158e-04,1.757669e-04,1.143858e-04,6.831181e-05,5.063627e-05,5.178160e-05,5.555203e-05,4.616746e-05,3.822342e-05,2.673388e-05,2.492113e-05,2.560397e-05,2.556622e-05,-1.563657e-03,-1.051845e-03,-5.316821e-04,-4.260373e-05,2.855511e-04,4.769731e-04,5.596885e-04,5.480698e-04,4.592120e-04,3.348011e-04,2.174414e-04,1.177136e-04,6.055234e-05,4.222537e-05,4.677771e-05,7.424550e-05,9.949942e-05,9.579047e-05,6.981410e-05,4.287260e-05,1.779438e-05,-1.966665e-05,-5.321574e-05,-6.179794e-05,-3.928966e-05,-8.477124e-06,1.583950e-05,3.784539e-05,5.089443e-05,5.185245e-05,4.693984e-05,2.931625e-05,1.181771e-05,2.948159e-04,1.466844e-04,-4.212360e-06,-1.356515e-04,-2.038402e-04,-2.225096e-04,-2.056094e-04,-1.873555e-04,-2.032748e-04,-2.223065e-04,-1.946584e-04,-9.612076e-05,4.104241e-05,1.557086e-04,1.991984e-04,1.780939e-04,1.188791e-04,2.698660e-05,-7.293562e-05,-1.360618e-04,-1.620613e-04,-1.559088e-04,-1.439361e-04,-1.720940e-04,-2.252703e-04,-2.647340e-04,-2.451576e-04,-1.493887e-04,-8.783203e-06,1.255296e-04,2.162053e-04,2.827544e-04,3.515481e-04,3.044724e-04,1.701915e-04,3.254285e-05,-8.407057e-05,-1.346709e-04,-1.533129e-04,-1.827377e-04,-2.112930e-04,-1.941656e-04,-1.206496e-04,-6.580902e-06,8.311439e-05,8.066393e-05,-1.644614e-05,-1.421446e-04,-2.261047e-04,-2.458529e-04,-2.128139e-04,-1.520367e-04,-1.114995e-04,-7.716049e-05,-1.588215e-05,6.298380e-05,1.033792e-04,8.259177e-05,-1.042583e-05,-1.402971e-04,-2.358503e-04,-2.340430e-04,-1.158160e-04,8.061026e-05,2.973179e-04,5.120050e-04
-1.151554e-05,-1.370780e-05,-1.164063e-04,-8.836029e-03,-4.009117e-03,7.359257e-04,5.402094e-03,5.024896e-03,3.400825e-03,1.462712e-03,2.623742e-04,2.350804e-04,6.288517e-04,7.607086e-04,9.753017e-04,1.148343e-03,1.195338e-03,1.127730e-03,1.028596e-03,1.015525e-03,1.088099e-03,1.030378e-03,9.513996e-04,9.835442e-04,1.100875e-03,1.043443e-03,9.346828e-04,9.363047e-04,9.014751e-04,8.498384e-04,8.595079e-04,8.688863e-04,8.721669e-04,8.708017e-04,8.184733e-04,7.610810e-04,5.174478e-03,4.780880e-03,4.393333e-03,3.941142e-03,3.322186e-03,2.589724e-03,1.796567e-03,1.046352e-03,4.733588e-04,1.019298e-04,-9.787068e-05,-2.044996e-04,-2.375121e-04,-2.241516e-04,-1.774046e-04,-1.076796e-04,-2.175665e-05,7.574693e-05,1.628137e-04,2.105396e-04,2.106845e-04,1.687674e-04,1.101236e-04,6.558069e-05,4.808303e-05,4.835975e-05,5.080331e-05,4.020505e-05,3.048628e-05,1.699253e-05,1.269321e-05,1.080020e-05,8.215177e-06,-7.894452e-04,-4.607440e-04,-1.259316e-04,1.441039e-04,2.486424e-04,2.412524e-04,1.836408e-04,8.529968e-05,-7.863194e-05,-2.115014e-04,-2.402585e-04,-1.997931e-04,-1.155057e-04,-1.654322e-05,7.343058e-05,1.388697e-04,1.576056e-04,1.322485e-04,8.125138e-05,3.068120e-05,-1.325619e-05,-6.122790e-05,-9.756951e-05,-1.035415e-04,-7.607444e-05,-4.010995e-05,-9.908455e-06,1.822314e-05,3.763406e-05,4.560046e-05,4.806754e-05,3.844881e-05,2.893865e-05,2.629323e-04,1.260581e-04,-1.327801e-05,-1.309521e-04,-1.861858e-04,-1.924633e-04,-1.625832e-04,-1.339303e-04,-1.486838e-04,-1.743649e-04,-1.590313e-04,-7.249409e-05,5.387628e-05,1.615376e-04,2.054157e-04,1.881730e-04,1.336200e-04,4.793586e-05,-4.618065e-05,-1.059092e-04,-1.306073e-04,-1.249573e-04,-1.147681e-04,-1.434536e-04,-1.959047e-04,-2.352978e-04,-2.175702e-04,-1.256927e-04,8.993787e-06,1.366700e-04,2.226935e-04,2.860334e-04,3.514700e-04,2.869040e-04,1.597190e-04,2.969327e-05,-7.442700e-05,-1.132401e-04,-1.231247e-04,-1.501766e-04,-1.808681e-04,-1.619611e-04,-8.962296e-05,1.551606e-05,9.459528e-05,8.727310e-05,-7.240486e-06,-1.275582e-04,-2.054095e-04,-2.187334e-04,-1.823601e-04,-1.220081e-04,-8.355311e-05,-5.235007e-05,4.715456e-06,7.847360e-05,1.156763e-04,9.507200e-05,5.632974e-06,-1.199514e-04,-2.128674e-04,-2.115406e-04,-9.869626e-05,8.777654e-05,2.932094e-04,4.967537e-04
-1.709828e-05,-1.837882e-05,-1.118596e-04,-1.105038e-02,-5.468546e-03,1.975504e-04,5.024896e-03,8.553346e-03,5.598385e-03,1.964891e-03,-4.547335e-04,-6.790022e-04,-2.076062e-05,4.070855e-04,9.528087e-04,1.344354e-03,1.484403e-03,1.357884e-03,1.176743e-03,1.109713e-03,1.097614e-03,9.752620e-04,8.903211e-04,9.375811e-04,1.060850e-03,1.014229e-03,9.175645e-04,9.260145e-04,8.886088e-04,8.281074e-04,8.269841e-04,8.328740e-04,8.316583e-04,8.274301e-04,7.720089e-04,7.114233e-04,8.526152e-03,7.706797e-03,6.891706e-03,6.007312e-03,4.949755e-03,3.763330e-03,2.519941e-03,1.359733e-03,4.831818e-04,-8.124449e-05,-3.695907e-04,-4.973449e-04,-5.025632e-04,-4.334926e-04,-3.295660e-04,-2.026488e-04,-6.411067e-05,7.062872e-05,1.793064e-04,2.368573e-04,2.400303e-04,1.997379e-04,1.416206e-04,9.666277e-05,7.836854e-05,7.781083e-05,8.003201e-05,6.991903e-05,6.005772e-05,4.625513e-05,4.175130e-05,3.971519e-05,3.697147e-05,-2.499473e-03,-2.001816e-03,-1.499837e-03,-1.067215e-03,-8.056321e-04,-6.749051e-04,-5.860126e-04,-5.354772e-04,-5.821792e-04,-6.009444e-04,-4.971574e-04,-3.257717e-04,-1.341805e-04,4.335359e-05,1.811741e-04,2.593663e-04,2.625193e-04,2.122240e-04,1.349657e-04,6.093086e-05,-1.030588e-06,-5.866169e-05,-9.832409e-05,-1.034447e-04,-7.275893e-05,-3.306084e-05,1.248070e-06,3.293840e-05,5.529252e-05,6.658538e-05,7.244793e-05,6.615397e-05,5.995994e-05,2.315755e-04,9.681862e-05,-4.016112e-05,-1.552611e-04,-2.096714e-04,-2.133090e-04,-1.777187e-04,-1.406920e-04,-1.502393e-04,-1.745814e-04,-1.633481e-04,-8.382175e-05,3.497933e-05,1.359028e-04,1.753228e-04,1.555806e-04,1.003370e-04,1.649309e-05,-7.364069e-05,-1.293030e-04,-1.508631e-04,-1.437657e-04,-1.321544e-04,-1.582773e-04,-2.079531e-04,-2.450008e-04,-2.273325e-04,-1.390701e-04,-9.099661e-06,1.152691e-04,1.992855e-04,2.609443e-04,3.246855e-04,2.644735e-04,1.383428e-04,9.735391e-06,-9.226403e-05,-1.310376e-04,-1.393690e-04,-1.659719e-04,-1.961388e-04,-1.725638e-04,-9.840204e-05,2.063532e-06,7.617110e-05,6.750431e-05,-2.588588e-05,-1.440269e-04,-2.197824e-04,-2.324607e-04,-1.972554e-04,-1.383385e-04,-9.984909e-05,-6.846634e-05,-1.316501e-05,5.828746e-05,9.433625e-05,7.412612e-05,-1.223913e-05,-1.322935e-04,-2.203706e-04,-2.183535e-04,-1.088170e-04,7.307557e-05,2.738234e-04,4.727011e-04
-1.649706e-05,-2.148823e-05,-1.149392e-04,-6.585408e-03,-3.104217e-03,4.017918e-04,3.400825e-03,5.598385e-03,6.446440e-03,2.299120e-03,-3.253328e-04,-8.763565e-04,-3.483837e-04,1.223645e-04,7.888155e-04,1.295150e-03,1.555223e-03,1.493000e-03,1.325854e-03,1.214721e-03,1.147678e-03,9.926495e-04,9.019648e-04,9.598090e-04,1.092097e-03,1.049579e-03,9.552811e-04,9.655780e-04,9.232975e-04,8.550362e-04,8.485461e-04,8.512776e-04,8.472089e-04,8.412787e-04,7.823896e-04,7.180283e-04,7.931631e-03,7.071985e-03,6.214604e-03,5.304658e-03,4.273154e-03,3.153765e-03,1.996072e-03,9.192244e-04,1.307723e-04,-3.544274e-04,-5.751493e-04,-6.455999e-04,-5.977764e-04,-4.856098e-04,-3.522389e-04,-2.063548e-04,-5.731935e-05,8.248419e-05,1.927205e-04,2.483512e-04,2.476244e-04,2.037148e-04,1.428273e-04,9.645175e-05,7.817153e-05,7.860777e-05,8.199954e-05,7.257474e-05,6.324247e-05,4.979433e-05,4.606879e-05,4.494257e-05,4.307379e-05,-3.948581e-03,-3.375719e-03,-2.800506e-03,-2.278044e-03,-1.874358e-03,-1.563576e-03,-1.266924e-03,-9.905340e-04,-8.317301e-04,-6.881380e-04,-4.731204e-04,-2.355529e-04,-1.433767e-05,1.714157e-04,3.003591e-04,3.608530e-04,3.450680e-04,2.743975e-04,1.764775e-04,8.444655e-05,8.570493e-06,-5.803478e-05,-1.022562e-04,-1.081966e-04,-7.561213e-05,-3.306044e-05,4.387567e-06,3.939393e-05,6.485565e-05,7.911560e-05,8.784683e-05,8.396295e-05,8.016937e-05,2.256264e-04,9.677662e-05,-3.409505e-05,-1.442870e-04,-1.984272e-04,-2.051291e-04,-1.730064e-04,-1.380038e-04,-1.507325e-04,-1.771554e-04,-1.658005e-04,-8.358015e-05,3.854151e-05,1.419683e-04,1.824300e-04,1.623803e-04,1.060673e-04,2.052596e-05,-7.151554e-05,-1.279845e-04,-1.494487e-04,-1.419668e-04,-1.304315e-04,-1.581506e-04,-2.101952e-04,-2.489611e-04,-2.308745e-04,-1.399100e-04,-6.136176e-06,1.220526e-04,2.090655e-04,2.731062e-04,3.392809e-04,2.294027e-04,1.138808e-04,-3.920325e-06,-9.617997e-05,-1.308512e-04,-1.392905e-04,-1.700082e-04,-2.070814e-04,-1.874822e-04,-1.137382e-04,-1.019856e-05,6.777359e-05,6.095726e-05,-3.387532e-05,-1.542096e-04,-2.316226e-04,-2.456025e-04,-2.108559e-04,-1.512936e-04,-1.124020e-04,-8.068823e-05,-2.422529e-05,4.949059e-05,8.735035e-05,6.739606e-05,-2.095437e-05,-1.441009e-04,-2.342172e-04,-2.319198e-04,-1.195016e-04,6.754514e-05,2.743181e-04,4.791452e-04
-1.785248e-05,-2.039543e-05,-1.214870e-04,-4.381449e-04,2.746612e-04,1.007516e-03,1.462712e-03,1.964891e-03,2.299120e-03,3.016613e-03,1.053819e-03,5.663449e-04,3.817139e-04,3.360296e-04,5.696437e-04,8.730487e-04,1.131200e-03,1.236334e-03,1.215311e-03,1.142473e-03,1.151273e-03,1.066803e-03,9.830040e-04,1.025972e-03,1.153619e-03,1.101813e-03,9.890867e-04,9.864996e-04,9.421488e-04,8.806848e-04,8.877569e-04,9.008954e-04,9.087939e-04,9.135271e-04,8.636556e-04,8.082499e-04,2.944673e-03,2.599932e-03,2.255920e-03,1.887737e-03,1.464996e-03,1.000849e-03,5.117380e-04,6.191282e-05,-2.096912e-04,-3.255588e-04,-3.321040e-04,-3.009724e-04,-2.335293e-04,-1.598479e-04,-8.553412e-05,-1.211715e-05,6.131814e-05,1.436909e-04,2.177084e-04,2.533251e-04,2.429846e-04,1.933772e-04,1.293181e-04,8.185707e-05,6.410092e-05,6.597181e-05,7.059741e-05,6.166328e-05,5.340381e-05,4.106302e-05,3.867805e-05,3.893116e-05,3.842788e-05,-2.289914e-03,-1.919730e-03,-1.548741e-03,-1.202158e-03,-9.082259e-04,-6.608462e-04,-4.187758e-04,-1.965276e-04,-8.840992e-05,-2.563764e-05,4.521986e-05,1.100708e-04,1.716622e-04,2.282627e-04,2.639738e-04,2.818208e-04,2.701869e-04,2.191991e-04,1.442360e-04,7.387043e-05,1.503999e-05,-4.264709e-05,-8.472121e-05,-9.297699e-05,-6.481522e-05,-2.701484e-05,5.115182e-06,3.504587e-05,5.558777e-05,6.424381e-05,6.715793e-05,5.707856e-05,4.710826e-05,2.178870e-04,9.508035e-05,-2.964015e-05,-1.354663e-04,-1.902144e-04,-2.021591e-04,-1.785382e-04,-1.535628e-04,-1.749085e-04,-2.042428e-04,-1.873152e-04,-9.489329e-05,3.857531e-05,1.515475e-04,1.958245e-04,1.756734e-04,1.171295e-04,2.617433e-05,-7.275592e-05,-1.346374e-04,-1.595025e-04,-1.529178e-04,-1.411335e-04,-1.700487e-04,-2.242333e-04,-2.645033e-04,-2.451273e-04,-1.489873e-04,-7.715100e-06,1.273837e-04,2.187642e-04,2.859028e-04,3.552959e-04,2.244593e-04,1.171707e-04,7.692015e-06,-7.928139e-05,-1.151303e-04,-1.294862e-04,-1.669402e-04,-2.109222e-04,-1.975396e-04,-1.243856e-04,-1.196152e-05,7.610168e-05,7.340234e-05,-2.382400e-05,-1.491571e-04,-2.317173e-04,-2.497022e-04,-2.154238e-04,-1.537452e-04,-1.129455e-04,-7.892003e-05,-1.832831e-05,6.006986e-05,1.001379e-04,7.901523e-05,-1.438544e-05,-1.446800e-04,-2.403519e-04,-2.382693e-04,-1.195058e-04,7.784020e-05,2.957103e-04,5.115442e-04
-2.161109e-05,-7.454551e-06,-1.095119e-04,3.348774e-03,2.315398e-03,1.282750e-03,2.623742e-04,-4.547335e-04,-3.253328e-04,1.053819e-03,3.804073e-03,2.983457e-03,1.781120e-03,5.044395e-04,-1.401605e-04,-1.345431e-04,2.276089e-04,6.553679e-04,8.850366e-04,8.559468e-04,9.509785e-04,9.784364e-04,9.210184e-04,9.365929e-04,1.035885e-03,9.804232e-04,8.612875e-04,8.379391e-04,7.955774e-04,7.564134e-04,7.843682e-04,8.139019e-04,8.410023e-04,8.623256e-04,8.378419e-04,8.088680e-04,3.155818e-05,-8.481160e-05,-2.014258e-04,-3.154288e-04,-4.219953e-04,-5.259285e-04,-6.418241e-04,-6.756252e-04,-4.999866e-04,-2.063468e-04,6.851135e-05,2.545535e-04,3.668647e-04,3.952195e-04,3.782931e-04,3.290901e-04,2.682085e-04,2.412030e-04,2.405173e-04,2.342931e-04,2.081698e-04,1.576308e-04,1.004744e-04,6.076464e-05,4.788447e-05,5.206067e-05,5.758966e-05,5.057578e-05,4.456201e-05,3.468246e-05,3.296352e-05,3.342716e-05,3.325913e-05,-1.702565e-03,-1.257232e-03,-8.121020e-04,-3.645348e-04,9.121667e-05,5.465974e-04,1.000222e-03,1.342112e-03,1.423358e-03,1.315639e-03,1.085974e-03,7.965550e-04,5.435199e-04,3.476272e-04,1.984167e-04,1.232860e-04,1.058815e-04,8.462742e-05,5.146452e-05,2.238285e-05,-2.766270e-06,-3.770320e-05,-6.904024e-05,-7.904513e-05,-6.272946e-05,-3.958480e-05,-2.185779e-05,-5.669443e-06,2.887691e-06,6.147526e-07,-6.420399e-06,-2.443195e-05,-4.230274e-05,1.452858e-04,4.482254e-05,-5.731361e-05,-1.438616e-04,-1.882332e-04,-1.955245e-04,-1.691137e-04,-1.459150e-04,-1.727680e-04,-2.088916e-04,-1.959737e-04,-1.113569e-04,1.178680e-05,1.187763e-04,1.625891e-04,1.474300e-04,9.702763e-05,1.388621e-05,-7.878666e-05,-1.395160e-04,-1.671210e-04,-1.641723e-04,-1.533426e-04,-1.763687e-04,-2.210455e-04,-2.541579e-04,-2.360730e-04,-1.503124e-04,-2.366980e-05,9.674150e-05,1.763843e-04,2.340774e-04,2.938406e-04,2.393519e-04,1.536319e-04,6.614799e-05,-5.948417e-06,-4.170119e-05,-6.801951e-05,-1.218572e-04,-1.782449e-04,-1.722760e-04,-1.017838e-04,1.130409e-05,1.023202e-04,1.062959e-04,2.163639e-05,-9.057904e-05,-1.672334e-04,-1.874791e-04,-1.578550e-04,-1.017932e-04,-6.337730e-05,-3.005868e-05,2.671626e-05,9.662607e-05,1.296276e-04,1.074787e-04,2.194497e-05,-9.611982e-05,-1.838503e-04,-1.829116e-04,-7.518704e-05,1.022743e-04,2.967305e-04,4.894520e-04
-6.143929e-06,-7.084076e-06,-9.848638e-05,4.156620e-03,2.767560e-03,1.366820e-03,2.350804e-04,-6.790022e-04,-8.763565e-04,5.663449e-04,2.983457e-03,5.913067e-03,3.906481e-03,1.738538e-03,-2.626977e-04,-9.515927e-04,-7.832627e-04,-1.578677e-04,3.036845e-04,4.221679e-04,7.220722e-04,9.252890e-04,8.911984e-04,8.580886e-04,9.255882e-04,8.630624e-04,7.320173e-04,6.892060e-04,6.600560e-04,6.490211e-04,6.993431e-04,7.359389e-04,7.742931e-04,8.060706e-04,7.990779e-04,7.884945e-04,-7.616899e-04,-6.987284e-04,-6.362653e-04,-5.473496e-04,-3.985167e-04,-2.171508e-04,-6.394487e-05,1.213906e-04,4.416663e-04,8.045550e-04,1.051996e-03,1.163382e-03,1.135367e-03,9.877622e-04,7.983878e-04,5.790661e-04,3.631431e-04,2.224681e-04,1.534141e-04,1.183019e-04,8.973916e-05,4.688976e-05,1.270527e-06,-2.882938e-05,-3.669112e-05,-3.048180e-05,-2.403409e-05,-2.892240e-05,-3.115899e-05,-3.554579e-05,-3.305654e-05,-2.886017e-05,-2.516146e-05,-1.993022e-03,-1.356819e-03,-7.210863e-04,-5.909183e-05,6.629217e-04,1.415988e-03,2.147669e-03,2.695144e-03,2.852262e-03,2.591720e-03,2.004686e-03,1.297963e-03,7.000557e-04,2.541485e-04,-5.124058e-05,-1.778336e-04,-1.613158e-04,-1.125705e-04,-6.553197e-05,-2.086729e-05,1.258347e-05,1.420715e-05,-8.296388e-07,-1.216234e-05,-9.257007e-06,-1.514667e-06,8.474684e-07,3.198893e-06,8.830024e-07,-1.102971e-05,-2.725234e-05,-5.262167e-05,-7.787426e-05,1.840127e-04,9.929638e-05,1.324355e-05,-6.257564e-05,-1.070556e-04,-1.222436e-04,-1.068790e-04,-9.422380e-05,-1.246955e-04,-1.618994e-04,-1.498816e-04,-7.234655e-05,4.172235e-05,1.418901e-04,1.860782e-04,1.795626e-04,1.415722e-04,7.179257e-05,-1.031252e-05,-6.629405e-05,-9.337633e-05,-9.289562e-05,-8.696663e-05,-1.122589e-04,-1.562316e-04,-1.890020e-04,-1.735744e-04,-9.532239e-05,1.840132e-05,1.251458e-04,1.967608e-04,2.495740e-04,3.041140e-04,1.768778e-04,1.189257e-04,5.944141e-05,9.664417e-06,-1.662661e-05,-4.541359e-05,-1.075555e-04,-1.757494e-04,-1.858192e-04,-1.206209e-04,-3.620261e-08,1.007001e-04,1.110799e-04,3.675589e-05,-6.283083e-05,-1.346714e-04,-1.597955e-04,-1.399950e-04,-9.520304e-05,-6.531668e-05,-3.850391e-05,1.246966e-05,7.742117e-05,1.110971e-04,9.568383e-05,2.097695e-05,-8.562094e-05,-1.654405e-04,-1.653918e-04,-7.093288e-05,8.473772e-05,2.558336e-04,4.253726e-04
4.824247e-06,-7.227927e-06,-9.178802e-05,3.329823e-03,2.320413e-03,1.295735e-03,6.288517e-04,-2.076062e-05,-3.483837e-04,3.817139e-04,1.781120e-03,3.906481e-03,6.024910e-03,3.660334e-03,1.039895e-03,-7.044876e-04,-1.368389e-03,-9.993274e-04,-4.873480e-04,-9.989709e-05,5.280619e-04,9.295002e-04,9.174788e-04,8.259834e-04,8.560840e-04,7.712776e-04,6.168455e-04,5.602860e-04,5.542748e-04,5.773341e-04,6.549236e-04,7.023231e-04,7.528807e-04,7.939513e-04,7.999037e-04,8.031527e-04,-1.560803e-03,-1.216989e-03,-8.734979e-04,-4.958262e-04,-4.297374e-05,4.489543e-04,9.041191e-04,1.347350e-03,1.830547e-03,2.233586e-03,2.344438e-03,2.205280e-03,1.861439e-03,1.417937e-03,1.017912e-03,6.491305e-04,3.346009e-04,1.381694e-04,4.576159e-05,1.328776e-05,4.556929e-07,-2.806091e-05,-6.322197e-05,-8.804751e-05,-9.564039e-05,-9.203204e-05,-8.845107e-05,-9.467396e-05,-9.630955e-05,-9.825997e-05,-9.421925e-05,-8.890442e-05,-8.397111e-05,-1.112183e-03,-6.149059e-04,-1.179456e-04,4.130646e-04,1.018761e-03,1.663858e-03,2.273330e-03,2.688092e-03,2.718511e-03,2.343553e-03,1.618400e-03,7.853647e-04,1.117597e-04,-3.584321e-04,-6.269023e-04,-6.697701e-04,-5.484570e-04,-3.864319e-04,-2.276484e-04,-8.674859e-05,2.060965e-05,6.683552e-05,7.161808e-05,6.108872e-05,5.298308e-05,4.708513e-05,3.444698e-05,2.203170e-05,6.700887e-06,-1.793865e-05,-4.707128e-05,-8.416332e-05,-1.211397e-04,2.154609e-04,1.411045e-04,6.560125e-05,-2.597230e-06,-4.519284e-05,-6.426392e-05,-5.860467e-05,-5.906014e-05,-9.919740e-05,-1.425926e-04,-1.290320e-04,-4.826933e-05,6.872193e-05,1.695150e-04,2.131599e-04,2.090844e-04,1.751889e-04,1.112091e-04,3.461555e-05,-1.875892e-05,-4.517063e-05,-4.533431e-05,-4.175483e-05,-6.819615e-05,-1.117492e-04,-1.444231e-04,-1.306385e-04,-5.685564e-05,4.890691e-05,1.470774e-04,2.137855e-04,2.637315e-04,3.151762e-04,1.456661e-04,9.787664e-05,4.865902e-05,6.605808e-06,-1.689972e-05,-4.619925e-05,-1.076105e-04,-1.747201e-04,-1.883219e-04,-1.285050e-04,-7.718094e-06,9.557908e-05,1.092503e-04,4.241248e-05,-4.970249e-05,-1.185358e-04,-1.446795e-04,-1.296148e-04,-9.188978e-05,-6.799448e-05,-4.604531e-05,1.216043e-06,6.356557e-05,9.840623e-05,8.776428e-05,1.980451e-05,-7.997058e-05,-1.551347e-04,-1.557825e-04,-6.969068e-05,7.237481e-05,2.289692e-04,3.841097e-04
3.815479e-06,-1.795228e-05,-8.086055e-05,2.067835e-03,1.563741e-03,1.051507e-03,7.607086e-04,4.070855e-04,1.223645e-04,3.360296e-04,5.044395e-04,1.738538e-03,3.660334e-03,5.580849e-03,2.976110e-03,7.327822e-04,-1.155074e-03,-1.516361e-03,-1.240025e-03,-5.894231e-04,3.480942e-04,9.030229e-04,9.206793e-04,7.857540e-04,7.636080e-04,6.457524e-04,4.712502e-04,4.145757e-04,4.359211e-04,4.856518e-04,5.824369e-04,6.431123e-04,7.057720e-04,7.565406e-04,7.726335e-04,7.868110e-04,-2.113006e-03,-1.631702e-03,-1.150411e-03,-6.479546e-04,-9.962119e-05,4.676088e-04,1.003298e-03,1.533566e-03,2.104216e-03,2.595258e-03,2.783843e-03,2.563495e-03,2.019800e-03,1.390973e-03,8.965855e-04,5.074670e-04,2.203138e-04,6.013762e-05,-2.382281e-06,-8.585319e-06,-1.469278e-06,-1.914175e-05,-5.197493e-05,-8.085862e-05,-9.614085e-05,-1.011297e-04,-1.035606e-04,-1.123157e-04,-1.147024e-04,-1.153125e-04,-1.103414e-04,-1.044311e-04,-9.881678e-05,3.983459e-04,5.404130e-04,6.824497e-04,8.456419e-04,1.053962e-03,1.282616e-03,1.475494e-03,1.510589e-03,1.246287e-03,7.014910e-04,4.503615e-06,-6.234276e-04,-1.032384e-03,-1.250116e-03,-1.265900e-03,-1.102993e-03,-8.409113e-04,-5.660849e-04,-3.105492e-04,-9.416358e-05,6.771674e-05,1.472366e-04,1.673255e-04,1.588431e-04,1.449070e-04,1.305589e-04,1.071331e-04,8.211945e-05,5.406852e-05,1.674776e-05,-2.575858e-05,-7.563954e-05,-1.254013e-04,2.067749e-04,1.352919e-04,6.273316e-05,-2.228595e-06,-4.245590e-05,-5.998694e-05,-5.493032e-05,-5.568595e-05,-9.312867e-05,-1.372532e-04,-1.352179e-04,-5.981956e-05,5.856761e-05,1.582277e-04,1.964538e-04,1.875922e-04,1.511085e-04,9.025794e-05,2.163895e-05,-2.424153e-05,-4.487968e-05,-4.234747e-05,-3.748974e-05,-6.089779e-05,-1.005607e-04,-1.300149e-04,-1.172003e-04,-5.126615e-05,4.273551e-05,1.311288e-04,1.926443e-04,2.391260e-04,2.869375e-04,9.221346e-05,4.166638e-05,-1.026164e-05,-5.328317e-05,-7.627749e-05,-1.003719e-04,-1.480559e-04,-1.948815e-04,-1.913690e-04,-1.256629e-04,-1.664287e-05,6.683689e-05,6.841818e-05,2.585979e-06,-8.516170e-05,-1.496780e-04,-1.736575e-04,-1.617601e-04,-1.300605e-04,-1.096147e-04,-9.040635e-05,-4.773140e-05,1.075614e-05,4.617467e-05,4.018837e-05,-1.879910e-05,-1.059937e-04,-1.706566e-04,-1.705703e-04,-9.468725e-05,3.267389e-05,1.743215e-04,3.145667e-04
-1.551893e-06,-1.784576e-05,-8.074423e-05,5.404648e-04,6.879978e-04,8.408885e-04,9.753017e-04,9.528087e-04,7.888155e-04,5.696437e-04,-1.401605e-04,-2.626977e-04,1.039895e-03,2.976110e-03,5.114392e-03,2.996091e-03,6.535368e-04,-8.878705e-04,-1.318967e-03,-6.228333e-04,3.983075e-04,9.319686e-04,9.643899e-04,8.326424e-04,7.784709e-04,6.192475e-04,4.461258e-04,4.257813e-04,4.709592e-04,5.226188e-04,6.120289e-04,6.667632e-04,7.153854e-04,7.480118e-04,7.418104e-04,7.338856e-04,-1.341104e-03,-9.780043e-04,-6.143517e-04,-2.520486e-04,1.053692e-04,4.390782e-04,7.265080e-04,9.847942e-04,1.240170e-03,1.431103e-03,1.451892e-03,1.227515e-03,7.746122e-04,3.230084e-04,4.201052e-05,-9.125010e-05,-1.114394e-04,-6.504417e-05,3.548682e-06,6.975833e-05,1.061431e-04,9.197089e-05,4.758166e-05,2.193466e-06,-2.892460e-05,-4.795795e-05,-6.093776e-05,-7.807558e-05,-8.863028e-05,-9.707149e-05,-9.964393e-05,-1.013041e-04,-1.032623e-04,9.027101e-04,8.362482e-04,7.703160e-04,7.031113e-04,6.305165e-04,5.355215e-04,3.891604e-04,1.236244e-04,-3.305466e-04,-9.777407e-04,-1.666711e-03,-2.141984e-03,-2.244122e-03,-2.067525e-03,-1.696413e-03,-1.270660e-03,-9.089709e-04,-5.968914e-04,-3.280538e-04,-1.133306e-04,4.104154e-05,1.158630e-04,1.368306e-04,1.367837e-04,1.364348e-04,1.338882e-04,1.193433e-04,9.967456e-05,7.395318e-05,3.773244e-05,-4.745387e-06,-5.524610e-05,-1.055997e-04,1.978471e-04,1.183674e-04,3.772993e-05,-3.308084e-05,-7.513734e-05,-9.200755e-05,-8.717838e-05,-8.543505e-05,-1.127259e-04,-1.430706e-04,-1.349030e-04,-6.270577e-05,5.280175e-05,1.487872e-04,1.840788e-04,1.685540e-04,1.233939e-04,5.798474e-05,-1.021330e-05,-5.337088e-05,-7.049511e-05,-6.482466e-05,-5.686070e-05,-7.768315e-05,-1.158156e-04,-1.444111e-04,-1.318319e-04,-6.692346e-05,2.672952e-05,1.154440e-04,1.767877e-04,2.227767e-04,2.701427e-04,1.210047e-04,5.550523e-05,-1.142351e-05,-6.619015e-05,-9.369107e-05,-1.137209e-04,-1.501593e-04,-1.842266e-04,-1.745719e-04,-1.050153e-04,6.468764e-06,8.839741e-05,7.921427e-05,-3.923165e-06,-1.090276e-04,-1.788605e-04,-1.925602e-04,-1.690804e-04,-1.296854e-04,-1.044262e-04,-8.284056e-05,-4.011757e-05,1.703464e-05,4.995018e-05,4.106560e-05,-1.949645e-05,-1.067382e-04,-1.709675e-04,-1.704375e-04,-9.353075e-05,3.546563e-05,1.787026e-04,3.205360e-04
-1.940245e-05,-1.561600e-05,-8.679890e-05,-3.777336e-04,1.841800e-04,7.600965e-04,1.148343e-03,1.344354e-03,1.295150e-03,8.730487e-04,-1.345431e-04,-9.515927e-04,-7.044876e-04,7.327822e-04,2.996091e-03,5.143351e-03,2.991650e-03,9.983367e-04,-2.563885e-04,1.452529e-04,7.405659e-04,8.952279e-04,8.523820e-04,7.852741e-04,8.129687e-04,7.069766e-04,5.929845e-04,6.317347e-04,6.718194e-04,6.754875e-04,7.025544e-04,7.173465e-04,7.117621e-04,6.926570e-04,6.263593e-04,5.571517e-04,-9.592980e-05,6.498230e-05,2.268083e-04,3.711238e-04,4.752843e-04,5.280482e-04,5.264756e-04,4.698955e-04,3.581663e-04,1.675107e-04,-1.487020e-04,-6.088802e-04,-1.059638e-03,-1.277304e-03,-1.239648e-03,-1.010050e-03,-6.552201e-04,-3.119928e-04,-4.146577e-05,1.464570e-04,2.459021e-04,2.600728e-04,2.225591e-04,1.742920e-04,1.378927e-04,1.116500e-04,9.126204e-05,6.553650e-05,4.215389e-05,1.795175e-05,1.162801e-06,-1.409096e-05,-2.981476e-05,5.180815e-04,4.407561e-04,3.643228e-04,2.704958e-04,1.363860e-04,-4.827297e-05,-2.908750e-04,-6.050734e-04,-9.991567e-04,-1.471124e-03,-1.918898e-03,-2.191805e-03,-2.190854e-03,-1.837329e-03,-1.291288e-03,-8.135209e-04,-5.580633e-04,-3.882324e-04,-2.530817e-04,-1.486049e-04,-7.452673e-05,-4.373427e-05,-3.395664e-05,-1.749798e-05,1.681768e-05,5.125305e-05,7.388600e-05,8.790107e-05,9.061372e-05,8.201178e-05,6.660458e-05,4.101038e-05,1.556786e-05,1.448398e-04,5.360178e-05,-3.904903e-05,-1.180648e-04,-1.625647e-04,-1.791000e-04,-1.746543e-04,-1.700284e-04,-1.887811e-04,-2.051070e-04,-1.787719e-04,-8.771271e-05,3.544141e-05,1.258669e-04,1.503849e-04,1.191781e-04,5.607757e-05,-2.270718e-05,-9.740225e-05,-1.410777e-04,-1.553750e-04,-1.450245e-04,-1.301236e-04,-1.452394e-04,-1.803421e-04,-2.067944e-04,-1.925299e-04,-1.248534e-04,-2.434135e-05,7.251970e-05,1.376195e-04,1.850057e-04,2.340546e-04,1.820819e-04,9.664283e-05,9.609238e-06,-6.167838e-05,-9.768289e-05,-1.174281e-04,-1.462108e-04,-1.717163e-04,-1.581295e-04,-9.208999e-05,1.133642e-05,9.252835e-05,9.410123e-05,-9.182771e-07,-1.289825e-04,-2.094755e-04,-2.135223e-04,-1.755860e-04,-1.233374e-04,-8.886069e-05,-6.096301e-05,-1.481075e-05,4.312381e-05,7.188123e-05,5.514419e-05,-1.331533e-05,-1.068387e-04,-1.750258e-04,-1.733645e-04,-8.736341e-05,5.605487e-05,2.142685e-04,3.710055e-04
-2.716152e-05,-1.317897e-05,-9.534690e-05,-6.646915e-04,4.031804e-05,7.644905e-04,1.195338e-03,1.484403e-03,1.555223e-03,1.131200e-03,2.276089e-04,-7.832627e-04,-1.368389e-03,-1.155074e-03,6.535368e-04,2.991650e-03,5.746224e-03,3.856430e-03,2.428331e-03,2.055567e-03,1.459106e-03,6.491558e-04,3.766651e-04,4.918387e-04,8.050513e-04,9.304120e-04,9.777327e-04,1.087352e-03,1.062669e-03,9.388881e-04,8.160378e-04,7.252547e-04,6.011800e-04,4.827648e-04,3.107736e-04,1.325453e-04,9.941810e-04,9.464341e-04,8.996946e-04,8.256891e-04,6.902993e-04,4.938830e-04,2.553161e-04,-3.563529e-05,-3.939281e-04,-8.250040e-04,-1.339589e-03,-1.968128e-03,-2.510259e-03,-2.744811e-03,-2.592208e-03,-2.100140e-03,-1.417833e-03,-7.842850e-04,-2.909098e-04,4.602189e-05,2.398521e-04,3.218392e-04,3.347746e-04,3.238094e-04,3.153100e-04,3.069485e-04,2.951322e-04,2.700898e-04,2.368535e-04,1.956190e-04,1.644962e-04,1.363658e-04,1.073961e-04,-1.561110e-04,-1.689567e-04,-1.808136e-04,-2.197994e-04,-3.199695e-04,-4.808267e-04,-6.858965e-04,-8.974921e-04,-1.070023e-03,-1.169212e-03,-1.135541e-03,-9.410321e-04,-5.868097e-04,-6.885914e-05,4.356595e-04,6.614555e-04,5.177300e-04,2.756660e-04,4.348762e-05,-1.398475e-04,-2.671993e-04,-3.497865e-04,-3.789252e-04,-3.462741e-04,-2.606339e-04,-1.625325e-04,-6.651921e-05,2.304601e-05,9.782104e-05,1.636622e-04,2.244172e-04,2.721891e-04,3.199873e-04,1.284932e-04,2.863417e-05,-7.282369e-05,-1.580158e-04,-2.033074e-04,-2.179499e-04,-2.123941e-04,-2.066389e-04,-2.244492e-04,-2.385867e-04,-2.080115e-04,-1.061442e-04,3.034885e-05,1.351400e-04,1.633409e-04,1.206076e-04,3.971713e-05,-5.483262e-05,-1.401209e-04,-1.867575e-04,-1.990785e-04,-1.849617e-04,-1.659824e-04,-1.798073e-04,-2.161938e-04,-2.439428e-04,-2.284387e-04,-1.552961e-04,-4.495902e-05,6.195931e-05,1.326360e-04,1.833324e-04,2.359461e-04,2.261278e-04,1.258079e-04,2.373002e-05,-5.970071e-05,-1.000489e-04,-1.163872e-04,-1.366417e-04,-1.530852e-04,-1.326148e-04,-6.768634e-05,2.637265e-05,9.587297e-05,8.521204e-05,-2.093584e-05,-1.569380e-04,-2.328098e-04,-2.200856e-04,-1.652635e-04,-9.992544e-05,-6.001562e-05,-3.170212e-05,1.324037e-05,6.962730e-05,9.414987e-05,7.064611e-05,-5.913002e-06,-1.083772e-04,-1.827440e-04,-1.797335e-04,-8.376343e-05,7.478533e-05,2.492058e-04,4.220661e-04
