2.479075e-04,2.442493e-06,7.779426e-06,-1.156863e-04,-1.024398e-04,-8.425791e-05,-5.252565e-05,-6.522331e-05,-7.504383e-05,-7.558313e-05,-8.201466e-05,-6.704566e-05,-2.693960e-05,-3.396790e-06,-1.068143e-05,-3.022504e-05,-8.337410e-05,-1.109243e-04,-1.215712e-04,-1.087729e-04,-9.892097e-05,-8.143496e-05,-6.309911e-05,-7.737171e-05,-7.836964e-05,-8.368039e-05,-5.858280e-05,-6.365433e-06,2.545244e-05,2.407340e-05,-1.360681e-05,-1.066349e-04,-1.888658e-04,-2.821496e-04,-3.425837e-04,-4.057306e-04,-9.482239e-04,-9.458295e-04,-9.434324e-04,-9.372374e-04,-9.291923e-04,-9.230244e-04,-9.186300e-04,-9.149780e-04,-9.070740e-04,-8.997805e-04,-8.945220e-04,-8.929147e-04,-8.985877e-04,-9.038633e-04,-9.097736e-04,-9.183745e-04,-9.262555e-04,-9.344774e-04,-9.419993e-04,-9.423357e-04,-9.384755e-04,-9.329059e-04,-9.246329e-04,-9.098532e-04,-8.935886e-04,-8.778706e-04,-8.648855e-04,-8.562891e-04,-8.469662e-04,-8.374935e-04,-8.339522e-04,-8.296367e-04,-8.254299e-04,-3.750314e-05,-3.250659e-05,-2.750542e-05,-1.868404e-05,-7.877465e-06,1.124899e-06,9.315229e-06,1.487099e-05,1.296257e-05,8.733707e-06,4.037858e-06,1.122468e-06,-4.320323e-06,-1.285183e-05,-1.862378e-05,-2.420240e-05,-2.876978e-05,-3.098844e-05,-3.161661e-05,-3.695408e-05,-4.383682e-05,-5.046634e-05,-5.524245e-05,-5.286872e-05,-4.692801e-05,-3.809318e-05,-2.626586e-05,-6.322219e-06,2.267389e-05,5.466194e-05,9.044952e-05,1.310713e-04,1.713198e-04,1.151781e-03,1.147769e-03,1.144792e-03,1.129225e-03,1.104640e-03,1.076120e-03,1.041625e-03,9.993053e-04,9.364828e-04,8.689285e-04,8.041229e-04,7.572039e-04,7.429168e-04,7.449196e-04,7.691244e-04,8.221988e-04,8.839931e-04,9.470793e-04,1.002921e-03,1.033205e-03,1.045581e-03,1.039841e-03,1.012034e-03,9.547560e-04,8.879275e-04,8.222094e-04,7.728842e-04,7.461846e-04,7.210809e-04,7.033831e-04,7.116334e-04,7.285917e-04,7.445588e-04,-3.028611e-04,-2.274047e-04,-1.515617e-04,-8.152199e-05,-1.567213e-05,4.133268e-05,7.946322e-05,9.031383e-05,7.929486e-05,5.234714e-05,2.993334e-05,2.739100e-05,3.470775e-05,4.950134e-05,8.260808e-05,1.160755e-04,1.370076e-04,1.410940e-04,1.215028e-04,8.524272e-05,3.673065e-05,-8.186372e-06,-3.334076e-05,-3.739042e-05,-2.157832e-05,-2.992896e-06,4.220429e-06,7.028073e-06,-4.880092e-07,-3.771084e-05,-9.510208e-05,-1.536174e-04,-2.118807e-04
2.442493e-06,2.094418e-04,8.256335e-06,-1.341002e-04,-1.220048e-04,-1.044630e-04,-6.945382e-05,-7.349059e-05,-7.649779e-05,-8.819941e-05,-7.884560e-05,-5.901910e-05,-5.996982e-05,-5.358819e-05,-7.039681e-05,-7.631698e-05,-7.834847e-05,-6.463422e-05,-5.958014e-05,-7.004504e-05,-6.877777e-05,-7.604427e-05,-7.763187e-05,-6.651382e-05,-6.497059e-05,-8.983543e-05,-9.798048e-05,-7.379863e-05,-6.417397e-05,-2.531693e-05,-3.862635e-06,3.761655e-06,-2.087174e-05,-7.275217e-05,-8.964706e-05,-1.044283e-04,-6.531741e-05,-6.403238e-05,-6.262120e-05,-5.699606e-05,-4.835333e-05,-3.978729e-05,-3.027974e-05,-2.135088e-05,-1.785662e-05,-1.638030e-05,-1.425853e-05,-9.431469e-06,-4.810590e-06,-1.416536e-06,4.470479e-06,8.693894e-06,8.480923e-06,5.988495e-06,1.798587e-06,-6.398064e-06,-1.290277e-05,-1.568314e-05,-1.339119e-05,-4.485790e-06,4.908212e-06,9.060049e-06,3.756406e-06,-7.473156e-06,-2.466295e-05,-5.148590e-05,-8.671829e-05,-1.227385e-04,-1.585742e-04,-6.665884e-04,-6.866320e-04,-7.065532e-04,-7.222113e-04,-7.347998e-04,-7.470825e-04,-7.586770e-04,-7.681867e-04,-7.709287e-04,-7.706833e-04,-7.711552e-04,-7.696664e-04,-7.660084e-04,-7.645227e-04,-7.637750e-04,-7.602031e-04,-7.571352e-04,-7.569349e-04,-7.577000e-04,-7.552895e-04,-7.530472e-04,-7.513439e-04,-7.475373e-04,-7.398734e-04,-7.335724e-04,-7.346586e-04,-7.367886e-04,-7.377154e-04,-7.404399e-04,-7.412948e-04,-7.374704e-04,-7.271584e-04,-7.166376e-04,-2.401526e-04,-1.788656e-04,-1.172714e-04,-5.947420e-05,-5.722719e-06,3.999796e-05,7.059544e-05,7.969909e-05,7.324565e-05,5.682818e-05,4.223471e-05,3.773010e-05,3.520117e-05,3.461014e-05,4.809532e-05,6.784255e-05,8.439529e-05,9.356936e-05,9.001554e-05,7.453082e-05,4.664055e-05,1.819682e-05,9.958403e-07,-2.271795e-06,7.434871e-06,1.567987e-05,1.090826e-05,-1.321927e-06,-2.087777e-05,-5.576802e-05,-9.701265e-05,-1.357999e-04,-1.746876e-04,9.807580e-04,9.626365e-04,9.451292e-04,9.166401e-04,8.870572e-04,8.604247e-04,8.316599e-04,7.959691e-04,7.427509e-04,6.914368e-04,6.574935e-04,6.375179e-04,6.204530e-04,6.200261e-04,6.322990e-04,6.514857e-04,6.932194e-04,7.477837e-04,8.024827e-04,8.339791e-04,8.477719e-04,8.461960e-04,8.280458e-04,7.828448e-04,7.278096e-04,6.815533e-04,6.430987e-04,6.109410e-04,6.043071e-04,6.085890e-04,5.991004e-04,5.776083e-04,5.568820e-04
7.779426e-06,8.256335e-06,5.685548e-05,-4.821588e-04,-5.086697e-04,-5.381036e-04,-5.217719e-04,-5.008167e-04,-4.985707e-04,-5.048610e-04,-5.099352e-04,-4.652538e-04,-4.409950e-04,-4.194023e-04,-3.905904e-04,-3.799497e-04,-3.896485e-04,-4.119776e-04,-4.290854e-04,-4.393275e-04,-4.609384e-04,-5.013668e-04,-4.900081e-04,-4.846824e-04,-4.935510e-04,-5.070115e-04,-4.660164e-04,-4.341796e-04,-4.146998e-04,-3.944731e-04,-3.884306e-04,-3.996012e-04,-4.121294e-04,-4.329290e-04,-4.322415e-04,-4.314161e-04,-1.584458e-04,-1.620475e-04,-1.657789e-04,-1.654256e-04,-1.560679e-04,-1.371595e-04,-1.111872e-04,-8.055154e-05,-5.306694e-05,-3.554145e-05,-2.641551e-05,-2.325680e-05,-2.166096e-05,-2.295264e-05,-2.593462e-05,-3.128061e-05,-3.821773e-05,-4.894170e-05,-6.483401e-05,-7.902594e-05,-8.411142e-05,-7.934814e-05,-6.565595e-05,-4.952111e-05,-3.773900e-05,-3.062617e-05,-2.726099e-05,-2.499937e-05,-2.528154e-05,-2.723961e-05,-3.371130e-05,-4.024637e-05,-4.674771e-05,2.182219e-04,1.641669e-04,1.099800e-04,5.990640e-05,1.883859e-05,-1.258864e-05,-3.708109e-05,-5.598351e-05,-6.575986e-05,-6.379974e-05,-5.614066e-05,-4.901874e-05,-4.344869e-05,-4.311294e-05,-4.694042e-05,-5.294298e-05,-5.784599e-05,-5.710148e-05,-4.773322e-05,-3.476251e-05,-2.384150e-05,-1.365999e-05,-2.590419e-06,4.955354e-06,4.409625e-06,-2.494590e-06,-1.035289e-05,-1.776026e-05,-2.122676e-05,-2.191126e-05,-1.977659e-05,-1.386812e-05,-7.998637e-06,-6.245615e-05,-2.273413e-05,1.742959e-05,5.339904e-05,7.782374e-05,9.143119e-05,9.620214e-05,9.337578e-05,9.061053e-05,9.126936e-05,8.720804e-05,6.983522e-05,3.606812e-05,-3.523139e-06,-3.219151e-05,-4.132927e-05,-3.476542e-05,-1.578688e-05,1.337261e-05,4.310952e-05,6.464504e-05,7.869302e-05,8.503541e-05,8.982132e-05,9.546740e-05,9.335817e-05,7.409687e-05,3.423667e-05,-1.650076e-05,-6.477775e-05,-1.029656e-04,-1.360908e-04,-1.696250e-04,-4.592195e-05,-1.267569e-05,2.105987e-05,4.926550e-05,6.458413e-05,7.128832e-05,7.501202e-05,8.181286e-05,8.433655e-05,7.518035e-05,5.466745e-05,2.745229e-05,9.671263e-06,1.569969e-05,4.188998e-05,6.897593e-05,8.423910e-05,8.764810e-05,7.806326e-05,6.338002e-05,5.194891e-05,4.077648e-05,2.655893e-05,1.687702e-05,2.088348e-05,3.972190e-05,6.702929e-05,8.321784e-05,7.173700e-05,2.991392e-05,-3.148826e-05,-9.835716e-05,-1.647360e-04
-1.156863e-04,-1.341002e-04,-4.821588e-04,1.527540e-01,7.715028e-02,1.636123e-02,-2.012448e-02,-3.197166e-02,-2.609079e-02,-1.156501e-02,2.677652e-03,1.012160e-02,1.121819e-02,9.147559e-03,6.130299e-03,2.937499e-03,9.967721e-04,7.180970e-04,1.493539e-03,2.117559e-03,2.890339e-03,4.015926e-03,4.406071e-03,4.376309e-03,4.278489e-03,4.296316e-03,3.880922e-03,3.521234e-03,3.332887e-03,3.210220e-03,3.247212e-03,3.426748e-03,3.621776e-03,3.888595e-03,3.963440e-03,4.037259e-03,-5.716739e-02,-4.796445e-02,-3.872460e-02,-2.981017e-02,-2.197756e-02,-1.532339e-02,-9.726293e-03,-5.083891e-03,-1.493577e-03,9.600967e-04,2.442283e-03,3.103929e-03,3.204180e-03,2.928368e-03,2.493340e-03,2.046092e-03,1.590150e-03,1.218598e-03,1.006782e-03,9.004884e-04,8.302164e-04,7.474345e-04,6.184758e-04,4.816844e-04,3.855467e-04,3.310346e-04,3.080675e-04,2.945309e-04,3.040970e-04,3.301664e-04,3.962190e-04,4.627955e-04,5.290809e-04,-2.231442e-02,-1.665110e-02,-1.095088e-02,-5.576321e-03,-1.283635e-03,1.818931e-03,3.856370e-03,4.871300e-03,5.138830e-03,4.925986e-03,4.227645e-03,3.165336e-03,1.994499e-03,9.950664e-04,2.790197e-04,-1.177758e-04,-1.848911e-04,-8.128778e-05,4.094915e-05,1.612443e-04,2.735631e-04,3.482223e-04,3.520121e-04,3.280886e-04,3.278094e-04,3.580371e-04,3.836017e-04,3.979360e-04,3.785527e-04,3.344153e-04,2.647679e-04,1.615335e-04,5.864979e-05,1.125890e-03,5.179668e-04,-9.793722e-05,-6.480214e-04,-1.002382e-03,-1.181759e-03,-1.238532e-03,-1.218459e-03,-1.176500e-03,-1.125794e-03,-1.020390e-03,-8.057006e-04,-4.723310e-04,-1.045820e-04,1.470567e-04,2.146832e-04,1.462379e-04,-3.029013e-05,-2.936287e-04,-5.570230e-04,-7.468657e-04,-8.689847e-04,-9.206538e-04,-9.533048e-04,-9.918024e-04,-9.625801e-04,-7.871416e-04,-4.404517e-04,-7.463604e-07,4.211499e-04,7.548996e-04,1.043521e-03,1.335814e-03,7.533421e-04,1.912032e-04,-3.798257e-04,-8.699576e-04,-1.128644e-03,-1.200120e-03,-1.169493e-03,-1.114409e-03,-1.030213e-03,-8.942969e-04,-6.800288e-04,-4.099959e-04,-2.240816e-04,-2.587422e-04,-4.843724e-04,-7.324674e-04,-9.032466e-04,-9.812593e-04,-9.394475e-04,-8.363624e-04,-7.427261e-04,-6.390007e-04,-5.021512e-04,-3.968399e-04,-4.070776e-04,-5.470239e-04,-7.610747e-04,-8.851668e-04,-7.844398e-04,-4.269255e-04,1.030660e-04,6.826972e-04,1.257925e-03
-1.024398e-04,-1.220048e-04,-5.086697e-04,7.715028e-02,4.715387e-02,1.372861e-02,-7.367259e-03,-1.483204e-02,-1.206331e-02,-4.252948e-03,3.606090e-03,7.646214e-03,8.366295e-03,7.237108e-03,5.363246e-03,3.382269e-03,2.212059e-03,2.056118e-03,2.518375e-03,2.926638e-03,3.497287e-03,4.342312e-03,4.533001e-03,4.490215e-03,4.462777e-03,4.530737e-03,4.127449e-03,3.789291e-03,3.603026e-03,3.451893e-03,3.449615e-03,3.598288e-03,3.761902e-03,4.001966e-03,4.041747e-03,4.080308e-03,-3.191204e-02,-2.638324e-02,-2.082602e-02,-1.549771e-02,-1.095459e-02,-7.233286e-03,-4.226563e-03,-1.840141e-03,-6.397629e-05,1.112566e-03,1.789321e-03,2.053954e-03,2.031921e-03,1.825202e-03,1.550685e-03,1.292781e-03,1.048456e-03,8.766284e-04,8.227401e-04,8.261238e-04,8.152489e-04,7.569550e-04,6.335131e-04,4.930343e-04,3.914921e-04,3.315438e-04,3.044282e-04,2.871288e-04,2.934818e-04,3.165741e-04,3.815660e-04,4.471467e-04,5.124146e-04,-1.425229e-02,-1.046013e-02,-6.639583e-03,-3.047904e-03,-2.416461e-04,1.733209e-03,2.984308e-03,3.565630e-03,3.637199e-03,3.359538e-03,2.796268e-03,2.061655e-03,1.305517e-03,7.016194e-04,2.988373e-04,1.009642e-04,9.165902e-05,1.602605e-04,2.073185e-04,2.393795e-04,2.738678e-04,2.870509e-04,2.517733e-04,2.112070e-04,2.145704e-04,2.604061e-04,3.068931e-04,3.445989e-04,3.468608e-04,3.234062e-04,2.734656e-04,1.884254e-04,1.037392e-04,1.015391e-03,4.581059e-04,-1.064330e-04,-6.101333e-04,-9.350160e-04,-1.100546e-03,-1.149192e-03,-1.116662e-03,-1.070365e-03,-1.035306e-03,-9.526837e-04,-7.571408e-04,-4.291096e-04,-5.815278e-05,2.006624e-04,2.737611e-04,2.050418e-04,2.436279e-05,-2.464909e-04,-5.184978e-04,-7.139002e-04,-8.394849e-04,-8.933000e-04,-9.300205e-04,-9.741055e-04,-9.477241e-04,-7.672710e-04,-4.047953e-04,5.561917e-05,4.964508e-04,8.455039e-04,1.147764e-03,1.453819e-03,6.128586e-04,1.250700e-04,-3.709451e-04,-7.945734e-04,-1.013873e-03,-1.077575e-03,-1.062614e-03,-1.043691e-03,-9.898525e-04,-8.594436e-04,-6.431589e-04,-3.737392e-04,-1.944366e-04,-2.416719e-04,-4.819132e-04,-7.385360e-04,-9.024692e-04,-9.645447e-04,-9.043845e-04,-7.867261e-04,-6.864164e-04,-5.803972e-04,-4.421654e-04,-3.393006e-04,-3.582696e-04,-5.126960e-04,-7.445076e-04,-8.798285e-04,-7.748254e-04,-3.990907e-04,1.563985e-04,7.632985e-04,1.365631e-03
-8.425791e-05,-1.044630e-04,-5.381036e-04,1.636123e-02,1.372861e-02,1.232798e-02,5.221814e-03,2.473773e-03,2.009895e-03,3.110576e-03,4.559470e-03,5.178202e-03,5.505737e-03,5.313951e-03,4.591995e-03,3.840123e-03,3.453250e-03,3.427111e-03,3.576950e-03,3.767434e-03,4.133179e-03,4.695436e-03,4.683836e-03,4.627888e-03,4.672416e-03,4.790759e-03,4.397611e-03,4.081192e-03,3.896771e-03,3.716641e-03,3.674131e-03,3.790618e-03,3.920972e-03,4.131947e-03,4.134750e-03,4.136132e-03,-6.331188e-03,-4.543012e-03,-2.736648e-03,-1.066207e-03,1.286219e-04,8.747414e-04,1.261790e-03,1.374081e-03,1.326572e-03,1.222785e-03,1.095171e-03,9.659325e-04,8.252399e-04,6.918345e-04,5.818942e-04,5.167893e-04,4.869687e-04,5.172305e-04,6.231558e-04,7.373714e-04,7.860769e-04,7.517307e-04,6.329279e-04,4.881192e-04,3.809252e-04,3.154926e-04,2.841488e-04,2.628489e-04,2.657641e-04,2.854921e-04,3.489412e-04,4.130427e-04,4.768105e-04,-5.971468e-03,-4.103019e-03,-2.216424e-03,-4.655996e-04,8.086911e-04,1.625914e-03,2.072662e-03,2.212158e-03,2.087007e-03,1.748933e-03,1.327591e-03,9.283808e-04,5.941333e-04,3.912144e-04,3.053655e-04,3.084229e-04,3.572879e-04,3.898389e-04,3.596311e-04,3.009637e-04,2.553589e-04,2.051378e-04,1.293598e-04,7.157322e-05,7.881974e-05,1.408923e-04,2.090983e-04,2.711903e-04,2.960226e-04,2.941323e-04,2.648291e-04,1.989765e-04,1.334814e-04,8.610038e-04,3.698866e-04,-1.275961e-04,-5.711063e-04,-8.564254e-04,-1.001806e-03,-1.039075e-03,-9.933279e-04,-9.440948e-04,-9.273117e-04,-8.699575e-04,-6.944777e-04,-3.707423e-04,5.388263e-06,2.737564e-04,3.544819e-04,2.868860e-04,1.025990e-04,-1.763031e-04,-4.583598e-04,-6.610047e-04,-7.917200e-04,-8.490896e-04,-8.914672e-04,-9.426391e-04,-9.201739e-04,-7.347962e-04,-3.551418e-04,1.278441e-04,5.890627e-04,9.546621e-04,1.271766e-03,1.592786e-03,4.994495e-04,8.460687e-05,-3.375551e-04,-6.944176e-04,-8.739566e-04,-9.302747e-04,-9.321386e-04,-9.515885e-04,-9.309216e-04,-8.082920e-04,-5.907655e-04,-3.212741e-04,-1.479764e-04,-2.077628e-04,-4.629313e-04,-7.282246e-04,-8.843937e-04,-9.289421e-04,-8.486282e-04,-7.153421e-04,-6.083061e-04,-5.003558e-04,-3.610083e-04,-2.614429e-04,-2.906475e-04,-4.616053e-04,-7.137295e-04,-8.620827e-04,-7.524826e-04,-3.567597e-04,2.263216e-04,8.625439e-04,1.494034e-03
-5.252565e-05,-6.945382e-05,-5.217719e-04,-2.012448e-02,-7.367259e-03,5.221814e-03,1.729494e-02,1.778046e-02,1.477223e-02,9.513036e-03,5.071072e-03,2.708218e-03,2.963767e-03,3.773096e-03,3.992037e-03,4.113686e-03,4.240143e-03,4.207492e-03,4.031364e-03,4.046463e-03,4.275616e-03,4.617826e-03,4.463819e-03,4.395973e-03,4.484696e-03,4.635598e-03,4.282834e-03,4.010754e-03,3.846120e-03,3.663216e-03,3.593356e-03,3.670428e-03,3.756450e-03,3.918303e-03,3.884167e-03,3.848559e-03,1.319550e-02,1.258163e-02,1.198048e-02,1.121143e-02,1.001430e-02,8.469124e-03,6.702170e-03,4.827196e-03,3.102682e-03,1.761806e-03,8.042636e-04,2.220228e-04,-1.080478e-04,-2.498521e-04,-2.724688e-04,-2.118479e-04,-8.498463e-05,9.955334e-05,3.279577e-04,5.302469e-04,6.345767e-04,6.339758e-04,5.373325e-04,4.071430e-04,3.079802e-04,2.450727e-04,2.125139e-04,1.881727e-04,1.859939e-04,1.987472e-04,2.527531e-04,3.074007e-04,3.617285e-04,-2.134267e-03,-1.024485e-03,9.798151e-05,1.052128e-03,1.576128e-03,1.743665e-03,1.673111e-03,1.474985e-03,1.121468e-03,6.015167e-04,1.621807e-04,-6.723085e-05,-1.281000e-04,-4.158376e-05,1.165483e-04,2.835430e-04,3.858089e-04,4.025410e-04,3.327123e-04,2.273670e-04,1.409324e-04,5.990447e-05,-3.185185e-05,-9.245628e-05,-7.941024e-05,-7.746786e-06,7.327358e-05,1.507798e-04,1.925677e-04,2.089767e-04,1.996143e-04,1.557754e-04,1.122662e-04,6.931575e-04,2.720464e-04,-1.548053e-04,-5.314167e-04,-7.628907e-04,-8.661565e-04,-8.696484e-04,-7.940170e-04,-7.293520e-04,-7.209982e-04,-6.871280e-04,-5.440424e-04,-2.521748e-04,9.685208e-05,3.520074e-04,4.341916e-04,3.745393e-04,2.031224e-04,-6.016914e-05,-3.295886e-04,-5.246062e-04,-6.518485e-04,-7.097734e-04,-7.557768e-04,-8.106561e-04,-7.947939e-04,-6.209781e-04,-2.568025e-04,2.070134e-04,6.481611e-04,9.982397e-04,1.302504e-03,1.610450e-03,5.536105e-04,1.603762e-04,-2.390731e-04,-5.687092e-04,-7.264830e-04,-7.702607e-04,-7.698716e-04,-8.010040e-04,-7.924140e-04,-6.692369e-04,-4.557299e-04,-2.013668e-04,-4.577459e-05,-1.139430e-04,-3.646712e-04,-6.187859e-04,-7.560698e-04,-7.808391e-04,-6.883429e-04,-5.523445e-04,-4.491617e-04,-3.494106e-04,-2.209609e-04,-1.335810e-04,-1.709285e-04,-3.442915e-04,-5.962035e-04,-7.460155e-04,-6.414419e-04,-2.598467e-04,2.998345e-04,9.093798e-04,1.514464e-03
-6.522331e-05,-7.349059e-05,-5.008167e-04,-3.197166e-02,-1.483204e-02,2.473773e-03,1.778046e-02,2.937056e-02,2.469006e-02,1.509899e-02,5.638365e-03,6.178321e-04,5.407115e-04,2.048583e-03,3.095464e-03,4.041549e-03,4.719950e-03,4.831706e-03,4.488517e-03,4.351643e-03,4.401973e-03,4.502489e-03,4.211350e-03,4.139570e-03,4.273154e-03,4.452199e-03,4.135502e-03,3.893247e-03,3.738135e-03,3.544797e-03,3.453523e-03,3.511064e-03,3.578215e-03,3.722224e-03,3.673474e-03,3.623327e-03,2.429355e-02,2.233158e-02,2.037870e-02,1.825255e-02,1.571604e-02,1.283884e-02,9.784247e-03,6.681837e-03,3.910253e-03,1.812464e-03,3.672324e-04,-4.489205e-04,-8.338652e-04,-9.096964e-04,-8.115666e-04,-6.191624e-04,-3.528870e-04,-4.320453e-05,2.773820e-04,5.396822e-04,6.759591e-04,6.909210e-04,6.039263e-04,4.787754e-04,3.811317e-04,3.175954e-04,2.841214e-04,2.594484e-04,2.559813e-04,2.672117e-04,3.191426e-04,3.716993e-04,4.239412e-04,-4.800454e-03,-3.578471e-03,-2.347415e-03,-1.290317e-03,-6.457494e-04,-3.474827e-04,-2.437078e-04,-1.890106e-04,-2.772268e-04,-5.813072e-04,-7.743029e-04,-7.033870e-04,-4.582850e-04,-1.084482e-04,2.437472e-04,5.224617e-04,6.460580e-04,6.283255e-04,5.039704e-04,3.392901e-04,2.009931e-04,8.061580e-05,-3.287071e-05,-1.019210e-04,-8.842012e-05,-1.183858e-05,7.704794e-05,1.635612e-04,2.151753e-04,2.423055e-04,2.442415e-04,2.123001e-04,1.806853e-04,5.270832e-04,1.332251e-04,-2.658739e-04,-6.170941e-04,-8.306369e-04,-9.159323e-04,-8.998992e-04,-7.987225e-04,-7.108292e-04,-6.935442e-04,-6.634105e-04,-5.379561e-04,-2.727910e-04,4.802255e-05,2.815930e-04,3.518162e-04,2.875450e-04,1.186526e-04,-1.350702e-04,-3.913124e-04,-5.737968e-04,-6.903608e-04,-7.407835e-04,-7.796900e-04,-8.279603e-04,-8.091437e-04,-6.399198e-04,-2.894978e-04,1.566298e-04,5.811540e-04,9.170511e-04,1.208453e-03,1.503445e-03,5.355521e-04,1.492044e-04,-2.424829e-04,-5.649405e-04,-7.234236e-04,-7.694481e-04,-7.740022e-04,-8.138776e-04,-8.074957e-04,-6.744197e-04,-4.573121e-04,-2.127093e-04,-6.855565e-05,-1.403718e-04,-3.869624e-04,-6.338417e-04,-7.633878e-04,-7.822514e-04,-6.884325e-04,-5.528844e-04,-4.498703e-04,-3.518429e-04,-2.284997e-04,-1.454900e-04,-1.829781e-04,-3.507963e-04,-5.927461e-04,-7.361350e-04,-6.353785e-04,-2.674591e-04,2.728979e-04,8.615685e-04,1.445923e-03
-7.504383e-05,-7.649779e-05,-4.985707e-04,-2.609079e-02,-1.206331e-02,2.009895e-03,1.477223e-02,2.469006e-02,2.918357e-02,1.816723e-02,6.693421e-03,-1.371842e-04,-8.815514e-04,6.303646e-04,2.097894e-03,3.654796e-03,4.856688e-03,5.290411e-03,5.008900e-03,4.778217e-03,4.640536e-03,4.538423e-03,4.143352e-03,4.076251e-03,4.250853e-03,4.444192e-03,4.136567e-03,3.904857e-03,3.746375e-03,3.535896e-03,3.428859e-03,3.480514e-03,3.544438e-03,3.687322e-03,3.636103e-03,3.583531e-03,2.733527e-02,2.473132e-02,2.213299e-02,1.939421e-02,1.634053e-02,1.302740e-02,9.605038e-03,6.181158e-03,3.183376e-03,9.973292e-04,-4.322115e-04,-1.155032e-03,-1.404359e-03,-1.319354e-03,-1.069383e-03,-7.544575e-04,-3.913414e-04,-1.222347e-05,3.502511e-04,6.302050e-04,7.638308e-04,7.665524e-04,6.676589e-04,5.327554e-04,4.288474e-04,3.622228e-04,3.284907e-04,3.050962e-04,3.033463e-04,3.165507e-04,3.708374e-04,4.257433e-04,4.803335e-04,-9.990214e-03,-8.476614e-03,-6.957402e-03,-5.579254e-03,-4.517920e-03,-3.718632e-03,-3.044894e-03,-2.356842e-03,-1.827048e-03,-1.602495e-03,-1.353490e-03,-9.241641e-04,-4.112318e-04,1.130098e-04,5.609050e-04,8.696643e-04,9.745062e-04,9.064688e-04,7.160130e-04,4.816936e-04,2.818462e-04,1.131689e-04,-3.030072e-05,-1.142139e-04,-1.039543e-04,-2.456289e-05,7.001420e-05,1.633212e-04,2.214671e-04,2.552430e-04,2.637990e-04,2.382549e-04,2.130469e-04,4.420670e-04,6.621240e-05,-3.144598e-04,-6.498587e-04,-8.568973e-04,-9.403255e-04,-9.229104e-04,-8.150841e-04,-7.203594e-04,-7.030235e-04,-6.765946e-04,-5.572683e-04,-2.991881e-04,1.413956e-05,2.417847e-04,3.080904e-04,2.414648e-04,7.183248e-05,-1.810205e-04,-4.347683e-04,-6.138591e-04,-7.270565e-04,-7.748792e-04,-8.111113e-04,-8.570586e-04,-8.366104e-04,-6.670809e-04,-3.179624e-04,1.266153e-04,5.498119e-04,8.839733e-04,1.173509e-03,1.466655e-03,4.947564e-04,1.325074e-04,-2.345417e-04,-5.370324e-04,-6.906325e-04,-7.434108e-04,-7.628786e-04,-8.238969e-04,-8.330415e-04,-7.028344e-04,-4.836519e-04,-2.371660e-04,-9.074649e-05,-1.588916e-04,-4.020515e-04,-6.459072e-04,-7.732364e-04,-7.905369e-04,-6.952994e-04,-5.579238e-04,-4.532096e-04,-3.545088e-04,-2.323555e-04,-1.511633e-04,-1.904736e-04,-3.591181e-04,-6.004441e-04,-7.430991e-04,-6.424541e-04,-2.748682e-04,2.653203e-04,8.538236e-04,1.438012e-03
-7.558313e-05,-8.819941e-05,-5.048610e-04,-1.156501e-02,-4.252948e-03,3.110576e-03,9.513036e-03,1.509899e-02,1.816723e-02,1.797950e-02,7.720959e-03,1.566775e-03,9.364917e-05,7.655629e-04,1.735916e-03,3.120013e-03,4.398696e-03,5.094133e-03,5.062315e-03,4.874444e-03,4.689574e-03,4.587991e-03,4.215447e-03,4.157764e-03,4.331306e-03,4.511603e-03,4.187979e-03,3.943333e-03,3.774811e-03,3.557261e-03,3.454168e-03,3.516843e-03,3.595719e-03,3.755021e-03,3.717409e-03,3.678348e-03,2.185182e-02,1.958548e-02,1.732208e-02,1.496732e-02,1.241219e-02,9.685969e-03,6.898573e-03,4.109010e-03,1.711875e-03,7.255951e-05,-9.049256e-04,-1.302574e-03,-1.339739e-03,-1.127417e-03,-8.165896e-04,-4.911427e-04,-1.580628e-04,1.714712e-04,4.848062e-04,7.211278e-04,8.185458e-04,7.928310e-04,6.735419e-04,5.253435e-04,4.145859e-04,3.461687e-04,3.139602e-04,2.934477e-04,2.958384e-04,3.139736e-04,3.738199e-04,4.343217e-04,4.944982e-04,-1.241885e-02,-1.078039e-02,-9.139017e-03,-7.589313e-03,-6.241537e-03,-5.063926e-03,-3.963676e-03,-2.827986e-03,-1.877591e-03,-1.319380e-03,-8.706526e-04,-3.857830e-04,8.290983e-05,5.117111e-04,8.528558e-04,1.069995e-03,1.124720e-03,1.031921e-03,8.226175e-04,5.718156e-04,3.570440e-04,1.759116e-04,2.309215e-05,-6.758000e-05,-6.170837e-05,1.461401e-05,1.061747e-04,1.964200e-04,2.512335e-04,2.813552e-04,2.859022e-04,2.558303e-04,2.260908e-04,4.763971e-04,1.052902e-04,-2.702494e-04,-6.035002e-04,-8.180701e-04,-9.156346e-04,-9.149090e-04,-8.205265e-04,-7.355615e-04,-7.259829e-04,-7.029515e-04,-5.805779e-04,-3.146599e-04,7.218725e-06,2.411027e-04,3.109916e-04,2.465625e-04,7.731172e-05,-1.772612e-04,-4.334394e-04,-6.143008e-04,-7.290123e-04,-7.783217e-04,-8.164700e-04,-8.648192e-04,-8.455783e-04,-6.744323e-04,-3.208171e-04,1.299478e-04,5.600060e-04,9.004410e-04,1.195627e-03,1.494469e-03,4.075316e-04,7.476741e-05,-2.625033e-04,-5.418523e-04,-6.893814e-04,-7.501309e-04,-7.854953e-04,-8.669666e-04,-8.938030e-04,-7.729867e-04,-5.526067e-04,-2.948451e-04,-1.343797e-04,-1.920783e-04,-4.303296e-04,-6.737113e-04,-8.063434e-04,-8.312517e-04,-7.416632e-04,-6.068755e-04,-5.029143e-04,-4.034267e-04,-2.790215e-04,-1.944803e-04,-2.312357e-04,-3.991957e-04,-6.410877e-04,-7.835280e-04,-6.811994e-04,-3.094555e-04,2.375482e-04,8.340163e-04,1.426079e-03
-8.201466e-05,-7.884560e-05,-5.099352e-04,2.677652e-03,3.606090e-03,4.559470e-03,5.071072e-03,5.638365e-03,6.693421e-03,7.720959e-03,1.037326e-02,6.425612e-03,4.846755e-03,3.384709e-03,2.446769e-03,2.399963e-03,3.042117e-03,3.823563e-03,4.241121e-03,4.292595e-03,4.303091e-03,4.527260e-03,4.379782e-03,4.338949e-03,4.439396e-03,4.560797e-03,4.191887e-03,3.906593e-03,3.724440e-03,3.529882e-03,3.469602e-03,3.573733e-03,3.692368e-03,3.886570e-03,3.886043e-03,3.884362e-03,8.642439e-03,7.674255e-03,6.707150e-03,5.699664e-03,4.605639e-03,3.424594e-03,2.199812e-03,9.366796e-04,-5.287521e-05,-5.085243e-04,-5.911274e-04,-4.406521e-04,-2.240656e-04,2.241528e-05,2.336918e-04,3.890279e-04,4.994202e-04,6.044255e-04,7.373241e-04,8.442063e-04,8.640227e-04,7.961250e-04,6.539918e-04,4.957397e-04,3.822947e-04,3.153849e-04,2.854759e-04,2.671014e-04,2.722623e-04,2.928064e-04,3.542663e-04,4.162768e-04,4.779854e-04,-7.936850e-03,-6.650802e-03,-5.363707e-03,-4.117057e-03,-2.957825e-03,-1.883211e-03,-8.633542e-04,1.546858e-04,9.155636e-04,1.204645e-03,1.245550e-03,1.172652e-03,1.041369e-03,9.365932e-04,8.636946e-04,8.193449e-04,7.907686e-04,7.268870e-04,5.887278e-04,4.223234e-04,2.815203e-04,1.573263e-04,3.789157e-05,-3.992807e-05,-3.770089e-05,2.504891e-05,9.761755e-05,1.663328e-04,1.991314e-04,2.068627e-04,1.891293e-04,1.372207e-04,8.567717e-05,4.759979e-04,1.176954e-04,-2.447126e-04,-5.678137e-04,-7.828651e-04,-8.919821e-04,-9.103390e-04,-8.404826e-04,-7.810719e-04,-7.904686e-04,-7.755129e-04,-6.462225e-04,-3.645013e-04,-2.411737e-05,2.253419e-04,3.057793e-04,2.491764e-04,8.296119e-05,-1.749206e-04,-4.381261e-04,-6.282020e-04,-7.517796e-04,-8.068450e-04,-8.475882e-04,-8.962393e-04,-8.755212e-04,-7.014749e-04,-3.434930e-04,1.123150e-04,5.462728e-04,8.888164e-04,1.185546e-03,1.485988e-03,4.373453e-04,1.262262e-04,-1.892009e-04,-4.548343e-04,-6.066393e-04,-6.865602e-04,-7.477275e-04,-8.539383e-04,-9.002311e-04,-7.929653e-04,-5.709445e-04,-2.936138e-04,-1.095481e-04,-1.497251e-04,-3.789424e-04,-6.217226e-04,-7.633622e-04,-8.002998e-04,-7.184685e-04,-5.878683e-04,-4.842503e-04,-3.823041e-04,-2.538889e-04,-1.666399e-04,-2.027840e-04,-3.718489e-04,-6.160924e-04,-7.604647e-04,-6.568776e-04,-2.802199e-04,2.731357e-04,8.757881e-04,1.474020e-03
-6.704566e-05,-5.901910e-05,-4.652538e-04,1.012160e-02,7.646214e-03,5.178202e-03,2.708218e-03,6.178321e-04,-1.371842e-04,1.566775e-03,6.425612e-03,1.374632e-02,1.168105e-02,7.957337e-03,3.943345e-03,1.368987e-03,7.841519e-04,1.540271e-03,2.513893e-03,2.926987e-03,3.271605e-03,3.972976e-03,4.164807e-03,4.134461e-03,4.109328e-03,4.152032e-03,3.773470e-03,3.467423e-03,3.291273e-03,3.153560e-03,3.155362e-03,3.293059e-03,3.439357e-03,3.647223e-03,3.684264e-03,3.720445e-03,1.499763e-04,1.379862e-04,1.261066e-04,1.171885e-04,1.168744e-04,9.448514e-05,1.241153e-05,-1.755396e-04,-1.738742e-04,2.385446e-04,8.006906e-04,1.283607e-03,1.566298e-03,1.664973e-03,1.613253e-03,1.450947e-03,1.205703e-03,9.767435e-04,8.506704e-04,7.842492e-04,7.191686e-04,6.254403e-04,4.868202e-04,3.459185e-04,2.495696e-04,1.961219e-04,1.735419e-04,1.591529e-04,1.658224e-04,1.855336e-04,2.407914e-04,2.964685e-04,3.518948e-04,-5.315694e-03,-3.919491e-03,-2.523196e-03,-1.123829e-03,2.840795e-04,1.671870e-03,2.997662e-03,4.233989e-03,5.007163e-03,5.016904e-03,4.440572e-03,3.457987e-03,2.344158e-03,1.391190e-03,6.806507e-04,2.444560e-04,9.371861e-05,8.463326e-05,8.154982e-05,7.881655e-05,8.561290e-05,8.007434e-05,3.810894e-05,-1.789780e-06,1.740453e-06,4.334904e-05,8.535114e-05,1.202963e-04,1.229341e-04,1.027518e-04,5.996040e-05,-1.278922e-05,-8.519671e-05,4.884152e-04,1.726904e-04,-1.465229e-04,-4.327395e-04,-6.290707e-04,-7.370512e-04,-7.646987e-04,-7.121194e-04,-6.749989e-04,-7.082503e-04,-7.156903e-04,-6.045957e-04,-3.431338e-04,-2.061441e-05,2.206463e-04,3.082927e-04,2.717796e-04,1.315694e-04,-9.974386e-05,-3.427473e-04,-5.245362e-04,-6.472664e-04,-7.053155e-04,-7.480360e-04,-7.954347e-04,-7.780416e-04,-6.198752e-04,-2.930423e-04,1.226657e-04,5.175504e-04,8.293037e-04,1.099580e-03,1.373215e-03,4.442454e-04,1.851656e-04,-7.767762e-05,-3.029406e-04,-4.424611e-04,-5.358646e-04,-6.274095e-04,-7.697570e-04,-8.525292e-04,-7.729654e-04,-5.584214e-04,-2.658728e-04,-5.461345e-05,-6.126382e-05,-2.539823e-04,-4.729049e-04,-6.153207e-04,-6.686620e-04,-6.105117e-04,-5.039281e-04,-4.160761e-04,-3.245066e-04,-2.045211e-04,-1.212988e-04,-1.503963e-04,-3.014832e-04,-5.230630e-04,-6.548714e-04,-5.602931e-04,-2.171071e-04,2.857757e-04,8.327722e-04,1.375787e-03
-2.693960e-05,-5.996982e-05,-4.409950e-04,1.121819e-02,8.366295e-03,5.505737e-03,2.963767e-03,5.407115e-04,-8.815514e-04,9.364917e-05,4.846755e-03,1.168105e-02,1.866853e-02,1.362793e-02,7.686595e-03,1.956147e-03,-7.097021e-04,-7.269015e-04,4.496484e-04,1.284598e-03,2.216152e-03,3.568749e-03,4.128574e-03,4.078988e-03,3.903957e-03,3.897645e-03,3.518586e-03,3.189144e-03,3.026803e-03,2.951242e-03,3.008787e-03,3.161005e-03,3.315252e-03,3.522408e-03,3.574451e-03,3.625325e-03,-3.576140e-03,-2.738903e-03,-1.901619e-03,-1.033334e-03,-9.451556e-05,8.520141e-04,1.686034e-03,2.299939e-03,2.869772e-03,3.531113e-03,4.027100e-03,4.163302e-03,3.954262e-03,3.458071e-03,2.838587e-03,2.190811e-03,1.527417e-03,9.724993e-04,6.298575e-04,4.506427e-04,3.651721e-04,3.024667e-04,2.069382e-04,1.080847e-04,4.193526e-05,6.924207e-06,-8.351968e-06,-2.151393e-05,-1.645222e-05,2.264354e-07,4.906657e-05,9.839369e-05,1.474759e-04,-4.295874e-03,-2.647811e-03,-9.997161e-04,6.796593e-04,2.429897e-03,4.189446e-03,5.838894e-03,7.274053e-03,8.095503e-03,7.958968e-03,6.859608e-03,5.010544e-03,2.963616e-03,1.243323e-03,3.089038e-06,-7.159534e-04,-9.081519e-04,-7.973985e-04,-5.979041e-04,-3.695763e-04,-1.522104e-04,1.214971e-05,7.967767e-05,9.554794e-05,1.096325e-04,1.373100e-04,1.548428e-04,1.618790e-04,1.402990e-04,9.738243e-05,3.354934e-05,-5.759113e-05,-1.484692e-04,6.979061e-04,3.947502e-04,8.856551e-05,-1.900363e-04,-3.926786e-04,-5.213454e-04,-5.785642e-04,-5.622924e-04,-5.563087e-04,-6.041353e-04,-6.150469e-04,-5.011745e-04,-2.393743e-04,8.530914e-05,3.295446e-04,4.264387e-04,4.055276e-04,2.832021e-04,6.931780e-05,-1.625368e-04,-3.414827e-04,-4.664338e-04,-5.296790e-04,-5.799336e-04,-6.339902e-04,-6.249681e-04,-4.790567e-04,-1.697825e-04,2.236449e-04,5.981736e-04,8.974603e-04,1.158499e-03,1.422590e-03,3.540288e-04,1.399917e-04,-7.758258e-05,-2.652354e-04,-3.860633e-04,-4.801176e-04,-5.846266e-04,-7.446441e-04,-8.557540e-04,-8.124038e-04,-6.077345e-04,-2.908540e-04,-4.436191e-05,-2.061311e-05,-1.881562e-04,-3.943264e-04,-5.435841e-04,-6.165337e-04,-5.850929e-04,-5.052720e-04,-4.375878e-04,-3.587553e-04,-2.433807e-04,-1.563790e-04,-1.719873e-04,-3.047228e-04,-5.088033e-04,-6.306042e-04,-5.412549e-04,-2.211995e-04,2.475398e-04,7.581232e-04,1.264950e-03
-3.396790e-06,-5.358819e-05,-4.194023e-04,9.147559e-03,7.237108e-03,5.313951e-03,3.773096e-03,2.048583e-03,6.303646e-04,7.655629e-04,3.384709e-03,7.957337e-03,1.362793e-02,1.824059e-02,1.195081e-02,4.840312e-03,-3.397848e-04,-2.177533e-03,-1.579992e-03,-4.577791e-04,1.194866e-03,3.207661e-03,4.078928e-03,4.018388e-03,3.717291e-03,3.664607e-03,3.277829e-03,2.931184e-03,2.792378e-03,2.782482e-03,2.891583e-03,3.057202e-03,3.216886e-03,3.420691e-03,3.481653e-03,3.541422e-03,-6.279705e-03,-4.724308e-03,-3.168585e-03,-1.577641e-03,9.277108e-05,1.771146e-03,3.310379e-03,4.587944e-03,5.674569e-03,6.605526e-03,7.083246e-03,6.851913e-03,6.017687e-03,4.786986e-03,3.524329e-03,2.428887e-03,1.469521e-03,7.399797e-04,3.078312e-04,1.077896e-04,5.706075e-05,5.387641e-05,1.370996e-05,-4.120679e-05,-8.031598e-05,-1.028845e-04,-1.171910e-04,-1.345672e-04,-1.363631e-04,-1.278139e-04,-8.995683e-05,-5.163206e-05,-1.353333e-05,-1.341359e-03,-7.891074e-05,1.183854e-03,2.482122e-03,3.860349e-03,5.247227e-03,6.500209e-03,7.486491e-03,7.869492e-03,7.361890e-03,5.967502e-03,3.850597e-03,1.613561e-03,-1.807826e-04,-1.382470e-03,-1.978055e-03,-1.999759e-03,-1.683746e-03,-1.252507e-03,-7.931753e-04,-3.760672e-04,-5.678198e-05,1.073557e-04,1.700725e-04,1.910616e-04,2.046955e-04,1.995597e-04,1.809124e-04,1.364321e-04,7.153801e-05,-1.308756e-05,-1.228740e-04,-2.324393e-04,7.901440e-04,5.048198e-04,2.167452e-04,-4.695574e-05,-2.427963e-04,-3.754760e-04,-4.482168e-04,-4.617299e-04,-4.884122e-04,-5.591017e-04,-5.818662e-04,-4.641598e-04,-1.882646e-04,1.535136e-04,4.093786e-04,5.118283e-04,4.943878e-04,3.753519e-04,1.674630e-04,-5.951560e-05,-2.375278e-04,-3.633449e-04,-4.281110e-04,-4.801961e-04,-5.348415e-04,-5.285387e-04,-3.906442e-04,-9.600021e-05,2.779790e-04,6.337187e-04,9.196894e-04,1.169944e-03,1.423023e-03,3.344168e-04,1.358469e-04,-6.610368e-05,-2.413077e-04,-3.562236e-04,-4.486295e-04,-5.510647e-04,-7.025824e-04,-8.108403e-04,-7.768163e-04,-5.857422e-04,-2.731851e-04,-2.406729e-05,7.382508e-06,-1.484068e-04,-3.443817e-04,-4.878293e-04,-5.609110e-04,-5.385959e-04,-4.727980e-04,-4.175844e-04,-3.482568e-04,-2.381319e-04,-1.513222e-04,-1.598526e-04,-2.808051e-04,-4.725170e-04,-5.876521e-04,-5.033933e-04,-2.022485e-04,2.384224e-04,7.186003e-04,1.195235e-03
-1.068143e-05,-7.039681e-05,-3.905904e-04,6.130299e-03,5.363246e-03,4.591995e-03,3.992037e-03,3.095464e-03,2.097894e-03,1.735916e-03,2.446769e-03,3.943345e-03,7.686595e-03,1.195081e-02,1.575203e-02,8.818437e-03,2.491851e-03,-1.832940e-03,-2.704355e-03,-1.704147e-03,4.794034e-04,2.875633e-03,3.886749e-03,3.843547e-03,3.492249e-03,3.391282e-03,2.990182e-03,2.649336e-03,2.546642e-03,2.583244e-03,2.719390e-03,2.891454e-03,3.055194e-03,3.256097e-03,3.318016e-03,3.378939e-03,-7.428648e-03,-5.687640e-03,-3.945964e-03,-2.189489e-03,-3.984870e-04,1.371953e-03,3.012525e-03,4.439220e-03,5.681552e-03,6.733026e-03,7.294487e-03,7.096051e-03,6.066788e-03,4.512138e-03,2.992339e-03,1.822270e-03,9.343265e-04,3.427665e-04,3.792560e-05,-5.733578e-05,-2.577434e-05,3.103546e-05,2.929378e-05,-5.979693e-06,-4.040386e-05,-6.848700e-05,-9.264975e-05,-1.194453e-04,-1.308959e-04,-1.311403e-04,-1.034476e-04,-7.534650e-05,-4.745434e-05,2.471125e-03,2.873567e-03,3.276685e-03,3.694695e-03,4.147673e-03,4.579598e-03,4.887743e-03,4.967508e-03,4.595221e-03,3.595496e-03,2.051878e-03,1.956896e-04,-1.450825e-03,-2.514803e-03,-3.001520e-03,-3.001834e-03,-2.645261e-03,-2.091003e-03,-1.479267e-03,-8.814597e-04,-3.632884e-04,2.403321e-05,2.267076e-04,3.044615e-04,3.236665e-04,3.272032e-04,3.086722e-04,2.746386e-04,2.160736e-04,1.369696e-04,3.804923e-05,-8.523884e-05,-2.083117e-04,7.077079e-04,4.409216e-04,1.714567e-04,-7.387815e-05,-2.531210e-04,-3.727131e-04,-4.394004e-04,-4.581404e-04,-4.925390e-04,-5.683781e-04,-6.006771e-04,-5.008807e-04,-2.301540e-04,1.169859e-04,3.753809e-04,4.719461e-04,4.442190e-04,3.179951e-04,1.137722e-04,-1.022712e-04,-2.681400e-04,-3.822225e-04,-4.379043e-04,-4.814574e-04,-5.282935e-04,-5.186759e-04,-3.867288e-04,-1.100273e-04,2.403803e-04,5.747062e-04,8.439543e-04,1.079501e-03,1.317713e-03,2.335619e-04,3.254111e-05,-1.717477e-04,-3.468621e-04,-4.575500e-04,-5.366197e-04,-6.140944e-04,-7.242696e-04,-7.898809e-04,-7.295961e-04,-5.393121e-04,-2.602590e-04,-5.573451e-05,-5.895604e-05,-2.323361e-04,-4.310445e-04,-5.625614e-04,-6.204774e-04,-5.925284e-04,-5.268016e-04,-4.723871e-04,-4.053599e-04,-2.994441e-04,-2.132500e-04,-2.156153e-04,-3.241350e-04,-4.992987e-04,-6.039601e-04,-5.256952e-04,-2.459635e-04,1.654901e-04,6.148967e-04,1.060925e-03
-3.022504e-05,-7.631698e-05,-3.799497e-04,2.937499e-03,3.382269e-03,3.840123e-03,4.113686e-03,4.041549e-03,3.654796e-03,3.120013e-03,2.399963e-03,1.368987e-03,1.956147e-03,4.840312e-03,8.818437e-03,1.286442e-02,7.096230e-03,1.862229e-03,-1.145292e-03,-9.245221e-04,9.954332e-04,2.942883e-03,3.619625e-03,3.561844e-03,3.317238e-03,3.283451e-03,2.937890e-03,2.679592e-03,2.628613e-03,2.647788e-03,2.717204e-03,2.820876e-03,2.909697e-03,3.037091e-03,3.015056e-03,2.992181e-03,-4.424058e-03,-3.290675e-03,-2.156091e-03,-1.039569e-03,3.843693e-05,1.043039e-03,1.925102e-03,2.651548e-03,3.234738e-03,3.666422e-03,3.768422e-03,3.396290e-03,2.491257e-03,1.269330e-03,2.198521e-04,-3.902031e-04,-6.305855e-04,-6.073659e-04,-4.348092e-04,-1.965393e-04,3.627515e-05,1.999466e-04,2.477297e-04,2.242009e-04,1.812630e-04,1.334774e-04,8.851036e-05,4.352929e-05,1.347430e-05,-4.242456e-06,7.760402e-06,2.015719e-05,3.233501e-05,3.054102e-03,2.965878e-03,2.878878e-03,2.773667e-03,2.630137e-03,2.412006e-03,2.075868e-03,1.567664e-03,7.866243e-04,-3.339474e-04,-1.732629e-03,-3.152388e-03,-4.115640e-03,-4.284273e-03,-3.827253e-03,-3.098421e-03,-2.423748e-03,-1.815797e-03,-1.251208e-03,-7.434782e-04,-3.157910e-04,-3.139530e-06,1.568759e-04,2.225876e-04,2.571176e-04,2.912995e-04,3.104575e-04,3.153298e-04,2.933382e-04,2.493976e-04,1.838636e-04,9.227575e-05,9.273343e-07,5.829000e-04,3.148693e-04,4.401569e-05,-2.006792e-04,-3.741777e-04,-4.828433e-04,-5.375018e-04,-5.463265e-04,-5.639142e-04,-6.111992e-04,-6.170639e-04,-5.073621e-04,-2.449821e-04,8.768692e-05,3.298031e-04,4.067870e-04,3.539995e-04,2.076164e-04,-3.437996e-06,-2.146863e-04,-3.688598e-04,-4.685611e-04,-5.114019e-04,-5.428930e-04,-5.797773e-04,-5.639251e-04,-4.319195e-04,-1.620574e-04,1.792528e-04,5.048403e-04,7.653231e-04,9.923418e-04,1.222026e-03,2.276432e-04,6.010381e-06,-2.188969e-04,-4.091554e-04,-5.225208e-04,-5.882728e-04,-6.388533e-04,-7.093865e-04,-7.383828e-04,-6.612792e-04,-4.707294e-04,-2.101242e-04,-3.576206e-05,-8.268295e-05,-3.038736e-04,-5.304147e-04,-6.507173e-04,-6.783899e-04,-6.235713e-04,-5.377250e-04,-4.705405e-04,-3.983316e-04,-2.949305e-04,-2.142818e-04,-2.223666e-04,-3.336780e-04,-5.074050e-04,-6.107564e-04,-5.350424e-04,-2.609365e-04,1.436403e-04,5.858971e-04,1.024824e-03
-8.337410e-05,-7.834847e-05,-3.896485e-04,9.967721e-04,2.212059e-03,3.453250e-03,4.240143e-03,4.719950e-03,4.856688e-03,4.398696e-03,3.042117e-03,7.841519e-04,-7.097021e-04,-3.397848e-04,2.491851e-03,7.096230e-03,1.221741e-02,7.752539e-03,4.079123e-03,3.008987e-03,3.458325e-03,3.554042e-03,3.074656e-03,2.875267e-03,2.981501e-03,3.331340e-03,3.259742e-03,3.185896e-03,3.160763e-03,3.037868e-03,2.885093e-03,2.793523e-03,2.678878e-03,2.637005e-03,2.420884e-03,2.203397e-03,3.977285e-04,6.765205e-04,9.568405e-04,1.194284e-03,1.338759e-03,1.374445e-03,1.305383e-03,1.138606e-03,8.709897e-04,4.886771e-04,-8.286437e-05,-9.226263e-04,-2.036975e-03,-3.080583e-03,-3.625160e-03,-3.537921e-03,-2.940056e-03,-2.086608e-03,-1.227214e-03,-4.751602e-04,8.721163e-05,4.503416e-04,6.189959e-04,6.599415e-04,6.455772e-04,6.036029e-04,5.550987e-04,5.021881e-04,4.569159e-04,4.222429e-04,4.243658e-04,4.271260e-04,4.295846e-04,9.205165e-04,8.514582e-04,7.839520e-04,6.732687e-04,4.695230e-04,1.557397e-04,-2.611767e-04,-7.871607e-04,-1.414565e-03,-2.119966e-03,-2.835009e-03,-3.383205e-03,-3.521192e-03,-3.046953e-03,-2.056047e-03,-1.086323e-03,-6.073294e-04,-4.485522e-04,-3.864702e-04,-3.473901e-04,-2.830829e-04,-2.219125e-04,-1.928575e-04,-1.593859e-04,-8.106561e-05,4.114090e-05,1.718156e-04,2.969495e-04,3.923368e-04,4.669389e-04,5.183680e-04,5.393503e-04,5.605654e-04,3.341144e-04,5.358716e-05,-2.301357e-04,-4.832530e-04,-6.566903e-04,-7.575691e-04,-8.004601e-04,-7.955518e-04,-7.894874e-04,-8.001445e-04,-7.645591e-04,-6.143558e-04,-3.212024e-04,1.801872e-05,2.429735e-04,2.841967e-04,1.841443e-04,-7.813495e-06,-2.513800e-04,-4.773288e-04,-6.295898e-04,-7.175492e-04,-7.446316e-04,-7.569507e-04,-7.758236e-04,-7.437429e-04,-5.987605e-04,-3.190106e-04,3.335846e-05,3.680312e-04,6.301293e-04,8.561696e-04,1.085147e-03,2.918669e-04,3.770116e-05,-2.199363e-04,-4.365248e-04,-5.618345e-04,-6.228130e-04,-6.540999e-04,-6.929294e-04,-6.909665e-04,-5.994626e-04,-4.195277e-04,-1.926520e-04,-5.232572e-05,-1.250280e-04,-3.856414e-04,-6.374741e-04,-7.435102e-04,-7.355020e-04,-6.432546e-04,-5.249429e-04,-4.370615e-04,-3.557631e-04,-2.549335e-04,-1.847531e-04,-2.093434e-04,-3.370860e-04,-5.224097e-04,-6.315793e-04,-5.527929e-04,-2.641423e-04,1.624946e-04,6.283475e-04,1.090760e-03
