5.934354e-04,-9.507075e-06,-3.187575e-06,-6.354748e-05,-5.230377e-05,-4.074968e-05,-3.344091e-05,-3.203465e-05,-3.652162e-05,-4.430888e-05,-4.225093e-05,-4.203436e-05,-3.907011e-05,-2.965135e-05,-2.528603e-05,-3.318804e-05,-5.047095e-05,-6.151172e-05,-6.322036e-05,-6.331463e-05,-5.679200e-05,-4.467040e-05,-2.669087e-05,-1.688557e-05,-6.325980e-06,-8.317857e-06,-1.489987e-06,1.327387e-05,3.192053e-05,4.152356e-05,2.664991e-05,-2.445935e-05,-1.087014e-04,-1.986488e-04,-2.910457e-04,-3.815441e-04,-1.868756e-03,-1.877681e-03,-1.886619e-03,-1.895477e-03,-1.904448e-03,-1.912156e-03,-1.919505e-03,-1.922726e-03,-1.923710e-03,-1.923244e-03,-1.919854e-03,-1.914508e-03,-1.906869e-03,-1.896293e-03,-1.884203e-03,-1.871188e-03,-1.858058e-03,-1.845802e-03,-1.835571e-03,-1.827632e-03,-1.821584e-03,-1.820535e-03,-1.820257e-03,-1.824092e-03,-1.832228e-03,-1.840794e-03,-1.851281e-03,-1.861663e-03,-1.872245e-03,-1.881491e-03,-1.890472e-03,-1.900589e-03,-1.910419e-03,-5.529056e-05,-3.870947e-05,-2.211846e-05,-6.012958e-06,8.333501e-06,2.069980e-05,2.915847e-05,3.451212e-05,3.756858e-05,3.844334e-05,3.658087e-05,3.364263e-05,2.993972e-05,2.578369e-05,2.322912e-05,2.227674e-05,2.477620e-05,3.120545e-05,4.073005e-05,5.208471e-05,6.451561e-05,7.472991e-05,8.256265e-05,8.728567e-05,8.794029e-05,8.401995e-05,7.918941e-05,7.390292e-05,6.881771e-05,6.547799e-05,6.146415e-05,5.812808e-05,5.483007e-05,3.065222e-03,2.924121e-03,2.782951e-03,2.633132e-03,2.489666e-03,2.352868e-03,2.242585e-03,2.155315e-03,2.092931e-03,2.044308e-03,2.000134e-03,1.977049e-03,1.995879e-03,2.054650e-03,2.152836e-03,2.261935e-03,2.337418e-03,2.360400e-03,2.349531e-03,2.313414e-03,2.254686e-03,2.200134e-03,2.145047e-03,2.098502e-03,2.051475e-03,1.983517e-03,1.912563e-03,1.846081e-03,1.801686e-03,1.757583e-03,1.723160e-03,1.705597e-03,1.685801e-03,-1.798565e-04,-1.899373e-04,-2.002728e-04,-2.052087e-04,-1.898044e-04,-1.451044e-04,-7.664480e-05,-4.648773e-06,5.396396e-05,8.093952e-05,7.493458e-05,5.326337e-05,2.989590e-05,-3.017609e-06,-3.896079e-05,-9.131782e-05,-1.486223e-04,-1.999283e-04,-2.278789e-04,-2.138655e-04,-1.560423e-04,-6.622111e-05,3.411566e-05,1.265620e-04,1.880789e-04,2.082434e-04,1.848628e-04,1.250958e-04,5.028627e-05,-3.065539e-05,-1.328625e-04,-2.375310e-04,-3.412201e-04
-9.507075e-06,4.939893e-04,1.814051e-05,-2.447968e-04,-2.153991e-04,-1.787137e-04,-1.435988e-04,-1.223066e-04,-1.100081e-04,-1.113498e-04,-1.225752e-04,-1.390355e-04,-1.532593e-04,-1.664677e-04,-1.694068e-04,-1.731818e-04,-1.623195e-04,-1.484044e-04,-1.466244e-04,-1.581688e-04,-1.602300e-04,-1.614727e-04,-1.516321e-04,-1.412716e-04,-1.332741e-04,-1.360581e-04,-1.408913e-04,-1.446116e-04,-1.378992e-04,-1.300408e-04,-1.154664e-04,-1.006570e-04,-9.461325e-05,-1.151200e-04,-1.288861e-04,-1.375306e-04,-3.647241e-06,-7.844642e-07,2.048085e-06,4.743519e-06,7.098166e-06,9.563540e-06,1.020647e-05,9.932575e-06,1.042308e-05,1.267154e-05,1.686303e-05,2.503556e-05,3.690413e-05,4.953969e-05,6.103734e-05,6.840033e-05,7.271699e-05,7.461935e-05,7.471322e-05,7.440539e-05,7.457095e-05,7.471458e-05,7.605489e-05,7.666100e-05,7.592942e-05,7.133956e-05,6.340592e-05,4.967937e-05,3.083011e-05,7.956367e-06,-2.105670e-05,-5.211686e-05,-8.285567e-05,-1.432338e-03,-1.446098e-03,-1.459363e-03,-1.468421e-03,-1.476262e-03,-1.482798e-03,-1.490748e-03,-1.499955e-03,-1.510574e-03,-1.522049e-03,-1.533036e-03,-1.544273e-03,-1.551727e-03,-1.553809e-03,-1.549161e-03,-1.539172e-03,-1.524742e-03,-1.504994e-03,-1.486178e-03,-1.468269e-03,-1.452811e-03,-1.442749e-03,-1.438003e-03,-1.439111e-03,-1.446394e-03,-1.458266e-03,-1.476193e-03,-1.498233e-03,-1.521350e-03,-1.546673e-03,-1.570771e-03,-1.591486e-03,-1.611740e-03,-1.786592e-04,-1.766448e-04,-1.747951e-04,-1.694548e-04,-1.516620e-04,-1.146256e-04,-6.062535e-05,-3.365066e-06,4.168251e-05,6.207410e-05,5.831509e-05,3.976091e-05,1.244963e-05,-2.432308e-05,-5.868784e-05,-9.757077e-05,-1.347066e-04,-1.639092e-04,-1.748391e-04,-1.555419e-04,-1.081544e-04,-4.271530e-05,2.774670e-05,9.533586e-05,1.442061e-04,1.633677e-04,1.478240e-04,9.950321e-05,2.918725e-05,-5.229805e-05,-1.474440e-04,-2.419581e-04,-3.360142e-04,1.510941e-03,1.630747e-03,1.749524e-03,1.852441e-03,1.946555e-03,2.004923e-03,2.025454e-03,1.990274e-03,1.908126e-03,1.797149e-03,1.675534e-03,1.583198e-03,1.517385e-03,1.485681e-03,1.483285e-03,1.526190e-03,1.612097e-03,1.709267e-03,1.819671e-03,1.918055e-03,1.990581e-03,2.035490e-03,2.026295e-03,1.968037e-03,1.879842e-03,1.762412e-03,1.644121e-03,1.542161e-03,1.449921e-03,1.388445e-03,1.332912e-03,1.260211e-03,1.187942e-03
-3.187575e-06,1.814051e-05,1.513820e-04,-1.026799e-03,-1.045311e-03,-1.062017e-03,-1.059560e-03,-1.068157e-03,-1.064385e-03,-1.068640e-03,-1.056263e-03,-1.031739e-03,-9.933932e-04,-9.328337e-04,-8.855784e-04,-8.588795e-04,-8.638991e-04,-8.957859e-04,-9.490037e-04,-9.976386e-04,-1.013438e-03,-1.031759e-03,-1.042132e-03,-1.039259e-03,-1.050846e-03,-1.044526e-03,-1.028756e-03,-1.007544e-03,-9.531279e-04,-9.015298e-04,-8.653612e-04,-8.425062e-04,-8.345958e-04,-8.359523e-04,-8.351376e-04,-8.325518e-04,2.788213e-05,2.856735e-05,2.926719e-05,2.969746e-05,3.012553e-05,2.849824e-05,2.184618e-05,1.281466e-05,7.001389e-06,5.261476e-06,4.873551e-06,5.039774e-06,6.264275e-06,8.184658e-06,1.005023e-05,1.172316e-05,1.318623e-05,1.428914e-05,1.503701e-05,1.563209e-05,2.010763e-05,2.995861e-05,4.081544e-05,4.497080e-05,4.095632e-05,3.151966e-05,1.918105e-05,4.165108e-06,-1.280109e-05,-3.172937e-05,-5.226769e-05,-7.367931e-05,-9.492188e-05,-2.004210e-05,-3.471574e-05,-4.947236e-05,-5.926028e-05,-6.162351e-05,-6.062150e-05,-6.023850e-05,-6.050800e-05,-6.195338e-05,-6.480333e-05,-6.619139e-05,-6.485144e-05,-6.206835e-05,-5.939766e-05,-5.607217e-05,-5.024411e-05,-4.242873e-05,-3.780808e-05,-3.904115e-05,-4.414363e-05,-4.805580e-05,-4.876276e-05,-4.711928e-05,-4.344432e-05,-3.800075e-05,-3.376552e-05,-3.379665e-05,-3.845806e-05,-4.543781e-05,-5.225573e-05,-5.851450e-05,-6.362836e-05,-6.859975e-05,-1.844292e-05,-1.783860e-05,-1.731896e-05,-1.610066e-05,-1.495362e-05,-8.813446e-06,9.755727e-06,3.496717e-05,4.997688e-05,5.134775e-05,4.539687e-05,2.833371e-05,-8.057961e-06,-5.147446e-05,-7.792502e-05,-8.493905e-05,-7.991048e-05,-6.637129e-05,-4.564116e-05,-1.742708e-05,5.721754e-06,1.888687e-05,2.704733e-05,4.663987e-05,7.475062e-05,9.602308e-05,9.534361e-05,6.317744e-05,-8.015382e-06,-1.029217e-04,-1.996987e-04,-2.908247e-04,-3.822889e-04,-7.020404e-05,-1.290027e-05,4.560427e-05,8.838204e-05,1.071368e-04,1.125499e-04,1.171306e-04,1.204211e-04,1.249240e-04,1.331714e-04,1.329348e-04,1.197161e-04,1.038641e-04,1.066539e-04,1.187957e-04,1.172670e-04,9.959195e-05,8.771490e-05,9.098341e-05,1.068861e-04,1.194116e-04,1.244758e-04,1.229702e-04,1.155695e-04,1.014866e-04,9.209007e-05,9.581402e-05,1.118509e-04,1.175120e-04,8.632811e-05,1.941847e-05,-6.091029e-05,-1.402181e-04
-6.354748e-05,-2.447968e-04,-1.026799e-03,2.800894e-01,1.609327e-01,6.686365e-02,1.177555e-02,-1.110904e-02,-1.587140e-02,-1.083127e-02,-2.895831e-03,3.180785e-03,6.821017e-03,7.985447e-03,7.438297e-03,6.486336e-03,6.363446e-03,6.689122e-03,6.983684e-03,7.130174e-03,7.080907e-03,7.083260e-03,7.006449e-03,6.909116e-03,6.996913e-03,7.013165e-03,6.963803e-03,6.881844e-03,6.558918e-03,6.222879e-03,5.956141e-03,5.752643e-03,5.639816e-03,5.591489e-03,5.528399e-03,5.451527e-03,4.260958e-02,3.694431e-02,3.127669e-02,2.566768e-02,2.026722e-02,1.517663e-02,1.049986e-02,6.552307e-03,3.649683e-03,1.658140e-03,3.724645e-04,-3.830738e-04,-7.960884e-04,-9.957320e-04,-1.041147e-03,-9.910669e-04,-8.678662e-04,-6.990194e-04,-5.112293e-04,-3.320206e-04,-2.034820e-04,-1.426822e-04,-1.207667e-04,-8.240001e-05,-9.652558e-06,8.544801e-05,1.905329e-04,3.076676e-04,4.348678e-04,5.733165e-04,7.231591e-04,8.797156e-04,1.034976e-03,-6.717628e-02,-5.294999e-02,-3.860177e-02,-2.585863e-02,-1.571573e-02,-7.861638e-03,-2.234805e-03,1.518503e-03,3.699624e-03,4.626292e-03,4.670150e-03,4.191597e-03,3.465169e-03,2.734240e-03,2.078266e-03,1.524272e-03,1.084374e-03,7.805129e-04,6.111743e-04,5.313627e-04,4.890851e-04,4.603369e-04,4.445457e-04,4.366530e-04,4.313328e-04,4.431439e-04,4.890591e-04,5.688368e-04,6.652722e-04,7.610845e-04,8.529889e-04,9.362718e-04,1.018463e-03,-1.063652e-03,-8.332352e-04,-6.002062e-04,-3.893981e-04,-2.184130e-04,-9.410130e-05,-4.790191e-05,-9.849708e-05,-2.129260e-04,-3.204120e-04,-4.069862e-04,-4.192668e-04,-2.746229e-04,-4.427918e-05,9.705579e-05,1.334094e-04,1.051805e-04,3.017980e-05,-9.051914e-05,-2.640081e-04,-4.066894e-04,-4.869779e-04,-5.359684e-04,-6.645130e-04,-8.489533e-04,-9.802441e-04,-9.571862e-04,-7.160937e-04,-2.105780e-04,4.572106e-04,1.139242e-03,1.780247e-03,2.423773e-03,5.160220e-03,2.783243e-03,3.491466e-04,-1.419013e-03,-2.289059e-03,-2.601574e-03,-2.542826e-03,-2.293790e-03,-1.968615e-03,-1.641460e-03,-1.300433e-03,-9.662819e-04,-7.127203e-04,-6.883585e-04,-7.963467e-04,-8.554838e-04,-8.291918e-04,-8.446697e-04,-9.606786e-04,-1.147520e-03,-1.292337e-03,-1.368758e-03,-1.378538e-03,-1.328532e-03,-1.216979e-03,-1.121424e-03,-1.106661e-03,-1.173694e-03,-1.171688e-03,-9.283942e-04,-4.426211e-04,1.382984e-04,7.120808e-04
-5.230377e-05,-2.153991e-04,-1.045311e-03,1.609327e-01,1.126852e-01,5.836020e-02,2.271296e-02,3.959567e-03,-3.127342e-03,-2.730780e-03,7.357864e-04,3.966661e-03,6.196679e-03,6.968461e-03,6.703752e-03,6.231960e-03,6.312632e-03,6.645078e-03,6.962875e-03,7.171294e-03,7.169420e-03,7.205572e-03,7.170471e-03,7.092206e-03,7.171961e-03,7.162158e-03,7.089751e-03,6.985009e-03,6.641041e-03,6.295827e-03,6.035054e-03,5.848513e-03,5.758101e-03,5.732788e-03,5.691996e-03,5.637668e-03,3.141470e-02,2.700840e-02,2.259947e-02,1.823790e-02,1.402301e-02,1.011016e-02,6.692056e-03,3.936927e-03,1.976259e-03,6.806320e-04,-1.153400e-04,-5.446780e-04,-7.445532e-04,-8.092528e-04,-7.845358e-04,-7.089530e-04,-5.955593e-04,-4.607726e-04,-3.207469e-04,-1.927209e-04,-1.128322e-04,-9.426733e-05,-1.061430e-04,-9.211494e-05,-3.633629e-05,4.682187e-05,1.433727e-04,2.542764e-04,3.766766e-04,5.113408e-04,6.575701e-04,8.104227e-04,9.619949e-04,-4.200767e-02,-3.257058e-02,-2.304036e-02,-1.471881e-02,-8.356689e-03,-3.603017e-03,-2.809120e-04,1.843311e-03,2.988432e-03,3.377258e-03,3.259145e-03,2.862780e-03,2.351231e-03,1.865578e-03,1.441539e-03,1.083079e-03,7.927676e-04,5.972702e-04,5.017832e-04,4.720676e-04,4.617117e-04,4.503812e-04,4.400423e-04,4.284251e-04,4.129513e-04,4.107085e-04,4.405849e-04,5.036732e-04,5.830783e-04,6.614931e-04,7.358367e-04,8.015595e-04,8.662080e-04,-9.297263e-04,-7.186789e-04,-5.053190e-04,-3.096463e-04,-1.365394e-04,-1.942468e-05,-2.471401e-05,-1.368233e-04,-2.755643e-04,-3.767132e-04,-4.392748e-04,-4.191997e-04,-2.436737e-04,9.454493e-06,1.660424e-04,2.083333e-04,1.804421e-04,1.022960e-04,-2.331760e-05,-2.024739e-04,-3.496257e-04,-4.326212e-04,-4.836236e-04,-6.156941e-04,-8.053335e-04,-9.422611e-04,-9.233616e-04,-6.836320e-04,-1.749022e-04,4.987193e-04,1.186290e-03,1.832551e-03,2.481356e-03,3.662944e-03,1.834859e-03,-3.955081e-05,-1.378909e-03,-1.976275e-03,-2.134116e-03,-2.055484e-03,-1.854867e-03,-1.618190e-03,-1.402120e-03,-1.172134e-03,-9.285773e-04,-7.373407e-04,-7.413564e-04,-8.517246e-04,-8.924590e-04,-8.337386e-04,-8.143131e-04,-8.973701e-04,-1.058439e-03,-1.184648e-03,-1.248548e-03,-1.252401e-03,-1.201852e-03,-1.093378e-03,-1.005306e-03,-1.001293e-03,-1.080568e-03,-1.088936e-03,-8.491309e-04,-3.620513e-04,2.208313e-04,7.964865e-04
-4.074968e-05,-1.787137e-04,-1.062017e-03,6.686365e-02,5.836020e-02,5.194408e-02,3.336280e-02,1.922506e-02,9.581738e-03,5.345577e-03,4.316327e-03,4.707880e-03,5.543287e-03,5.937917e-03,5.963376e-03,5.970913e-03,6.249003e-03,6.583328e-03,6.923803e-03,7.196610e-03,7.244636e-03,7.315634e-03,7.322831e-03,7.263908e-03,7.335257e-03,7.298707e-03,7.202878e-03,7.075397e-03,6.711063e-03,6.357356e-03,6.103188e-03,5.934224e-03,5.866529e-03,5.863880e-03,5.845037e-03,5.813005e-03,1.992744e-02,1.681677e-02,1.370325e-02,1.062604e-02,7.633990e-03,4.936180e-03,2.811622e-03,1.277949e-03,2.818489e-04,-3.019388e-04,-5.982365e-04,-6.959589e-04,-6.801648e-04,-6.092554e-04,-5.147179e-04,-4.144972e-04,-3.122344e-04,-2.131377e-04,-1.226835e-04,-4.768279e-05,-1.817298e-05,-4.332342e-05,-9.014352e-05,-1.013594e-04,-6.324028e-05,7.447672e-06,9.507167e-05,1.993843e-04,3.166034e-04,4.470646e-04,5.891667e-04,7.377600e-04,8.850960e-04,-1.641139e-02,-1.180837e-02,-7.141873e-03,-3.294866e-03,-7.692233e-04,8.304059e-04,1.799061e-03,2.251068e-03,2.323651e-03,2.145577e-03,1.843990e-03,1.515275e-03,1.209758e-03,9.647118e-04,7.709593e-04,6.081790e-04,4.685734e-04,3.829481e-04,3.628032e-04,3.846721e-04,4.076741e-04,4.150794e-04,4.113554e-04,3.969777e-04,3.720747e-04,3.562480e-04,3.702608e-04,4.165857e-04,4.787400e-04,5.394393e-04,5.958909e-04,6.437665e-04,6.905942e-04,-7.839901e-04,-5.946077e-04,-4.032400e-04,-2.249248e-04,-5.175858e-05,5.625770e-05,-1.883798e-06,-1.758672e-04,-3.386789e-04,-4.329105e-04,-4.707241e-04,-4.176479e-04,-2.110337e-04,6.463974e-05,2.361408e-04,2.838821e-04,2.558172e-04,1.741111e-04,4.346434e-05,-1.409646e-04,-2.918167e-04,-3.765630e-04,-4.285920e-04,-5.631198e-04,-7.570741e-04,-8.992664e-04,-8.848737e-04,-6.476343e-04,-1.374993e-04,5.397549e-04,1.230466e-03,1.879669e-03,2.531438e-03,2.145260e-03,8.743996e-04,-4.316407e-04,-1.331530e-03,-1.645632e-03,-1.640571e-03,-1.536683e-03,-1.381826e-03,-1.233234e-03,-1.129588e-03,-1.013266e-03,-8.633011e-04,-7.371876e-04,-7.715058e-04,-8.853361e-04,-9.078080e-04,-8.159481e-04,-7.603537e-04,-8.085905e-04,-9.419566e-04,-1.048011e-03,-1.098345e-03,-1.096137e-03,-1.045750e-03,-9.416306e-04,-8.627558e-04,-8.711387e-04,-9.639783e-04,-9.840258e-04,-7.489521e-04,-2.621068e-04,3.208149e-04,8.964361e-04
-3.344091e-05,-1.435988e-04,-1.059560e-03,1.177555e-02,2.271296e-02,3.336280e-02,4.280285e-02,3.258072e-02,2.207886e-02,1.352353e-02,8.268412e-03,5.785018e-03,5.060383e-03,4.913444e-03,5.112786e-03,5.556743e-03,6.074128e-03,6.464337e-03,6.831919e-03,7.134578e-03,7.202906e-03,7.291590e-03,7.330741e-03,7.288723e-03,7.353895e-03,7.299380e-03,7.187945e-03,7.043855e-03,6.667740e-03,6.312004e-03,6.066874e-03,5.914348e-03,5.866406e-03,5.883686e-03,5.885204e-03,5.873985e-03,1.178713e-02,9.547893e-03,7.305548e-03,5.091210e-03,2.905375e-03,1.013461e-03,-2.004902e-04,-8.313667e-04,-1.112271e-03,-1.163756e-03,-1.077616e-03,-9.115124e-04,-7.146700e-04,-5.213700e-04,-3.577832e-04,-2.270244e-04,-1.244276e-04,-4.589057e-05,1.218148e-05,5.184577e-05,4.843697e-05,-4.277367e-06,-7.264517e-05,-9.964012e-05,-7.349035e-05,-1.248275e-05,6.696516e-05,1.639927e-04,2.745058e-04,3.986524e-04,5.342616e-04,6.761652e-04,8.168465e-04,7.834287e-04,1.870483e-03,2.993375e-03,3.617810e-03,3.427505e-03,2.835908e-03,2.238148e-03,1.644650e-03,1.121257e-03,7.147863e-04,4.478257e-04,3.084993e-04,2.609393e-04,2.647693e-04,2.834332e-04,2.878453e-04,2.690939e-04,2.659049e-04,2.977745e-04,3.511412e-04,3.911069e-04,4.045093e-04,3.979416e-04,3.743051e-04,3.361354e-04,3.048085e-04,3.021790e-04,3.316306e-04,3.770123e-04,4.210188e-04,4.609411e-04,4.925749e-04,5.231948e-04,-7.070555e-04,-5.293957e-04,-3.501000e-04,-1.791289e-04,5.005778e-06,1.190949e-04,2.637718e-05,-1.972694e-04,-3.798571e-04,-4.706559e-04,-4.925092e-04,-4.185157e-04,-1.942405e-04,9.209980e-05,2.715525e-04,3.230719e-04,2.962687e-04,2.143569e-04,8.313156e-05,-1.014258e-04,-2.518907e-04,-3.359315e-04,-3.872805e-04,-5.211516e-04,-7.151323e-04,-8.589190e-04,-8.479966e-04,-6.161357e-04,-1.125732e-04,5.573108e-04,1.239895e-03,1.881343e-03,2.525351e-03,1.011255e-03,1.819450e-04,-6.712726e-04,-1.232290e-03,-1.338398e-03,-1.217206e-03,-1.105539e-03,-9.961080e-04,-9.237089e-04,-9.125105e-04,-8.866011e-04,-8.082669e-04,-7.290964e-04,-7.792885e-04,-8.866936e-04,-8.884968e-04,-7.678160e-04,-6.825931e-04,-7.025741e-04,-8.131821e-04,-9.034787e-04,-9.443220e-04,-9.393646e-04,-8.917431e-04,-7.942628e-04,-7.252825e-04,-7.444882e-04,-8.474864e-04,-8.770805e-04,-6.495140e-04,-1.701569e-04,4.039633e-04,9.708317e-04
-3.203465e-05,-1.223066e-04,-1.068157e-03,-1.110904e-02,3.959567e-03,1.922506e-02,3.258072e-02,4.275609e-02,3.356210e-02,2.329109e-02,1.411657e-02,8.508047e-03,5.612141e-03,4.428762e-03,4.472535e-03,5.159761e-03,5.870010e-03,6.371815e-03,6.812473e-03,7.144095e-03,7.221507e-03,7.325656e-03,7.400474e-03,7.379809e-03,7.445423e-03,7.379489e-03,7.254557e-03,7.092891e-03,6.700136e-03,6.336295e-03,6.093268e-03,5.951780e-03,5.921439e-03,5.959192e-03,5.981983e-03,5.992169e-03,2.464409e-03,1.356260e-03,2.451114e-04,-8.464130e-04,-1.950761e-03,-2.789714e-03,-2.938695e-03,-2.580357e-03,-2.135683e-03,-1.693755e-03,-1.280117e-03,-9.068238e-04,-5.814639e-04,-3.110866e-04,-1.150430e-04,1.632871e-05,9.583858e-05,1.364403e-04,1.504446e-04,1.483588e-04,1.095609e-04,2.926831e-05,-5.933023e-05,-9.967332e-05,-8.205188e-05,-2.655495e-05,4.932956e-05,1.441088e-04,2.531614e-04,3.763933e-04,5.111618e-04,6.521645e-04,7.919546e-04,7.382643e-03,6.477987e-03,5.587064e-03,4.467854e-03,2.957106e-03,1.433851e-03,3.167488e-04,-4.648215e-04,-9.095543e-04,-1.040509e-03,-9.362698e-04,-6.940914e-04,-3.987651e-04,-1.306169e-04,7.475640e-05,2.032222e-04,2.602328e-04,2.977834e-04,3.468357e-04,4.035376e-04,4.385513e-04,4.416463e-04,4.208299e-04,3.807340e-04,3.255887e-04,2.779951e-04,2.603512e-04,2.761290e-04,3.088653e-04,3.406991e-04,3.687667e-04,3.887602e-04,4.077460e-04,-5.942797e-04,-4.424225e-04,-2.892123e-04,-1.412303e-04,2.901825e-05,1.247076e-04,-1.139705e-05,-2.862892e-04,-4.784590e-04,-5.497643e-04,-5.419600e-04,-4.371610e-04,-1.884410e-04,1.125013e-04,3.000318e-04,3.537956e-04,3.263137e-04,2.422883e-04,1.081373e-04,-7.990091e-05,-2.334056e-04,-3.197708e-04,-3.728701e-04,-5.089265e-04,-7.056130e-04,-8.520612e-04,-8.431347e-04,-6.121698e-04,-1.076254e-04,5.643858e-04,1.248696e-03,1.891637e-03,2.537170e-03,2.205302e-04,-2.782509e-04,-7.919007e-04,-1.110051e-03,-1.091172e-03,-9.201408e-04,-8.300619e-04,-7.741666e-04,-7.714226e-04,-8.372298e-04,-8.750459e-04,-8.349574e-04,-7.708495e-04,-8.131736e-04,-8.992151e-04,-8.736418e-04,-7.248316e-04,-6.160420e-04,-6.183235e-04,-7.182121e-04,-8.034360e-04,-8.431921e-04,-8.405156e-04,-7.974603e-04,-7.056826e-04,-6.439455e-04,-6.711370e-04,-7.819188e-04,-8.178588e-04,-5.926552e-04,-1.130678e-04,4.613505e-04,1.028473e-03
-3.652162e-05,-1.100081e-04,-1.064385e-03,-1.587140e-02,-3.127342e-03,9.581738e-03,2.207886e-02,3.356210e-02,4.365479e-02,3.368058e-02,2.277223e-02,1.375783e-02,8.022351e-03,5.092065e-03,4.378899e-03,4.808331e-03,5.442078e-03,6.020054e-03,6.588004e-03,7.006995e-03,7.134878e-03,7.272159e-03,7.383035e-03,7.382634e-03,7.449447e-03,7.375519e-03,7.239723e-03,7.065454e-03,6.663226e-03,6.294516e-03,6.051051e-03,5.916843e-03,5.899199e-03,5.950481e-03,5.986863e-03,6.010836e-03,-7.820058e-03,-7.477923e-03,-7.138180e-03,-6.786154e-03,-6.464087e-03,-5.934722e-03,-4.819644e-03,-3.363588e-03,-2.193007e-03,-1.350788e-03,-7.428139e-04,-3.057552e-04,1.169557e-05,2.388397e-04,3.717246e-04,4.301296e-04,4.315172e-04,3.944299e-04,3.364469e-04,2.731355e-04,1.855314e-04,6.890817e-05,-4.506619e-05,-1.015446e-04,-9.282699e-05,-4.084472e-05,3.543749e-05,1.331738e-04,2.463722e-04,3.743500e-04,5.139226e-04,6.596382e-04,8.041580e-04,8.317194e-03,6.619974e-03,4.923568e-03,3.164208e-03,1.285762e-03,-3.945897e-04,-1.503970e-03,-2.134695e-03,-2.313653e-03,-2.089652e-03,-1.639698e-03,-1.117318e-03,-6.163158e-04,-2.211777e-04,5.191614e-05,2.124512e-04,2.826055e-04,3.193929e-04,3.597641e-04,4.058132e-04,4.307423e-04,4.252227e-04,3.970797e-04,3.509940e-04,2.911979e-04,2.401287e-04,2.196491e-04,2.326374e-04,2.625859e-04,2.915248e-04,3.167665e-04,3.340400e-04,3.503201e-04,-4.042547e-04,-3.027153e-04,-2.000147e-04,-1.020743e-04,1.286876e-05,4.935050e-05,-1.457141e-04,-4.748185e-04,-6.632497e-04,-6.888278e-04,-6.258203e-04,-4.710315e-04,-1.878208e-04,1.305315e-04,3.235195e-04,3.752125e-04,3.427213e-04,2.531483e-04,1.137065e-04,-7.889481e-05,-2.360449e-04,-3.254545e-04,-3.807420e-04,-5.179336e-04,-7.150371e-04,-8.617032e-04,-8.535353e-04,-6.243118e-04,-1.226187e-04,5.459719e-04,1.226542e-03,1.865815e-03,2.507694e-03,-1.340589e-04,-4.479191e-04,-7.711505e-04,-9.611364e-04,-9.037557e-04,-7.469405e-04,-6.932364e-04,-6.813238e-04,-7.260001e-04,-8.461349e-04,-9.188315e-04,-8.871182e-04,-8.138007e-04,-8.329047e-04,-8.914451e-04,-8.417386e-04,-6.757958e-04,-5.555893e-04,-5.509798e-04,-6.483466e-04,-7.346108e-04,-7.777812e-04,-7.800216e-04,-7.425653e-04,-6.563489e-04,-5.997751e-04,-6.309206e-04,-7.441175e-04,-7.819085e-04,-5.582928e-04,-8.069453e-05,4.910626e-04,1.055549e-03
-4.430888e-05,-1.113498e-04,-1.068640e-03,-1.083127e-02,-2.730780e-03,5.345577e-03,1.352353e-02,2.329109e-02,3.368058e-02,4.240734e-02,3.244970e-02,2.233265e-02,1.345731e-02,8.089060e-03,5.657559e-03,4.955395e-03,5.020030e-03,5.542523e-03,6.262236e-03,6.839929e-03,7.078554e-03,7.275188e-03,7.407016e-03,7.412910e-03,7.485916e-03,7.418185e-03,7.281497e-03,7.104399e-03,6.698064e-03,6.322966e-03,6.069943e-03,5.929057e-03,5.906942e-03,5.952953e-03,5.983720e-03,6.002020e-03,-1.040168e-02,-9.256748e-03,-8.113260e-03,-6.963619e-03,-5.841295e-03,-4.592919e-03,-2.947606e-03,-1.147235e-03,6.470114e-05,6.893478e-04,9.791497e-04,1.074472e-03,1.066842e-03,1.010785e-03,9.158698e-04,7.972545e-04,6.651161e-04,5.313628e-04,4.064522e-04,2.988984e-04,1.833844e-04,5.030051e-05,-7.182972e-05,-1.303325e-04,-1.182840e-04,-5.872894e-05,2.813458e-05,1.383245e-04,2.645174e-04,4.056473e-04,5.583750e-04,7.172774e-04,8.749772e-04,6.194101e-03,4.694361e-03,3.190356e-03,1.697233e-03,2.156280e-04,-1.039168e-03,-1.802793e-03,-2.135494e-03,-2.057121e-03,-1.598562e-03,-1.034413e-03,-5.334299e-04,-1.388088e-04,1.173842e-04,2.548427e-04,3.062307e-04,3.035668e-04,2.922489e-04,3.022674e-04,3.313846e-04,3.487132e-04,3.425273e-04,3.192659e-04,2.820181e-04,2.334310e-04,1.949099e-04,1.873393e-04,2.126104e-04,2.542449e-04,2.943838e-04,3.307009e-04,3.589562e-04,3.862168e-04,-2.211091e-04,-1.799403e-04,-1.377663e-04,-1.010345e-04,-5.880991e-05,-9.167207e-05,-3.306426e-04,-6.886433e-04,-8.556668e-04,-8.189335e-04,-6.943718e-04,-4.913685e-04,-1.772179e-04,1.553065e-04,3.474804e-04,3.901985e-04,3.459490e-04,2.446887e-04,9.476200e-05,-1.062885e-04,-2.690726e-04,-3.615424e-04,-4.177926e-04,-5.548908e-04,-7.513628e-04,-8.966605e-04,-8.863609e-04,-6.542033e-04,-1.487156e-04,5.243374e-04,1.209312e-03,1.852595e-03,2.498521e-03,-9.292147e-05,-3.697116e-04,-6.535373e-04,-8.345931e-04,-8.256749e-04,-7.394085e-04,-7.321227e-04,-7.531764e-04,-8.236131e-04,-9.749151e-04,-1.045983e-03,-9.794607e-04,-8.602325e-04,-8.385193e-04,-8.686455e-04,-8.049201e-04,-6.386398e-04,-5.249067e-04,-5.299732e-04,-6.376876e-04,-7.327954e-04,-7.827919e-04,-7.898552e-04,-7.553711e-04,-6.702754e-04,-6.135389e-04,-6.436728e-04,-7.552170e-04,-7.906814e-04,-5.636430e-04,-8.143044e-05,4.953614e-04,1.064841e-03
-4.225093e-05,-1.225752e-04,-1.056263e-03,-2.895831e-03,7.357864e-04,4.316327e-03,8.268412e-03,1.411657e-02,2.277223e-02,3.244970e-02,4.200970e-02,3.264563e-02,2.228234e-02,1.378555e-02,8.583018e-03,5.692950e-03,4.559978e-03,4.797058e-03,5.642679e-03,6.426483e-03,6.834471e-03,7.130030e-03,7.295518e-03,7.313565e-03,7.399048e-03,7.345998e-03,7.214480e-03,7.041873e-03,6.641409e-03,6.265282e-03,6.000789e-03,5.847029e-03,5.810503e-03,5.838942e-03,5.851429e-03,5.851513e-03,-7.591198e-03,-6.146431e-03,-4.702189e-03,-3.256600e-03,-1.828715e-03,-3.508095e-04,1.302985e-03,2.877266e-03,3.659807e-03,3.681433e-03,3.373458e-03,2.927327e-03,2.429732e-03,1.954238e-03,1.533695e-03,1.171783e-03,8.653873e-04,6.136449e-04,4.135684e-04,2.604554e-04,1.195023e-04,-2.583550e-05,-1.513725e-04,-2.079509e-04,-1.890239e-04,-1.181547e-04,-1.668681e-05,1.100894e-04,2.532048e-04,4.111526e-04,5.805617e-04,7.561097e-04,9.304639e-04,2.986383e-03,2.012082e-03,1.032861e-03,9.281820e-05,-7.609134e-04,-1.374953e-03,-1.589926e-03,-1.454327e-03,-9.971692e-04,-2.445463e-04,3.919411e-04,7.312006e-04,8.298165e-04,7.729638e-04,6.358270e-04,4.786016e-04,3.418910e-04,2.464359e-04,2.063492e-04,2.094188e-04,2.174831e-04,2.144627e-04,2.040970e-04,1.864384e-04,1.611032e-04,1.472298e-04,1.638972e-04,2.115294e-04,2.740421e-04,3.342415e-04,3.903441e-04,4.382766e-04,4.852231e-04,1.282904e-05,-1.480932e-05,-4.152094e-05,-7.522974e-05,-1.163684e-04,-2.282592e-04,-5.049214e-04,-8.590057e-04,-9.893251e-04,-8.845312e-04,-7.073307e-04,-4.715094e-04,-1.367849e-04,2.055544e-04,3.950542e-04,4.296495e-04,3.752407e-04,2.637584e-04,1.049601e-04,-1.024145e-04,-2.695697e-04,-3.646688e-04,-4.218541e-04,-5.572552e-04,-7.503888e-04,-8.924825e-04,-8.803158e-04,-6.484755e-04,-1.460811e-04,5.220920e-04,1.202395e-03,1.841507e-03,2.483214e-03,-2.264034e-05,-2.801202e-04,-5.440668e-04,-7.194352e-04,-7.486143e-04,-7.282704e-04,-7.759721e-04,-8.519798e-04,-9.758860e-04,-1.182695e-03,-1.253505e-03,-1.129894e-03,-9.325951e-04,-8.463550e-04,-8.361096e-04,-7.594291e-04,-6.045594e-04,-5.109575e-04,-5.371530e-04,-6.622977e-04,-7.699363e-04,-8.280486e-04,-8.392084e-04,-8.057619e-04,-7.197742e-04,-6.599734e-04,-6.851761e-04,-7.906127e-04,-8.209952e-04,-5.928735e-04,-1.130182e-04,4.606714e-04,1.027130e-03
-4.203436e-05,-1.390355e-04,-1.031739e-03,3.180785e-03,3.966661e-03,4.707880e-03,5.785018e-03,8.508047e-03,1.375783e-02,2.233265e-02,3.264563e-02,4.177219e-02,3.181780e-02,2.196137e-02,1.325212e-02,7.323115e-03,4.315312e-03,3.919829e-03,4.778389e-03,5.785917e-03,6.414284e-03,6.856887e-03,7.104921e-03,7.164160e-03,7.258944e-03,7.196085e-03,7.055105e-03,6.888591e-03,6.503032e-03,6.132024e-03,5.858762e-03,5.697433e-03,5.651724e-03,5.662120e-03,5.651486e-03,5.628869e-03,-5.588781e-03,-4.122104e-03,-2.655465e-03,-1.189419e-03,2.674012e-04,1.733545e-03,3.246247e-03,4.592062e-03,5.222465e-03,5.093676e-03,4.705738e-03,4.204914e-03,3.584388e-03,2.936718e-03,2.354897e-03,1.846648e-03,1.407649e-03,1.036638e-03,7.293101e-04,4.795947e-04,2.535868e-04,3.759862e-05,-1.421032e-04,-2.371550e-04,-2.406462e-04,-1.775884e-04,-7.224361e-05,6.618284e-05,2.244083e-04,3.989938e-04,5.853743e-04,7.777274e-04,9.689255e-04,5.115655e-04,2.322589e-04,-5.080325e-05,-2.996596e-04,-4.618392e-04,-4.392087e-04,-1.498804e-04,3.674899e-04,1.079435e-03,1.969153e-03,2.502202e-03,2.478837e-03,2.074380e-03,1.546277e-03,1.024958e-03,5.863793e-04,2.718427e-04,6.568731e-05,-3.914676e-05,-6.394368e-05,-5.575223e-05,-3.740200e-05,-1.120082e-05,1.677726e-05,3.983673e-05,7.280584e-05,1.318502e-04,2.157059e-04,3.094992e-04,3.977764e-04,4.803577e-04,5.540580e-04,6.268137e-04,8.877734e-05,3.544595e-05,-1.703846e-05,-7.693347e-05,-1.501079e-04,-2.868524e-04,-5.556060e-04,-8.795611e-04,-1.005224e-03,-8.940073e-04,-7.301181e-04,-5.132971e-04,-1.784836e-04,1.774139e-04,3.772785e-04,4.203666e-04,3.726912e-04,2.664624e-04,1.120642e-04,-9.095344e-05,-2.553108e-04,-3.499827e-04,-4.083075e-04,-5.435015e-04,-7.353694e-04,-8.770525e-04,-8.672260e-04,-6.415839e-04,-1.502661e-04,5.039563e-04,1.171024e-03,1.798018e-03,2.427512e-03,1.166038e-04,-1.624707e-04,-4.480686e-04,-6.484037e-04,-7.227119e-04,-7.577931e-04,-8.497931e-04,-9.743528e-04,-1.149903e-03,-1.410746e-03,-1.480988e-03,-1.292214e-03,-1.000887e-03,-8.437181e-04,-7.945732e-04,-7.112498e-04,-5.769456e-04,-5.102252e-04,-5.608083e-04,-7.047556e-04,-8.262465e-04,-8.943167e-04,-9.113334e-04,-8.802575e-04,-7.939982e-04,-7.300529e-04,-7.472521e-04,-8.420245e-04,-8.634072e-04,-6.335234e-04,-1.582386e-04,4.093868e-04,9.699373e-04
-3.907011e-05,-1.532593e-04,-9.933932e-04,6.821017e-03,6.196679e-03,5.543287e-03,5.060383e-03,5.612141e-03,8.022351e-03,1.345731e-02,2.228234e-02,3.181780e-02,4.074137e-02,3.130071e-02,2.047885e-02,1.063687e-02,4.895764e-03,3.212837e-03,3.771875e-03,4.917575e-03,5.779944e-03,6.409607e-03,6.786749e-03,6.920861e-03,7.033766e-03,6.949721e-03,6.792645e-03,6.638403e-03,6.279570e-03,5.920293e-03,5.639087e-03,5.471531e-03,5.415867e-03,5.400545e-03,5.355060e-03,5.298453e-03,-6.126780e-03,-4.612231e-03,-3.097589e-03,-1.583408e-03,-7.262788e-05,1.434041e-03,2.928374e-03,4.248790e-03,5.054580e-03,5.257529e-03,5.292242e-03,5.166439e-03,4.707753e-03,4.043625e-03,3.395153e-03,2.793529e-03,2.239017e-03,1.737727e-03,1.291102e-03,8.987374e-04,5.356161e-04,1.988335e-04,-7.790024e-05,-2.452725e-04,-2.951735e-04,-2.547948e-04,-1.529360e-04,-5.184702e-06,1.683679e-04,3.610601e-04,5.661154e-04,7.768091e-04,9.864225e-04,-1.375495e-03,-6.469973e-04,7.930434e-05,8.191214e-04,1.595081e-03,2.436208e-03,3.347648e-03,4.254814e-03,5.083438e-03,5.780976e-03,5.802917e-03,4.999255e-03,3.712249e-03,2.447662e-03,1.380836e-03,5.645423e-04,2.002892e-05,-3.224130e-04,-5.013499e-04,-5.494980e-04,-5.255280e-04,-4.618705e-04,-3.701775e-04,-2.657928e-04,-1.650353e-04,-5.937669e-05,6.338062e-05,2.001583e-04,3.383048e-04,4.653171e-04,5.837605e-04,6.920963e-04,7.995705e-04,7.618606e-05,2.982105e-05,-1.577172e-05,-6.845272e-05,-1.352485e-04,-2.585287e-04,-4.912576e-04,-7.689450e-04,-9.005771e-04,-8.364914e-04,-7.453068e-04,-5.913676e-04,-2.681606e-04,1.137896e-04,3.391608e-04,4.037038e-04,3.732661e-04,2.804682e-04,1.371136e-04,-5.556448e-05,-2.127595e-04,-3.050138e-04,-3.645486e-04,-4.998488e-04,-6.910686e-04,-8.342050e-04,-8.307344e-04,-6.178252e-04,-1.468717e-04,4.825266e-04,1.125772e-03,1.730845e-03,2.338262e-03,4.087098e-04,5.890204e-05,-2.974109e-04,-5.693124e-04,-7.248741e-04,-8.428212e-04,-1.007092e-03,-1.198080e-03,-1.420598e-03,-1.687379e-03,-1.706250e-03,-1.409774e-03,-9.927026e-04,-7.622800e-04,-6.913517e-04,-6.229526e-04,-5.295567e-04,-5.034077e-04,-5.842976e-04,-7.477535e-04,-8.818923e-04,-9.584065e-04,-9.802632e-04,-9.511734e-04,-8.646554e-04,-7.960260e-04,-8.032967e-04,-8.842136e-04,-8.943305e-04,-6.637425e-04,-1.974745e-04,3.584685e-04,9.075912e-04
-2.965135e-05,-1.664677e-04,-9.328337e-04,7.985447e-03,6.968461e-03,5.937917e-03,4.913444e-03,4.428762e-03,5.092065e-03,8.089060e-03,1.378555e-02,2.196137e-02,3.130071e-02,3.989670e-02,2.855209e-02,1.649149e-02,7.306364e-03,3.435346e-03,2.961447e-03,3.855038e-03,4.801230e-03,5.616707e-03,6.175324e-03,6.438816e-03,6.619996e-03,6.564445e-03,6.411920e-03,6.255705e-03,5.907122e-03,5.556094e-03,5.276507e-03,5.114533e-03,5.062101e-03,5.043167e-03,4.991917e-03,4.930292e-03,-8.098100e-03,-6.335302e-03,-4.572454e-03,-2.809222e-03,-1.046519e-03,7.133890e-04,2.451625e-03,4.047091e-03,5.297697e-03,6.059536e-03,6.582021e-03,6.732195e-03,6.225693e-03,5.296111e-03,4.380646e-03,3.556253e-03,2.811870e-03,2.151166e-03,1.570064e-03,1.063083e-03,6.085823e-04,2.049205e-04,-1.169795e-04,-3.137463e-04,-3.799711e-04,-3.449052e-04,-2.399351e-04,-8.379459e-05,1.001272e-04,3.038220e-04,5.197225e-04,7.408962e-04,9.610670e-04,-2.153227e-03,-7.884303e-04,5.753091e-04,1.933124e-03,3.275519e-03,4.582331e-03,5.812072e-03,6.857040e-03,7.611017e-03,7.984163e-03,7.524458e-03,6.105655e-03,4.185188e-03,2.502444e-03,1.228755e-03,3.211315e-04,-2.397571e-04,-5.678458e-04,-7.259935e-04,-7.505246e-04,-6.988786e-04,-6.036221e-04,-4.786184e-04,-3.409343e-04,-2.088044e-04,-7.548379e-05,6.979471e-05,2.233657e-04,3.743635e-04,5.124655e-04,6.413304e-04,7.600360e-04,8.779413e-04,8.876101e-05,5.824021e-05,2.845976e-05,-8.360903e-06,-5.982667e-05,-1.658824e-04,-3.747107e-04,-6.355035e-04,-8.055456e-04,-8.268917e-04,-8.146916e-04,-6.996073e-04,-3.479599e-04,1.009404e-04,3.750582e-04,4.656016e-04,4.466389e-04,3.562627e-04,2.115817e-04,1.862705e-05,-1.414421e-04,-2.401459e-04,-3.069721e-04,-4.431171e-04,-6.298261e-04,-7.693266e-04,-7.687714e-04,-5.692647e-04,-1.253054e-04,4.685243e-04,1.076542e-03,1.649073e-03,2.223739e-03,5.898287e-04,1.888426e-04,-2.183715e-04,-5.429025e-04,-7.558275e-04,-9.273216e-04,-1.133512e-03,-1.354756e-03,-1.584832e-03,-1.815539e-03,-1.788108e-03,-1.421449e-03,-9.241729e-04,-6.715110e-04,-6.252044e-04,-5.971839e-04,-5.508490e-04,-5.583958e-04,-6.535123e-04,-8.157552e-04,-9.438249e-04,-1.013895e-03,-1.029550e-03,-9.954357e-04,-9.064689e-04,-8.337281e-04,-8.328047e-04,-9.020221e-04,-9.054819e-04,-6.846950e-04,-2.435087e-04,2.825973e-04,8.022967e-04
-2.528603e-05,-1.694068e-04,-8.855784e-04,7.438297e-03,6.703752e-03,5.963376e-03,5.112786e-03,4.472535e-03,4.378899e-03,5.657559e-03,8.583018e-03,1.325212e-02,2.047885e-02,2.855209e-02,3.526996e-02,2.358669e-02,1.312392e-02,6.345638e-03,3.793905e-03,3.517232e-03,4.013487e-03,4.794752e-03,5.464276e-03,5.858845e-03,6.170618e-03,6.242164e-03,6.151155e-03,5.981006e-03,5.609327e-03,5.256446e-03,4.997625e-03,4.853394e-03,4.816453e-03,4.830633e-03,4.827308e-03,4.813233e-03,-8.043068e-03,-6.357573e-03,-4.672110e-03,-2.985364e-03,-1.298034e-03,3.934224e-04,2.082344e-03,3.690908e-03,5.101341e-03,6.145217e-03,6.857662e-03,7.004094e-03,6.239567e-03,4.914488e-03,3.700092e-03,2.724034e-03,1.936682e-03,1.317117e-03,8.334172e-04,4.536997e-04,1.467986e-04,-1.064716e-04,-2.941992e-04,-3.854692e-04,-3.807756e-04,-3.072320e-04,-1.904847e-04,-4.115128e-05,1.262232e-04,3.081436e-04,5.005793e-04,6.982930e-04,8.949940e-04,-1.474710e-03,-2.980567e-04,8.783361e-04,2.032388e-03,3.134892e-03,4.152493e-03,5.040258e-03,5.701512e-03,6.042334e-03,5.977543e-03,5.240387e-03,3.776435e-03,2.046191e-03,8.330352e-04,1.816971e-04,-1.622185e-04,-2.894330e-04,-3.009613e-04,-2.525590e-04,-1.706277e-04,-8.642689e-05,-1.298490e-05,5.066968e-05,1.031440e-04,1.422088e-04,1.841878e-04,2.455591e-04,3.258706e-04,4.133868e-04,4.961978e-04,5.743870e-04,6.448372e-04,7.144352e-04,5.646511e-05,4.584700e-05,3.593315e-05,1.940494e-05,-1.035901e-05,-9.232133e-05,-2.763682e-04,-5.255820e-04,-7.284422e-04,-8.272116e-04,-8.740354e-04,-7.748524e-04,-3.782807e-04,1.480157e-04,4.698915e-04,5.709218e-04,5.418677e-04,4.310499e-04,2.637152e-04,5.279704e-05,-1.238686e-04,-2.373394e-04,-3.138443e-04,-4.491792e-04,-6.258947e-04,-7.528558e-04,-7.434298e-04,-5.438915e-04,-1.130210e-04,4.589326e-04,1.043584e-03,1.594115e-03,2.146704e-03,6.187871e-04,1.954372e-04,-2.340389e-04,-5.795908e-04,-8.084388e-04,-9.831859e-04,-1.174274e-03,-1.362846e-03,-1.538793e-03,-1.683781e-03,-1.608122e-03,-1.242490e-03,-7.819947e-04,-6.202896e-04,-6.843388e-04,-7.278085e-04,-7.087309e-04,-7.119419e-04,-7.792833e-04,-9.001622e-04,-9.890442e-04,-1.026987e-03,-1.018054e-03,-9.675087e-04,-8.718427e-04,-7.976718e-04,-7.974747e-04,-8.683954e-04,-8.790422e-04,-6.785025e-04,-2.692213e-04,2.207345e-04,7.046048e-04
-3.318804e-05,-1.731818e-04,-8.588795e-04,6.486336e-03,6.231960e-03,5.970913e-03,5.556743e-03,5.159761e-03,4.808331e-03,4.955395e-03,5.692950e-03,7.323115e-03,1.063687e-02,1.649149e-02,2.358669e-02,3.122082e-02,2.198290e-02,1.393706e-02,8.134132e-03,5.293928e-03,4.226198e-03,4.328277e-03,4.717601e-03,5.084140e-03,5.562254e-03,5.906033e-03,5.998667e-03,5.874461e-03,5.500568e-03,5.160151e-03,4.935439e-03,4.780024e-03,4.712973e-03,4.739544e-03,4.783383e-03,4.814375e-03,-3.238604e-03,-2.483407e-03,-1.728252e-03,-9.714953e-04,-2.133791e-04,5.517386e-04,1.327181e-03,2.074096e-03,2.730534e-03,3.179147e-03,3.348240e-03,3.020380e-03,1.902533e-03,3.767114e-04,-7.933213e-04,-1.478373e-03,-1.799869e-03,-1.838815e-03,-1.687177e-03,-1.433843e-03,-1.138757e-03,-8.591211e-04,-6.147173e-04,-3.883784e-04,-1.810134e-04,-4.989882e-06,1.351557e-04,2.539949e-04,3.638217e-04,4.739703e-04,5.906810e-04,7.133183e-04,8.347875e-04,-8.880500e-05,3.328180e-04,7.548376e-04,1.144187e-03,1.472969e-03,1.728937e-03,1.894308e-03,1.921851e-03,1.766673e-03,1.386091e-03,7.037977e-04,-2.529653e-04,-1.090359e-03,-1.145041e-03,-5.916433e-04,2.218292e-05,5.205886e-04,9.175161e-04,1.208115e-03,1.370264e-03,1.413669e-03,1.357513e-03,1.231219e-03,1.062236e-03,8.782472e-04,7.130278e-04,5.937268e-04,5.258171e-04,4.922744e-04,4.741144e-04,4.619421e-04,4.471546e-04,4.313071e-04,-3.402742e-05,-3.690269e-05,-3.913333e-05,-4.704293e-05,-6.504513e-05,-1.286336e-04,-2.861660e-04,-5.069876e-04,-6.938138e-04,-8.001893e-04,-8.384058e-04,-7.170981e-04,-2.949284e-04,2.577527e-04,5.799237e-04,6.508343e-04,5.781099e-04,4.208109e-04,2.117306e-04,-2.986491e-05,-2.298565e-04,-3.578830e-04,-4.375775e-04,-5.623747e-04,-7.168359e-04,-8.164214e-04,-7.807357e-04,-5.618180e-04,-1.239079e-04,4.464852e-04,1.025899e-03,1.570480e-03,2.117235e-03,4.653202e-04,5.666466e-05,-3.583215e-04,-6.854248e-04,-8.860168e-04,-1.017472e-03,-1.145010e-03,-1.252584e-03,-1.334061e-03,-1.375307e-03,-1.260939e-03,-9.533021e-04,-6.264285e-04,-6.455271e-04,-8.837343e-04,-1.013823e-03,-9.881686e-04,-9.479004e-04,-9.586817e-04,-1.015389e-03,-1.047530e-03,-1.039524e-03,-9.953537e-04,-9.208531e-04,-8.146558e-04,-7.394708e-04,-7.454465e-04,-8.280726e-04,-8.560123e-04,-6.814593e-04,-3.044212e-04,1.504853e-04,5.994716e-04
-5.047095e-05,-1.623195e-04,-8.638991e-04,6.363446e-03,6.312632e-03,6.249003e-03,6.074128e-03,5.870010e-03,5.442078e-03,5.020030e-03,4.559978e-03,4.315312e-03,4.895764e-03,7.306364e-03,1.312392e-02,2.198290e-02,3.226809e-02,2.478128e-02,1.704485e-02,1.036294e-02,6.449901e-03,4.821913e-03,4.242363e-03,4.255975e-03,4.858447e-03,5.573507e-03,5.965152e-03,6.001233e-03,5.699179e-03,5.388026e-03,5.156535e-03,4.909600e-03,4.722460e-03,4.673910e-03,4.682002e-03,4.674414e-03,2.600031e-03,2.290363e-03,1.980711e-03,1.672258e-03,1.365545e-03,1.063190e-03,7.657479e-04,4.454756e-04,5.443810e-05,-4.741067e-04,-1.235322e-03,-2.347241e-03,-3.961017e-03,-5.665181e-03,-6.703434e-03,-6.971491e-03,-6.672297e-03,-5.957488e-03,-4.985651e-03,-3.908250e-03,-2.833109e-03,-1.868510e-03,-1.071043e-03,-4.396176e-04,3.254534e-05,3.553997e-04,5.509363e-04,6.628156e-04,7.334166e-04,7.867878e-04,8.418062e-04,9.037407e-04,9.642752e-04,4.774595e-04,3.440319e-04,2.114154e-04,4.697863e-05,-1.572598e-04,-3.733323e-04,-5.825201e-04,-7.824106e-04,-9.684842e-04,-1.138951e-03,-1.258538e-03,-1.290949e-03,-1.022389e-03,-4.683245e-05,1.306667e-03,2.322478e-03,2.830185e-03,3.090547e-03,3.206343e-03,3.139285e-03,2.921181e-03,2.586767e-03,2.182755e-03,1.753059e-03,1.343178e-03,9.939628e-04,7.346352e-04,5.696544e-04,4.725603e-04,4.132774e-04,3.717406e-04,3.331696e-04,2.932754e-04,-1.301034e-04,-1.391937e-04,-1.476648e-04,-1.611550e-04,-1.829363e-04,-2.456029e-04,-3.942204e-04,-5.957560e-04,-7.509140e-04,-8.194895e-04,-7.968595e-04,-6.126239e-04,-1.561443e-04,4.010873e-04,7.003960e-04,7.211500e-04,5.886665e-04,3.725042e-04,1.110316e-04,-1.725933e-04,-4.032948e-04,-5.474805e-04,-6.273709e-04,-7.372110e-04,-8.658644e-04,-9.343153e-04,-8.664144e-04,-6.181088e-04,-1.571751e-04,4.316455e-04,1.024972e-03,1.580987e-03,2.139452e-03,2.635242e-04,-9.142552e-05,-4.532133e-04,-7.231692e-04,-8.591078e-04,-9.203001e-04,-9.714489e-04,-1.001175e-03,-1.014369e-03,-1.013001e-03,-9.351031e-04,-7.616342e-04,-6.202519e-04,-8.035806e-04,-1.151638e-03,-1.285962e-03,-1.166536e-03,-1.029471e-03,-9.740084e-04,-9.825690e-04,-9.831191e-04,-9.551441e-04,-8.997372e-04,-8.212482e-04,-7.185313e-04,-6.526435e-04,-6.726482e-04,-7.727871e-04,-8.192444e-04,-6.617510e-04,-2.995205e-04,1.399595e-04,5.734715e-04
