1.120644e-03,-1.280750e-05,1.064818e-05,-3.618109e-05,-2.161047e-05,-6.389801e-06,3.546633e-06,3.096082e-06,-1.527633e-05,-3.208260e-05,-3.681000e-05,-1.836969e-05,2.659234e-06,2.022163e-05,3.873562e-05,3.280967e-05,8.749800e-06,-2.697662e-05,-4.946582e-05,-5.560996e-05,-4.884395e-05,-4.253887e-05,-3.867433e-05,-2.140688e-05,-6.872238e-06,-1.921985e-06,-4.565415e-06,5.951417e-06,2.983942e-05,4.489492e-05,3.314697e-05,1.143882e-06,-7.357533e-05,-1.612321e-04,-2.464503e-04,-3.284157e-04,-4.279271e-03,-4.263492e-03,-4.247731e-03,-4.231890e-03,-4.216339e-03,-4.199594e-03,-4.183729e-03,-4.169354e-03,-4.151101e-03,-4.137205e-03,-4.127283e-03,-4.120241e-03,-4.119366e-03,-4.127414e-03,-4.142754e-03,-4.161118e-03,-4.182970e-03,-4.204295e-03,-4.223602e-03,-4.238757e-03,-4.247705e-03,-4.247572e-03,-4.241953e-03,-4.227590e-03,-4.210122e-03,-4.190534e-03,-4.169167e-03,-4.149300e-03,-4.135771e-03,-4.125420e-03,-4.116035e-03,-4.108718e-03,-4.100883e-03,-2.970401e-05,-6.222918e-06,1.723791e-05,4.038729e-05,6.160430e-05,8.063983e-05,9.365936e-05,9.844098e-05,9.678048e-05,8.962801e-05,7.779819e-05,6.256647e-05,5.020160e-05,4.241094e-05,3.542192e-05,3.245977e-05,3.180894e-05,3.351268e-05,3.780710e-05,4.383230e-05,5.214379e-05,6.380955e-05,7.444452e-05,8.268000e-05,8.715878e-05,8.563588e-05,7.837309e-05,6.838399e-05,5.680033e-05,5.013237e-05,4.477913e-05,4.132609e-05,3.804890e-05,5.970562e-03,5.713201e-03,5.455710e-03,5.196219e-03,4.943844e-03,4.701799e-03,4.478787e-03,4.284182e-03,4.113941e-03,3.977147e-03,3.869642e-03,3.789711e-03,3.751262e-03,3.770463e-03,3.847099e-03,3.968541e-03,4.122493e-03,4.272052e-03,4.385036e-03,4.451749e-03,4.472427e-03,4.441239e-03,4.371973e-03,4.267423e-03,4.138334e-03,3.983679e-03,3.806656e-03,3.624234e-03,3.455712e-03,3.296567e-03,3.142016e-03,2.997308e-03,2.851437e-03,-4.151705e-04,-4.000886e-04,-3.851461e-04,-3.680466e-04,-3.403465e-04,-2.943804e-04,-2.291905e-04,-1.541671e-04,-8.083666e-05,-1.854063e-05,2.296273e-05,4.044245e-05,4.174074e-05,3.692705e-05,1.964614e-05,-9.047961e-07,-3.030711e-05,-6.609679e-05,-9.718059e-05,-1.142234e-04,-1.063853e-04,-6.957588e-05,-9.572403e-06,5.744641e-05,1.153790e-04,1.468741e-04,1.434614e-04,1.033656e-04,3.398074e-05,-5.009912e-05,-1.526612e-04,-2.613087e-04,-3.690184e-04
-1.280750e-05,1.007712e-03,2.727160e-05,-4.431141e-04,-3.980398e-04,-3.459699e-04,-3.051965e-04,-2.756093e-04,-2.662234e-04,-2.639512e-04,-2.761452e-04,-2.790979e-04,-2.810166e-04,-2.688869e-04,-2.517680e-04,-2.399330e-04,-2.430960e-04,-2.419471e-04,-2.407033e-04,-2.509863e-04,-2.643742e-04,-2.898461e-04,-3.053491e-04,-3.066126e-04,-3.014378e-04,-3.001664e-04,-2.940274e-04,-2.809753e-04,-2.698548e-04,-2.451106e-04,-2.264500e-04,-2.050726e-04,-2.023295e-04,-2.217445e-04,-2.395867e-04,-2.522370e-04,1.071867e-04,1.010869e-04,9.498203e-05,8.885590e-05,8.230015e-05,7.651700e-05,6.903229e-05,5.939345e-05,5.066325e-05,4.430546e-05,3.994424e-05,3.649707e-05,3.670063e-05,3.986463e-05,4.216569e-05,4.512336e-05,4.585936e-05,4.446456e-05,4.301801e-05,4.321308e-05,4.706635e-05,5.620719e-05,6.719213e-05,7.823265e-05,8.650463e-05,8.866960e-05,8.262146e-05,6.847515e-05,4.608797e-05,1.907861e-05,-1.428968e-05,-4.980153e-05,-8.486818e-05,-3.777108e-03,-3.756804e-03,-3.736099e-03,-3.713238e-03,-3.693459e-03,-3.675671e-03,-3.663336e-03,-3.657831e-03,-3.656763e-03,-3.658722e-03,-3.661789e-03,-3.663605e-03,-3.665448e-03,-3.665283e-03,-3.665302e-03,-3.667143e-03,-3.668386e-03,-3.672396e-03,-3.672764e-03,-3.673418e-03,-3.673709e-03,-3.670779e-03,-3.667592e-03,-3.664513e-03,-3.662195e-03,-3.660386e-03,-3.659863e-03,-3.663983e-03,-3.668698e-03,-3.674355e-03,-3.680072e-03,-3.682717e-03,-3.685105e-03,-3.948980e-04,-3.714914e-04,-3.482396e-04,-3.228853e-04,-2.894703e-04,-2.425742e-04,-1.805565e-04,-1.105553e-04,-4.267972e-05,1.325750e-05,4.949789e-05,6.353621e-05,6.051469e-05,4.670347e-05,1.949653e-05,-9.215156e-06,-3.879309e-05,-6.723605e-05,-8.753076e-05,-9.438522e-05,-8.048879e-05,-4.507502e-05,5.334860e-06,5.930218e-05,1.065676e-04,1.332420e-04,1.292708e-04,9.089060e-05,2.217520e-05,-6.360762e-05,-1.637955e-04,-2.672464e-04,-3.701037e-04,3.771238e-03,3.852296e-03,3.932762e-03,4.008791e-03,4.080547e-03,4.129631e-03,4.144442e-03,4.118107e-03,4.038468e-03,3.918415e-03,3.773790e-03,3.620751e-03,3.491294e-03,3.398157e-03,3.353187e-03,3.363949e-03,3.425678e-03,3.541237e-03,3.681528e-03,3.827701e-03,3.956486e-03,4.043515e-03,4.083905e-03,4.059723e-03,3.974805e-03,3.841112e-03,3.668033e-03,3.481215e-03,3.286906e-03,3.100879e-03,2.925553e-03,2.743801e-03,2.562296e-03
1.064818e-05,2.727160e-05,2.320505e-04,-1.961901e-03,-1.959892e-03,-1.956071e-03,-1.933202e-03,-1.930809e-03,-1.924417e-03,-1.923214e-03,-1.939904e-03,-1.919823e-03,-1.893646e-03,-1.843792e-03,-1.749321e-03,-1.665576e-03,-1.610950e-03,-1.601737e-03,-1.641644e-03,-1.723865e-03,-1.831276e-03,-1.895640e-03,-1.936274e-03,-1.964239e-03,-1.952833e-03,-1.953574e-03,-1.928814e-03,-1.898038e-03,-1.846904e-03,-1.754575e-03,-1.675514e-03,-1.619403e-03,-1.580798e-03,-1.557464e-03,-1.539147e-03,-1.518239e-03,9.039835e-06,4.127977e-06,-7.666079e-07,-5.726194e-06,-1.063425e-05,-1.653272e-05,-2.935951e-05,-4.853865e-05,-6.677980e-05,-7.563898e-05,-7.642937e-05,-7.308296e-05,-6.839619e-05,-6.096266e-05,-5.231011e-05,-4.498666e-05,-4.110567e-05,-3.968909e-05,-4.012035e-05,-4.167732e-05,-4.407446e-05,-4.358684e-05,-3.683357e-05,-2.915587e-05,-3.019323e-05,-3.996194e-05,-5.351811e-05,-6.804821e-05,-8.105722e-05,-9.365052e-05,-1.071848e-04,-1.220114e-04,-1.365644e-04,-1.071711e-04,-1.116730e-04,-1.163958e-04,-1.162218e-04,-1.090269e-04,-9.864382e-05,-9.291659e-05,-9.274707e-05,-9.640040e-05,-1.027103e-04,-1.105731e-04,-1.162219e-04,-1.173016e-04,-1.156471e-04,-1.124342e-04,-1.081667e-04,-1.011146e-04,-9.028325e-05,-8.073520e-05,-7.869277e-05,-8.274792e-05,-8.713110e-05,-8.704606e-05,-8.386709e-05,-7.808266e-05,-7.058999e-05,-6.609288e-05,-6.799528e-05,-7.455564e-05,-8.412972e-05,-9.473989e-05,-1.050799e-04,-1.152150e-04,4.401253e-05,4.898162e-05,5.393656e-05,5.907953e-05,6.450384e-05,7.091588e-05,8.369577e-05,1.022866e-04,1.208817e-04,1.308400e-04,1.309947e-04,1.231963e-04,1.065646e-04,7.655364e-05,3.884194e-05,8.843003e-06,-4.347845e-06,-3.258531e-06,8.631829e-06,2.839886e-05,5.449574e-05,8.074674e-05,1.010780e-04,1.160160e-04,1.298942e-04,1.376185e-04,1.284625e-04,9.476086e-05,3.116865e-05,-5.612869e-05,-1.521451e-04,-2.475091e-04,-3.428956e-04,1.050729e-04,1.288490e-04,1.532953e-04,1.706321e-04,1.775930e-04,1.762207e-04,1.742864e-04,1.722635e-04,1.694473e-04,1.661310e-04,1.632540e-04,1.569400e-04,1.453482e-04,1.334049e-04,1.332689e-04,1.465030e-04,1.600419e-04,1.666736e-04,1.697700e-04,1.775914e-04,1.890252e-04,1.982006e-04,2.005494e-04,1.971501e-04,1.884696e-04,1.750432e-04,1.635849e-04,1.577767e-04,1.511189e-04,1.306791e-04,9.337350e-05,4.978660e-05,6.780952e-06
-3.618109e-05,-4.431141e-04,-1.961901e-03,1.517378e-01,8.877895e-02,4.047542e-02,1.456502e-02,5.692738e-03,5.351514e-03,8.230435e-03,1.230687e-02,1.520185e-02,1.653954e-02,1.685253e-02,1.623846e-02,1.513645e-02,1.392142e-02,1.333626e-02,1.359152e-02,1.438265e-02,1.541481e-02,1.606147e-02,1.643537e-02,1.664523e-02,1.651477e-02,1.651311e-02,1.630488e-02,1.605355e-02,1.564502e-02,1.487829e-02,1.420375e-02,1.370925e-02,1.335799e-02,1.313087e-02,1.294174e-02,1.273014e-02,4.134369e-03,4.090610e-03,4.047559e-03,3.998563e-03,3.914474e-03,3.763019e-03,3.445647e-03,3.022405e-03,2.564817e-03,2.135694e-03,1.710375e-03,1.322035e-03,9.992202e-04,7.303160e-04,5.033561e-04,3.376355e-04,2.372967e-04,1.833897e-04,1.641809e-04,1.662617e-04,1.799138e-04,1.685989e-04,1.026594e-04,2.983481e-05,3.297278e-05,1.151715e-04,2.353025e-04,3.684291e-04,4.914675e-04,6.120202e-04,7.416588e-04,8.824128e-04,1.020809e-03,-2.894338e-02,-2.230605e-02,-1.559545e-02,-9.678548e-03,-4.967558e-03,-1.289479e-03,1.327742e-03,3.043125e-03,4.016461e-03,4.405815e-03,4.375036e-03,4.039735e-03,3.526038e-03,2.964868e-03,2.453245e-03,2.043421e-03,1.713500e-03,1.447869e-03,1.264553e-03,1.195039e-03,1.213144e-03,1.257777e-03,1.280109e-03,1.287102e-03,1.277736e-03,1.254371e-03,1.253897e-03,1.303983e-03,1.389727e-03,1.498685e-03,1.615103e-03,1.728130e-03,1.839417e-03,-5.770561e-04,-5.774364e-04,-5.781464e-04,-5.814002e-04,-5.872668e-04,-6.059651e-04,-6.662772e-04,-7.694882e-04,-8.801497e-04,-9.368175e-04,-9.203559e-04,-8.433694e-04,-6.973429e-04,-4.423893e-04,-1.208384e-04,1.353709e-04,2.510734e-04,2.466458e-04,1.488166e-04,-1.894243e-05,-2.447611e-04,-4.768803e-04,-6.623375e-04,-8.036915e-04,-9.352892e-04,-1.011829e-03,-9.408220e-04,-6.560702e-04,-1.123489e-04,6.352784e-04,1.459692e-03,2.279753e-03,3.099824e-03,-8.571523e-04,-1.492455e-03,-2.145213e-03,-2.625698e-03,-2.870774e-03,-2.945315e-03,-2.914114e-03,-2.810165e-03,-2.656185e-03,-2.477696e-03,-2.301728e-03,-2.109773e-03,-1.901191e-03,-1.724211e-03,-1.684848e-03,-1.794491e-03,-1.934023e-03,-2.037609e-03,-2.120786e-03,-2.244428e-03,-2.391437e-03,-2.505147e-03,-2.545739e-03,-2.519680e-03,-2.432858e-03,-2.293509e-03,-2.161279e-03,-2.073360e-03,-1.976735e-03,-1.765623e-03,-1.415122e-03,-1.010498e-03,-6.107901e-04
-2.161047e-05,-3.980398e-04,-1.959892e-03,8.877895e-02,6.523354e-02,3.827131e-02,2.193374e-02,1.403845e-02,1.149659e-02,1.183445e-02,1.367035e-02,1.512147e-02,1.588818e-02,1.609658e-02,1.556760e-02,1.469592e-02,1.380047e-02,1.341461e-02,1.368705e-02,1.443016e-02,1.541774e-02,1.603532e-02,1.640190e-02,1.662264e-02,1.650456e-02,1.650388e-02,1.629213e-02,1.603677e-02,1.562128e-02,1.485125e-02,1.417996e-02,1.369293e-02,1.334973e-02,1.313177e-02,1.295275e-02,1.275147e-02,3.022015e-03,2.866151e-03,2.710693e-03,2.551209e-03,2.362514e-03,2.130587e-03,1.882920e-03,1.648230e-03,1.431137e-03,1.230340e-03,1.019357e-03,8.169422e-04,6.431502e-04,4.853297e-04,3.402148e-04,2.296531e-04,1.649959e-04,1.327498e-04,1.242973e-04,1.297811e-04,1.430047e-04,1.301840e-04,6.297991e-05,-1.092833e-05,-8.955905e-06,7.106260e-05,1.877920e-04,3.164830e-04,4.344675e-04,5.498068e-04,6.740258e-04,8.092617e-04,9.421637e-04,-1.649756e-02,-1.218454e-02,-7.815024e-03,-4.054657e-03,-1.216415e-03,8.567683e-04,2.261840e-03,3.120768e-03,3.535457e-03,3.611567e-03,3.457589e-03,3.143128e-03,2.741882e-03,2.334574e-03,1.977463e-03,1.697151e-03,1.468128e-03,1.272265e-03,1.133913e-03,1.090638e-03,1.121336e-03,1.169292e-03,1.188600e-03,1.187816e-03,1.167703e-03,1.132377e-03,1.119812e-03,1.158391e-03,1.233373e-03,1.332182e-03,1.438764e-03,1.542235e-03,1.643974e-03,-4.419295e-04,-4.449085e-04,-4.481133e-04,-4.533732e-04,-4.596787e-04,-4.762117e-04,-5.467657e-04,-6.689818e-04,-8.002200e-04,-8.726393e-04,-8.687213e-04,-8.006166e-04,-6.593082e-04,-4.050805e-04,-8.212712e-05,1.774342e-04,2.972867e-04,2.968506e-04,2.025782e-04,3.786823e-05,-1.852406e-04,-4.151187e-04,-5.988792e-04,-7.393560e-04,-8.710392e-04,-9.490567e-04,-8.812425e-04,-6.013258e-04,-6.367378e-05,6.771802e-04,1.494212e-03,2.306882e-03,3.119571e-03,-1.087063e-03,-1.588052e-03,-2.103829e-03,-2.473490e-03,-2.639842e-03,-2.655366e-03,-2.599570e-03,-2.498326e-03,-2.365115e-03,-2.218599e-03,-2.080037e-03,-1.926737e-03,-1.752700e-03,-1.602214e-03,-1.579040e-03,-1.693977e-03,-1.830442e-03,-1.923944e-03,-1.993370e-03,-2.101937e-03,-2.234536e-03,-2.336444e-03,-2.368499e-03,-2.338156e-03,-2.251261e-03,-2.115627e-03,-1.990359e-03,-1.911286e-03,-1.824743e-03,-1.623854e-03,-1.283503e-03,-8.894441e-04,-5.002732e-04
-6.389801e-06,-3.459699e-04,-1.956071e-03,4.047542e-02,3.827131e-02,3.734469e-02,2.917699e-02,2.251342e-02,1.761607e-02,1.541391e-02,1.499563e-02,1.500261e-02,1.520357e-02,1.531877e-02,1.488536e-02,1.424955e-02,1.367340e-02,1.348189e-02,1.376578e-02,1.445833e-02,1.540193e-02,1.599222e-02,1.635249e-02,1.658456e-02,1.647913e-02,1.647933e-02,1.626397e-02,1.600471e-02,1.558264e-02,1.481012e-02,1.414280e-02,1.366389e-02,1.332914e-02,1.312038e-02,1.295143e-02,1.276051e-02,1.665875e-03,1.426075e-03,1.186372e-03,9.446183e-04,6.797417e-04,3.958333e-04,2.458737e-04,2.245704e-04,2.679973e-04,3.106838e-04,3.244641e-04,3.142031e-04,2.924136e-04,2.465838e-04,1.829759e-04,1.266359e-04,9.665387e-05,8.505200e-05,8.635642e-05,9.429294e-05,1.062180e-04,9.116103e-05,2.213231e-05,-5.326164e-05,-5.278186e-05,2.476380e-05,1.378250e-04,2.618265e-04,3.744940e-04,4.843455e-04,6.028250e-04,7.321954e-04,8.592614e-04,-3.648295e-03,-1.708051e-03,2.716952e-04,1.824468e-03,2.739243e-03,3.159838e-03,3.310240e-03,3.275739e-03,3.100374e-03,2.837493e-03,2.540336e-03,2.232270e-03,1.933914e-03,1.674839e-03,1.469444e-03,1.317822e-03,1.190103e-03,1.064985e-03,9.728062e-04,9.568401e-04,1.001057e-03,1.053156e-03,1.070158e-03,1.062208e-03,1.031845e-03,9.849430e-04,9.605324e-04,9.876841e-04,1.051886e-03,1.140461e-03,1.237096e-03,1.330917e-03,1.423015e-03,-3.098980e-04,-3.147030e-04,-3.196355e-04,-3.262698e-04,-3.325608e-04,-3.466538e-04,-4.272975e-04,-5.682398e-04,-7.195778e-04,-8.071943e-04,-8.152592e-04,-7.555345e-04,-6.185494e-04,-3.648371e-04,-4.048265e-05,2.223804e-04,3.463292e-04,3.498347e-04,2.591116e-04,9.752061e-05,-1.226724e-04,-3.499934e-04,-5.317029e-04,-6.709802e-04,-8.024899e-04,-8.819174e-04,-8.175590e-04,-5.431398e-04,-1.261723e-05,7.201339e-04,1.528303e-03,2.332089e-03,3.135909e-03,-1.319623e-03,-1.680655e-03,-2.053774e-03,-2.306786e-03,-2.388964e-03,-2.340956e-03,-2.257276e-03,-2.156673e-03,-2.043348e-03,-1.928890e-03,-1.828581e-03,-1.715318e-03,-1.577390e-03,-1.454849e-03,-1.448906e-03,-1.569625e-03,-1.703026e-03,-1.785965e-03,-1.840865e-03,-1.933361e-03,-2.050538e-03,-2.139861e-03,-2.162922e-03,-2.128303e-03,-2.041803e-03,-1.910742e-03,-1.793580e-03,-1.724586e-03,-1.649442e-03,-1.460149e-03,-1.131382e-03,-7.494116e-04,-3.722964e-04
3.546633e-06,-3.051965e-04,-1.933202e-03,1.456502e-02,2.193374e-02,2.917699e-02,3.553307e-02,2.971918e-02,2.351392e-02,1.894692e-02,1.638347e-02,1.496640e-02,1.455452e-02,1.448750e-02,1.407509e-02,1.362879e-02,1.335915e-02,1.339065e-02,1.372834e-02,1.438457e-02,1.526839e-02,1.580949e-02,1.614943e-02,1.638415e-02,1.628973e-02,1.629131e-02,1.607665e-02,1.581766e-02,1.539440e-02,1.462740e-02,1.397003e-02,1.350224e-02,1.317762e-02,1.297925e-02,1.282145e-02,1.264204e-02,2.481375e-03,1.907675e-03,1.333747e-03,7.597374e-04,1.686416e-04,-4.159627e-04,-7.141683e-04,-7.412292e-04,-6.140741e-04,-4.615119e-04,-3.159585e-04,-1.915391e-04,-9.071556e-05,-3.471440e-05,-1.559793e-05,-1.076265e-05,1.423886e-06,1.789512e-05,3.619832e-05,5.344960e-05,7.032664e-05,5.871397e-05,-6.924207e-06,-7.965507e-05,-7.831407e-05,-2.411953e-06,1.069537e-04,2.258410e-04,3.328040e-04,4.367675e-04,5.490846e-04,6.721140e-04,7.928798e-04,4.193298e-03,4.492069e-03,4.815044e-03,4.862491e-03,4.493987e-03,3.826442e-03,3.194630e-03,2.651196e-03,2.190111e-03,1.819353e-03,1.543942e-03,1.349943e-03,1.216410e-03,1.133851e-03,1.086686e-03,1.057367e-03,1.018168e-03,9.500249e-04,8.909061e-04,8.911071e-04,9.395226e-04,9.884371e-04,9.979983e-04,9.795804e-04,9.372204e-04,8.782250e-04,8.420504e-04,8.579567e-04,9.115694e-04,9.900627e-04,1.076911e-03,1.161257e-03,1.243901e-03,-2.615362e-04,-2.567954e-04,-2.521271e-04,-2.487839e-04,-2.434226e-04,-2.433584e-04,-3.217976e-04,-4.711515e-04,-6.360243e-04,-7.362804e-04,-7.572307e-04,-7.092700e-04,-5.818433e-04,-3.353348e-04,-1.652333e-05,2.439278e-04,3.685771e-04,3.747163e-04,2.878595e-04,1.308748e-04,-8.413123e-05,-3.064649e-04,-4.840993e-04,-6.204211e-04,-7.498607e-04,-8.289310e-04,-7.671961e-04,-4.990711e-04,2.128620e-05,7.410427e-04,1.534868e-03,2.324322e-03,3.113822e-03,-1.453335e-03,-1.711908e-03,-1.979999e-03,-2.151009e-03,-2.177606e-03,-2.087601e-03,-1.988659e-03,-1.893679e-03,-1.799418e-03,-1.711967e-03,-1.641736e-03,-1.558857e-03,-1.447662e-03,-1.344856e-03,-1.348989e-03,-1.469710e-03,-1.596661e-03,-1.668658e-03,-1.710644e-03,-1.789494e-03,-1.893862e-03,-1.973186e-03,-1.989862e-03,-1.953027e-03,-1.868290e-03,-1.742486e-03,-1.632962e-03,-1.572501e-03,-1.506862e-03,-1.328359e-03,-1.011782e-03,-6.429058e-04,-2.788116e-04
3.096082e-06,-2.756093e-04,-1.930809e-03,5.692738e-03,1.403845e-02,2.251342e-02,2.971918e-02,3.465906e-02,2.880592e-02,2.353191e-02,1.895561e-02,1.597687e-02,1.465551e-02,1.410836e-02,1.352237e-02,1.316752e-02,1.314705e-02,1.338814e-02,1.381303e-02,1.446952e-02,1.530910e-02,1.579982e-02,1.611788e-02,1.635456e-02,1.626915e-02,1.627344e-02,1.605981e-02,1.579953e-02,1.537098e-02,1.460101e-02,1.394523e-02,1.348173e-02,1.316282e-02,1.297257e-02,1.282437e-02,1.265463e-02,2.493612e-03,1.756015e-03,1.017963e-03,2.812804e-04,-4.669891e-04,-1.189998e-03,-1.529522e-03,-1.495621e-03,-1.250903e-03,-9.959774e-04,-7.511681e-04,-5.336487e-04,-3.498748e-04,-2.241043e-04,-1.455787e-04,-9.554813e-05,-5.214865e-05,-1.509250e-05,1.577400e-05,4.032831e-05,6.202688e-05,5.466203e-05,-6.702474e-06,-7.584379e-05,-7.203800e-05,4.567139e-06,1.129304e-04,2.295370e-04,3.335749e-04,4.344047e-04,5.434500e-04,6.631884e-04,7.806706e-04,6.293357e-03,5.737026e-03,5.191947e-03,4.501492e-03,3.580063e-03,2.504972e-03,1.664171e-03,1.078843e-03,7.032936e-04,5.082140e-04,4.596064e-04,5.127535e-04,6.171752e-04,7.413765e-04,8.545535e-04,9.344215e-04,9.633518e-04,9.313194e-04,8.866429e-04,8.886104e-04,9.306146e-04,9.685764e-04,9.649910e-04,9.322144e-04,8.754540e-04,8.031545e-04,7.552579e-04,7.611423e-04,8.061732e-04,8.770248e-04,9.567020e-04,1.034167e-03,1.109927e-03,-2.274199e-04,-2.208076e-04,-2.142030e-04,-2.086654e-04,-2.002183e-04,-1.953713e-04,-2.765800e-04,-4.370247e-04,-6.161479e-04,-7.257968e-04,-7.539972e-04,-7.114736e-04,-5.876944e-04,-3.431884e-04,-2.577317e-05,2.344092e-04,3.596854e-04,3.669464e-04,2.816070e-04,1.264150e-04,-8.656789e-05,-3.067947e-04,-4.824356e-04,-6.170176e-04,-7.451066e-04,-8.235022e-04,-7.620728e-04,-4.953947e-04,2.241939e-05,7.389513e-04,1.529053e-03,2.314682e-03,3.100377e-03,-1.490746e-03,-1.683255e-03,-1.883126e-03,-2.005477e-03,-2.006180e-03,-1.901082e-03,-1.804092e-03,-1.722924e-03,-1.648775e-03,-1.583976e-03,-1.535728e-03,-1.472164e-03,-1.375199e-03,-1.280446e-03,-1.285871e-03,-1.401619e-03,-1.519776e-03,-1.580569e-03,-1.611080e-03,-1.679592e-03,-1.775567e-03,-1.849224e-03,-1.862985e-03,-1.826152e-03,-1.743992e-03,-1.622844e-03,-1.519555e-03,-1.466004e-03,-1.407651e-03,-1.236349e-03,-9.267866e-04,-5.651670e-04,-2.083176e-04
-1.527633e-05,-2.662234e-04,-1.924417e-03,5.351514e-03,1.149659e-02,1.761607e-02,2.351392e-02,2.880592e-02,3.416832e-02,2.922445e-02,2.343242e-02,1.841583e-02,1.568295e-02,1.418910e-02,1.319232e-02,1.281916e-02,1.294109e-02,1.329087e-02,1.376950e-02,1.444733e-02,1.527470e-02,1.574074e-02,1.604957e-02,1.629198e-02,1.621631e-02,1.622371e-02,1.601169e-02,1.574981e-02,1.531631e-02,1.454399e-02,1.388932e-02,1.342979e-02,1.311786e-02,1.293705e-02,1.279927e-02,1.263991e-02,-2.528160e-03,-2.703928e-03,-2.880245e-03,-3.054450e-03,-3.235884e-03,-3.383747e-03,-3.150393e-03,-2.554651e-03,-1.822832e-03,-1.249695e-03,-8.109413e-04,-4.876780e-04,-2.545522e-04,-1.096282e-04,-2.362438e-05,2.495688e-05,6.227458e-05,8.991173e-05,1.098474e-04,1.236722e-04,1.366540e-04,1.235516e-04,5.944732e-05,-1.072676e-05,-7.184621e-06,6.913379e-05,1.769913e-04,2.929670e-04,3.964841e-04,4.968979e-04,6.055574e-04,7.249263e-04,8.420369e-04,5.817756e-03,4.877143e-03,3.939515e-03,2.942390e-03,1.848374e-03,7.226394e-04,-5.767251e-05,-4.953188e-04,-6.603070e-04,-6.061529e-04,-3.904887e-04,-8.547853e-05,2.365029e-04,5.351438e-04,7.719583e-04,9.284422e-04,9.992285e-04,9.852489e-04,9.435718e-04,9.402262e-04,9.721930e-04,9.981066e-04,9.822390e-04,9.374483e-04,8.696128e-04,7.878142e-04,7.320531e-04,7.314550e-04,7.710721e-04,8.370901e-04,9.122593e-04,9.853792e-04,1.056788e-03,-1.852404e-04,-1.949258e-04,-2.045376e-04,-2.154559e-04,-2.250816e-04,-2.407558e-04,-3.442293e-04,-5.288065e-04,-7.268961e-04,-8.395923e-04,-8.611830e-04,-8.069600e-04,-6.704292e-04,-4.155227e-04,-9.176833e-05,1.717945e-04,2.981634e-04,3.052810e-04,2.194532e-04,6.384560e-05,-1.493024e-04,-3.692792e-04,-5.444673e-04,-6.782194e-04,-8.050646e-04,-8.819104e-04,-8.190143e-04,-5.515084e-04,-3.399881e-05,6.813846e-04,1.469947e-03,2.253875e-03,3.037891e-03,-1.498466e-03,-1.650904e-03,-1.809283e-03,-1.903400e-03,-1.894502e-03,-1.794110e-03,-1.712133e-03,-1.650931e-03,-1.597041e-03,-1.550607e-03,-1.517827e-03,-1.465391e-03,-1.374422e-03,-1.281040e-03,-1.282797e-03,-1.391103e-03,-1.500280e-03,-1.552114e-03,-1.574864e-03,-1.637308e-03,-1.729203e-03,-1.801017e-03,-1.814986e-03,-1.779890e-03,-1.700459e-03,-1.582488e-03,-1.482287e-03,-1.431292e-03,-1.375118e-03,-1.206043e-03,-8.987558e-04,-5.395406e-04,-1.850932e-04
-3.208260e-05,-2.639512e-04,-1.923214e-03,8.230435e-03,1.183445e-02,1.541391e-02,1.894692e-02,2.353191e-02,2.922445e-02,3.461832e-02,2.854705e-02,2.266533e-02,1.827114e-02,1.540432e-02,1.362021e-02,1.291672e-02,1.288285e-02,1.315357e-02,1.363867e-02,1.436349e-02,1.523116e-02,1.572090e-02,1.603941e-02,1.628161e-02,1.620339e-02,1.621171e-02,1.600295e-02,1.574191e-02,1.530788e-02,1.453478e-02,1.387839e-02,1.341724e-02,1.310466e-02,1.292343e-02,1.278546e-02,1.262588e-02,-5.559733e-03,-5.246302e-03,-4.933387e-03,-4.618349e-03,-4.307660e-03,-3.964410e-03,-3.313515e-03,-2.341535e-03,-1.312140e-03,-6.155260e-04,-1.845255e-04,5.565149e-05,1.788033e-04,2.183511e-04,2.184971e-04,2.001122e-04,1.883187e-04,1.808705e-04,1.775585e-04,1.774694e-04,1.834361e-04,1.679512e-04,1.042109e-04,3.579889e-05,4.169780e-05,1.207675e-04,2.316004e-04,3.506869e-04,4.573495e-04,5.608520e-04,6.725515e-04,7.949857e-04,9.151557e-04,4.432691e-03,3.613606e-03,2.794031e-03,1.951145e-03,1.064576e-03,1.788003e-04,-4.101141e-04,-7.031115e-04,-7.582762e-04,-6.204986e-04,-3.338816e-04,1.470988e-05,3.479489e-04,6.385136e-04,8.531500e-04,9.830009e-04,1.028800e-03,9.960170e-04,9.413682e-04,9.294323e-04,9.560058e-04,9.786909e-04,9.611371e-04,9.159960e-04,8.488811e-04,7.686329e-04,7.149794e-04,7.166645e-04,7.586663e-04,8.270608e-04,9.046599e-04,9.802302e-04,1.054086e-03,-1.347760e-04,-1.672921e-04,-1.996755e-04,-2.337273e-04,-2.685034e-04,-3.119712e-04,-4.373194e-04,-6.429154e-04,-8.568883e-04,-9.683239e-04,-9.766495e-04,-9.036807e-04,-7.488060e-04,-4.798790e-04,-1.476673e-04,1.198617e-04,2.467536e-04,2.524220e-04,1.643001e-04,6.256261e-06,-2.090142e-04,-4.303542e-04,-6.061472e-04,-7.396649e-04,-8.655439e-04,-9.407838e-04,-8.758268e-04,-6.061759e-04,-8.680473e-05,6.302287e-04,1.420339e-03,2.205672e-03,2.991110e-03,-1.378817e-03,-1.540202e-03,-1.706883e-03,-1.815413e-03,-1.830627e-03,-1.761918e-03,-1.705471e-03,-1.661598e-03,-1.616884e-03,-1.573458e-03,-1.540833e-03,-1.484837e-03,-1.387260e-03,-1.286636e-03,-1.280996e-03,-1.382938e-03,-1.487279e-03,-1.536141e-03,-1.557550e-03,-1.619866e-03,-1.712620e-03,-1.786030e-03,-1.802051e-03,-1.769156e-03,-1.691771e-03,-1.575391e-03,-1.476148e-03,-1.425396e-03,-1.368929e-03,-1.199336e-03,-8.913026e-04,-5.312963e-04,-1.760685e-04
-3.681000e-05,-2.761452e-04,-1.939904e-03,1.230687e-02,1.367035e-02,1.499563e-02,1.638347e-02,1.895561e-02,2.343242e-02,2.854705e-02,3.322328e-02,2.801887e-02,2.308938e-02,1.842411e-02,1.533501e-02,1.377193e-02,1.314712e-02,1.308139e-02,1.350992e-02,1.431142e-02,1.527504e-02,1.583512e-02,1.618513e-02,1.642617e-02,1.633566e-02,1.634565e-02,1.614376e-02,1.588482e-02,1.544991e-02,1.467052e-02,1.400401e-02,1.353163e-02,1.320784e-02,1.301551e-02,1.286708e-02,1.269678e-02,-5.341754e-03,-4.710299e-03,-4.079226e-03,-3.446533e-03,-2.815767e-03,-2.161156e-03,-1.319425e-03,-2.728341e-04,7.023043e-04,1.186230e-03,1.290850e-03,1.177604e-03,9.795621e-04,7.514758e-04,5.453907e-04,3.765144e-04,2.611686e-04,1.867366e-04,1.459379e-04,1.301925e-04,1.347257e-04,1.254848e-04,7.069723e-05,1.189303e-05,2.737881e-05,1.162528e-04,2.367979e-04,3.652975e-04,4.807913e-04,5.926703e-04,7.126465e-04,8.434849e-04,9.720322e-04,2.690130e-03,2.177153e-03,1.663143e-03,1.135141e-03,5.875411e-04,6.293059e-05,-2.462184e-04,-3.394461e-04,-2.587146e-04,-3.830356e-05,2.974524e-04,6.299398e-04,8.761805e-04,1.045937e-03,1.134702e-03,1.157159e-03,1.120562e-03,1.034242e-03,9.487833e-04,9.215161e-04,9.428135e-04,9.657825e-04,9.513046e-04,9.115193e-04,8.512303e-04,7.785433e-04,7.329816e-04,7.429869e-04,7.934051e-04,8.703436e-04,9.566104e-04,1.040831e-03,1.123320e-03,-7.370311e-06,-7.548307e-05,-1.434212e-04,-2.134557e-04,-2.865270e-04,-3.710790e-04,-5.272809e-04,-7.543215e-04,-9.778074e-04,-1.081173e-03,-1.067796e-03,-9.689776e-04,-7.908051e-04,-5.035213e-04,-1.587448e-04,1.155410e-04,2.442675e-04,2.484676e-04,1.566806e-04,-6.254509e-06,-2.268969e-04,-4.531164e-04,-6.325573e-04,-7.683950e-04,-8.955840e-04,-9.708666e-04,-9.040219e-04,-6.301676e-04,-1.040958e-04,6.215214e-04,1.420984e-03,2.215617e-03,3.010355e-03,-1.290088e-03,-1.469908e-03,-1.654913e-03,-1.783266e-03,-1.824166e-03,-1.789283e-03,-1.758795e-03,-1.731763e-03,-1.695732e-03,-1.654718e-03,-1.621905e-03,-1.558925e-03,-1.447950e-03,-1.332658e-03,-1.315193e-03,-1.410673e-03,-1.513043e-03,-1.563899e-03,-1.589820e-03,-1.658154e-03,-1.757266e-03,-1.835999e-03,-1.855626e-03,-1.824537e-03,-1.747262e-03,-1.629475e-03,-1.527968e-03,-1.474708e-03,-1.415265e-03,-1.241651e-03,-9.284239e-04,-5.626915e-04,-2.017851e-04
-1.836969e-05,-2.790979e-04,-1.919823e-03,1.520185e-02,1.512147e-02,1.500261e-02,1.496640e-02,1.597687e-02,1.841583e-02,2.266533e-02,2.801887e-02,3.393201e-02,2.905981e-02,2.314456e-02,1.815277e-02,1.509870e-02,1.335199e-02,1.265369e-02,1.293473e-02,1.383314e-02,1.493859e-02,1.561119e-02,1.601453e-02,1.626405e-02,1.616810e-02,1.617810e-02,1.598175e-02,1.572738e-02,1.530127e-02,1.453153e-02,1.386590e-02,1.338944e-02,1.305909e-02,1.285645e-02,1.269639e-02,1.251478e-02,-3.595835e-03,-2.808947e-03,-2.022299e-03,-1.234600e-03,-4.470369e-04,3.545252e-04,1.241161e-03,2.200676e-03,2.959013e-03,3.131219e-03,2.844764e-03,2.354907e-03,1.841273e-03,1.348898e-03,9.319159e-04,6.039998e-04,3.727749e-04,2.152025e-04,1.184666e-04,6.759250e-05,5.156438e-05,3.136577e-05,-2.835324e-05,-8.797820e-05,-7.115822e-05,2.133976e-05,1.476877e-04,2.835673e-04,4.070601e-04,5.269576e-04,6.548055e-04,7.933412e-04,9.296221e-04,1.207970e-03,9.380146e-04,6.675390e-04,3.840501e-04,1.007592e-04,-1.234079e-04,-1.665968e-04,-3.347386e-05,2.368751e-04,6.079189e-04,1.065788e-03,1.426814e-03,1.581702e-03,1.588879e-03,1.497855e-03,1.361735e-03,1.200538e-03,1.032254e-03,8.983936e-04,8.443640e-04,8.543728e-04,8.766598e-04,8.686506e-04,8.405965e-04,7.952201e-04,7.385587e-04,7.085063e-04,7.322214e-04,7.948118e-04,8.829819e-04,9.800949e-04,1.075085e-03,1.168370e-03,2.059517e-04,1.008743e-04,-4.011477e-06,-1.112694e-04,-2.230878e-04,-3.479159e-04,-5.342556e-04,-7.772115e-04,-1.002635e-03,-1.097639e-03,-1.065204e-03,-9.464460e-04,-7.527143e-04,-4.538802e-04,-1.014434e-04,1.778174e-04,3.105480e-04,3.180972e-04,2.286546e-04,6.720526e-05,-1.524173e-04,-3.782823e-04,-5.580835e-04,-6.948831e-04,-8.231167e-04,-9.001156e-04,-8.365803e-04,-5.680386e-04,-4.943286e-05,6.669641e-04,1.456632e-03,2.241705e-03,3.026860e-03,-1.232638e-03,-1.409861e-03,-1.592268e-03,-1.718951e-03,-1.764203e-03,-1.744321e-03,-1.728326e-03,-1.714930e-03,-1.692427e-03,-1.664171e-03,-1.644609e-03,-1.586117e-03,-1.468163e-03,-1.339494e-03,-1.307995e-03,-1.392706e-03,-1.489576e-03,-1.541287e-03,-1.571930e-03,-1.645829e-03,-1.750086e-03,-1.832947e-03,-1.855722e-03,-1.826883e-03,-1.751207e-03,-1.634685e-03,-1.533845e-03,-1.480622e-03,-1.421296e-03,-1.249037e-03,-9.388852e-04,-5.768131e-04,-2.195049e-04
2.659234e-06,-2.810166e-04,-1.893646e-03,1.653954e-02,1.588818e-02,1.520357e-02,1.455452e-02,1.465551e-02,1.568295e-02,1.827114e-02,2.308938e-02,2.905981e-02,3.427682e-02,2.808059e-02,2.215989e-02,1.716882e-02,1.383407e-02,1.214517e-02,1.211047e-02,1.309505e-02,1.440769e-02,1.526604e-02,1.576684e-02,1.606046e-02,1.598073e-02,1.598322e-02,1.576890e-02,1.550829e-02,1.509390e-02,1.433968e-02,1.367860e-02,1.320430e-02,1.287732e-02,1.267097e-02,1.250140e-02,1.231105e-02,-2.933644e-03,-2.151145e-03,-1.368811e-03,-5.857615e-04,1.976873e-04,9.900824e-04,1.823425e-03,2.676273e-03,3.331476e-03,3.495211e-03,3.220118e-03,2.782726e-03,2.344772e-03,1.883752e-03,1.450537e-03,1.083835e-03,8.009297e-04,5.786981e-04,4.095200e-04,2.826576e-04,1.918578e-04,1.021390e-04,-1.767338e-05,-1.246313e-04,-1.421187e-04,-7.114740e-05,4.478657e-05,1.785180e-04,3.044319e-04,4.287239e-04,5.614565e-04,7.045007e-04,8.453616e-04,4.325919e-04,4.249488e-04,4.175346e-04,3.912444e-04,3.587635e-04,3.777319e-04,5.296070e-04,8.105511e-04,1.189410e-03,1.632444e-03,2.141857e-03,2.469052e-03,2.464855e-03,2.230214e-03,1.891631e-03,1.545963e-03,1.223579e-03,9.502294e-04,7.548069e-04,6.659922e-04,6.638775e-04,6.920183e-04,7.030455e-04,7.027914e-04,6.895019e-04,6.647394e-04,6.633870e-04,7.106330e-04,7.923063e-04,8.963340e-04,1.007621e-03,1.116167e-03,1.223070e-03,3.413072e-04,2.231363e-04,1.051513e-04,-1.526008e-05,-1.404359e-04,-2.783342e-04,-4.717026e-04,-7.137691e-04,-9.375359e-04,-1.041146e-03,-1.016512e-03,-9.067420e-04,-7.219080e-04,-4.257622e-04,-7.011530e-05,2.157923e-04,3.578952e-04,3.763725e-04,2.977966e-04,1.463058e-04,-6.469200e-05,-2.841387e-04,-4.602563e-04,-5.961063e-04,-7.253417e-04,-8.056390e-04,-7.484633e-04,-4.895217e-04,1.637533e-05,7.176988e-04,1.491553e-03,2.261142e-03,3.030779e-03,-1.169076e-03,-1.350032e-03,-1.536196e-03,-1.666761e-03,-1.717910e-03,-1.707466e-03,-1.698882e-03,-1.692720e-03,-1.679895e-03,-1.663630e-03,-1.659187e-03,-1.608617e-03,-1.485627e-03,-1.342266e-03,-1.295215e-03,-1.368124e-03,-1.458976e-03,-1.511739e-03,-1.547582e-03,-1.627015e-03,-1.736329e-03,-1.823534e-03,-1.850091e-03,-1.824345e-03,-1.751103e-03,-1.636468e-03,-1.536504e-03,-1.483030e-03,-1.423298e-03,-1.252027e-03,-9.449311e-04,-5.866228e-04,-2.330013e-04
2.022163e-05,-2.688869e-04,-1.843792e-03,1.685253e-02,1.609658e-02,1.531877e-02,1.448750e-02,1.410836e-02,1.418910e-02,1.540432e-02,1.842411e-02,2.314456e-02,2.808059e-02,3.248256e-02,2.673102e-02,2.057701e-02,1.503993e-02,1.175510e-02,1.098950e-02,1.193036e-02,1.348630e-02,1.462186e-02,1.527969e-02,1.565346e-02,1.560884e-02,1.560175e-02,1.535645e-02,1.508570e-02,1.469246e-02,1.396767e-02,1.331933e-02,1.285427e-02,1.253780e-02,1.232841e-02,1.214516e-02,1.194254e-02,-4.018173e-03,-3.178257e-03,-2.338463e-03,-1.498166e-03,-6.575746e-04,1.898797e-04,1.068786e-03,1.949200e-03,2.677598e-03,3.065977e-03,3.106026e-03,3.035255e-03,2.934722e-03,2.671671e-03,2.292969e-03,1.908820e-03,1.572580e-03,1.264994e-03,9.884281e-04,7.409333e-04,5.257678e-04,3.167492e-04,9.182839e-05,-9.931968e-05,-1.791465e-04,-1.490587e-04,-5.528104e-05,7.029211e-05,1.959419e-04,3.234367e-04,4.601342e-04,6.064570e-04,7.507248e-04,-2.509455e-04,2.121451e-04,6.760971e-04,1.113625e-03,1.521990e-03,1.937592e-03,2.411815e-03,2.923721e-03,3.427452e-03,3.873316e-03,4.249622e-03,4.288137e-03,3.850267e-03,3.108012e-03,2.315805e-03,1.629246e-03,1.068960e-03,6.538475e-04,3.862575e-04,2.638672e-04,2.603121e-04,3.123609e-04,3.656258e-04,4.190031e-04,4.637778e-04,4.945637e-04,5.416279e-04,6.273226e-04,7.391383e-04,8.672746e-04,9.995635e-04,1.127987e-03,1.254882e-03,4.167067e-04,3.004774e-04,1.844226e-04,6.598705e-05,-5.686473e-05,-1.913694e-04,-3.779035e-04,-6.083480e-04,-8.246703e-04,-9.398082e-04,-9.384599e-04,-8.589142e-04,-7.023098e-04,-4.212316e-04,-6.698127e-05,2.250366e-04,3.781112e-04,4.107848e-04,3.475671e-04,2.113275e-04,1.480973e-05,-1.925326e-04,-3.604161e-04,-4.921833e-04,-6.204112e-04,-7.036293e-04,-6.550152e-04,-4.110691e-04,7.324603e-05,7.480576e-04,1.493678e-03,2.235409e-03,2.977156e-03,-9.822331e-04,-1.183961e-03,-1.390818e-03,-1.542966e-03,-1.617113e-03,-1.630274e-03,-1.642833e-03,-1.655957e-03,-1.661083e-03,-1.658539e-03,-1.659298e-03,-1.601088e-03,-1.456684e-03,-1.283254e-03,-1.210933e-03,-1.268716e-03,-1.354209e-03,-1.411130e-03,-1.455970e-03,-1.543193e-03,-1.658793e-03,-1.751478e-03,-1.783430e-03,-1.762983e-03,-1.694811e-03,-1.584826e-03,-1.487918e-03,-1.435245e-03,-1.375850e-03,-1.207327e-03,-9.064602e-04,-5.557189e-04,-2.095314e-04
3.873562e-05,-2.517680e-04,-1.749321e-03,1.623846e-02,1.556760e-02,1.488536e-02,1.407509e-02,1.352237e-02,1.319232e-02,1.362021e-02,1.533501e-02,1.815277e-02,2.215989e-02,2.673102e-02,3.127728e-02,2.460871e-02,1.756928e-02,1.207988e-02,9.957407e-03,1.043156e-02,1.207095e-02,1.346939e-02,1.432036e-02,1.481569e-02,1.483867e-02,1.484505e-02,1.459196e-02,1.431686e-02,1.393831e-02,1.324717e-02,1.262421e-02,1.218332e-02,1.189025e-02,1.169107e-02,1.150980e-02,1.131081e-02,-6.293381e-03,-5.222893e-03,-4.152514e-03,-3.081718e-03,-2.010984e-03,-9.334165e-04,1.832397e-04,1.307144e-03,2.328880e-03,3.124870e-03,3.631350e-03,3.987992e-03,4.173826e-03,3.969367e-03,3.455987e-03,2.877951e-03,2.363570e-03,1.890791e-03,1.463113e-03,1.078811e-03,7.416581e-04,4.283867e-04,1.208565e-04,-1.310632e-04,-2.540925e-04,-2.517608e-04,-1.722675e-04,-5.089301e-05,7.645836e-05,2.081446e-04,3.492629e-04,4.991794e-04,6.472057e-04,-6.390177e-04,2.122887e-04,1.064738e-03,1.885926e-03,2.655201e-03,3.382796e-03,4.100673e-03,4.768236e-03,5.319981e-03,5.688617e-03,5.836291e-03,5.524601e-03,4.639116e-03,3.408764e-03,2.234207e-03,1.324291e-03,6.534438e-04,2.090750e-04,-3.884457e-05,-1.296238e-04,-9.433121e-05,1.763576e-06,1.027316e-04,2.043270e-04,2.949624e-04,3.662529e-04,4.456965e-04,5.539295e-04,6.806784e-04,8.186617e-04,9.585168e-04,1.093871e-03,1.227828e-03,5.027084e-04,3.940171e-04,2.854971e-04,1.745787e-04,5.931511e-05,-6.722460e-05,-2.446635e-04,-4.654520e-04,-6.800870e-04,-8.138211e-04,-8.468121e-04,-8.057288e-04,-6.793534e-04,-4.110233e-04,-5.348526e-05,2.486935e-04,4.144307e-04,4.614011e-04,4.129106e-04,2.912056e-04,1.091725e-04,-8.580715e-05,-2.456403e-04,-3.734328e-04,-4.997295e-04,-5.849404e-04,-5.462101e-04,-3.225993e-04,1.294132e-04,7.625765e-04,1.463187e-03,2.160381e-03,2.857561e-03,-7.886723e-04,-1.007766e-03,-1.231736e-03,-1.403477e-03,-1.499927e-03,-1.535675e-03,-1.568099e-03,-1.598107e-03,-1.616773e-03,-1.621713e-03,-1.618321e-03,-1.548466e-03,-1.384428e-03,-1.184865e-03,-1.093678e-03,-1.144330e-03,-1.231510e-03,-1.297400e-03,-1.353532e-03,-1.446838e-03,-1.564084e-03,-1.656794e-03,-1.689525e-03,-1.670935e-03,-1.605920e-03,-1.500429e-03,-1.406958e-03,-1.355222e-03,-1.297087e-03,-1.135311e-03,-8.481307e-04,-5.136874e-04,-1.835499e-04
3.280967e-05,-2.399330e-04,-1.665576e-03,1.513645e-02,1.469592e-02,1.424955e-02,1.362879e-02,1.316752e-02,1.281916e-02,1.291672e-02,1.377193e-02,1.509870e-02,1.716882e-02,2.057701e-02,2.460871e-02,2.806008e-02,2.094002e-02,1.451389e-02,1.061567e-02,9.967982e-03,1.112202e-02,1.244723e-02,1.337157e-02,1.396865e-02,1.407187e-02,1.413450e-02,1.393200e-02,1.366902e-02,1.327431e-02,1.258833e-02,1.199184e-02,1.158345e-02,1.131772e-02,1.114684e-02,1.099917e-02,1.083419e-02,-7.122423e-03,-5.962313e-03,-4.802319e-03,-3.641896e-03,-2.481902e-03,-1.314140e-03,-9.503904e-05,1.155536e-03,2.359381e-03,3.421662e-03,4.240602e-03,4.834849e-03,5.091993e-03,4.742916e-03,3.919483e-03,3.030461e-03,2.302741e-03,1.703283e-03,1.216923e-03,8.244015e-04,5.107889e-04,2.416105e-04,-1.076744e-05,-2.090735e-04,-2.898080e-04,-2.598315e-04,-1.655102e-04,-3.886041e-05,8.887627e-05,2.186590e-04,3.567002e-04,5.033184e-04,6.481066e-04,-2.558355e-04,5.354719e-04,1.328077e-03,2.085784e-03,2.776430e-03,3.395690e-03,3.971310e-03,4.462811e-03,4.806125e-03,4.938492e-03,4.812982e-03,4.271219e-03,3.253035e-03,1.995409e-03,9.538833e-04,3.204961e-04,-3.532979e-05,-1.979115e-04,-2.142295e-04,-1.383016e-04,2.765373e-06,1.548808e-04,2.750897e-04,3.682801e-04,4.326685e-04,4.693871e-04,5.109827e-04,5.814975e-04,6.720882e-04,7.760277e-04,8.836351e-04,9.877499e-04,1.090499e-03,4.477919e-04,3.555974e-04,2.635700e-04,1.691827e-04,7.041283e-05,-3.967230e-05,-2.010036e-04,-4.087118e-04,-6.201047e-04,-7.684198e-04,-8.318238e-04,-8.225955e-04,-7.178956e-04,-4.547825e-04,-8.806071e-05,2.255934e-04,3.982138e-04,4.484290e-04,4.013714e-04,2.805972e-04,1.007243e-04,-9.169580e-05,-2.499669e-04,-3.761581e-04,-4.990184e-04,-5.807903e-04,-5.428313e-04,-3.276213e-04,1.056561e-04,7.116222e-04,1.381852e-03,2.048761e-03,2.715664e-03,-7.055962e-04,-9.291794e-04,-1.157423e-03,-1.335408e-03,-1.439660e-03,-1.482324e-03,-1.518172e-03,-1.548053e-03,-1.563281e-03,-1.560842e-03,-1.542564e-03,-1.461291e-03,-1.294258e-03,-1.098115e-03,-1.020582e-03,-1.092970e-03,-1.200268e-03,-1.279308e-03,-1.341228e-03,-1.430530e-03,-1.536830e-03,-1.616508e-03,-1.637792e-03,-1.610262e-03,-1.539615e-03,-1.432247e-03,-1.338312e-03,-1.285973e-03,-1.228928e-03,-1.074155e-03,-8.004433e-04,-4.818633e-04,-1.673773e-04
8.749800e-06,-2.430960e-04,-1.610950e-03,1.392142e-02,1.380047e-02,1.367340e-02,1.335915e-02,1.314705e-02,1.294109e-02,1.288285e-02,1.314712e-02,1.335199e-02,1.383407e-02,1.503993e-02,1.756928e-02,2.094002e-02,2.476080e-02,1.902951e-02,1.447616e-02,1.197835e-02,1.170789e-02,1.217075e-02,1.276766e-02,1.327006e-02,1.338199e-02,1.353825e-02,1.347594e-02,1.327597e-02,1.286366e-02,1.217000e-02,1.160507e-02,1.122036e-02,1.095231e-02,1.079538e-02,1.068505e-02,1.055588e-02,-4.326191e-03,-3.609973e-03,-2.893877e-03,-2.177340e-03,-1.461327e-03,-7.375240e-04,4.017777e-05,8.662639e-04,1.685181e-03,2.421226e-03,2.995358e-03,3.365224e-03,3.392978e-03,2.824894e-03,1.791153e-03,7.885138e-04,1.024195e-04,-3.168575e-04,-5.269600e-04,-5.852575e-04,-5.483650e-04,-4.779024e-04,-4.248665e-04,-3.753302e-04,-2.771900e-04,-1.362683e-04,1.234539e-05,1.518965e-04,2.702892e-04,3.805608e-04,4.955911e-04,6.199072e-04,7.422854e-04,7.278235e-04,1.048438e-03,1.370562e-03,1.654958e-03,1.869562e-03,2.014209e-03,2.122509e-03,2.172795e-03,2.123243e-03,1.935685e-03,1.575282e-03,9.789734e-04,1.585766e-04,-6.575609e-04,-1.050035e-03,-9.249228e-04,-5.790048e-04,-2.097911e-04,1.472860e-04,4.700697e-04,7.388998e-04,9.211805e-04,9.999752e-04,1.001670e-03,9.468232e-04,8.585106e-04,7.819597e-04,7.499028e-04,7.528643e-04,7.813975e-04,8.206888e-04,8.595767e-04,8.969843e-04,2.688925e-04,1.958557e-04,1.229663e-04,4.794457e-05,-3.101297e-05,-1.204563e-04,-2.595441e-04,-4.452287e-04,-6.384649e-04,-7.770788e-04,-8.428534e-04,-8.397534e-04,-7.407459e-04,-4.836953e-04,-1.194617e-04,1.893576e-04,3.500751e-04,3.827928e-04,3.168196e-04,1.784584e-04,-1.473417e-05,-2.159362e-04,-3.788485e-04,-5.040836e-04,-6.193993e-04,-6.888227e-04,-6.376595e-04,-4.121708e-04,2.484588e-05,6.285843e-04,1.294122e-03,1.955964e-03,2.617853e-03,-7.872164e-04,-9.969052e-04,-1.211161e-03,-1.375928e-03,-1.467281e-03,-1.496051e-03,-1.514475e-03,-1.523723e-03,-1.516073e-03,-1.490092e-03,-1.447609e-03,-1.355041e-03,-1.199946e-03,-1.038416e-03,-1.012043e-03,-1.140942e-03,-1.291723e-03,-1.390253e-03,-1.452796e-03,-1.530269e-03,-1.615922e-03,-1.671800e-03,-1.670506e-03,-1.623235e-03,-1.537293e-03,-1.420246e-03,-1.320634e-03,-1.265533e-03,-1.208968e-03,-1.060190e-03,-7.973488e-04,-4.913400e-04,-1.892911e-04
