4.077333e-04,-9.962003e-06,7.977387e-07,-1.464448e-06,-3.868734e-06,-6.419851e-06,-1.889877e-05,-1.666108e-05,-3.983847e-05,-9.000349e-06,4.900203e-06,1.011808e-05,2.425657e-05,-8.252799e-08,4.398546e-05,6.485117e-05,2.679952e-05,-3.536636e-05,-5.383316e-05,-4.810845e-05,-1.642691e-05,4.078102e-06,-1.537244e-06,8.222133e-06,1.116591e-05,-1.101573e-05,-3.046117e-05,-3.956503e-05,-1.176436e-05,2.230262e-05,4.510761e-05,4.522860e-05,2.480188e-06,-6.488027e-05,-1.261037e-04,-1.851973e-04,-1.776447e-03,-1.747558e-03,-1.718724e-03,-1.689683e-03,-1.661513e-03,-1.629193e-03,-1.595724e-03,-1.577912e-03,-1.563819e-03,-1.564271e-03,-1.560122e-03,-1.545218e-03,-1.526582e-03,-1.513181e-03,-1.507876e-03,-1.506944e-03,-1.518340e-03,-1.534449e-03,-1.553499e-03,-1.572247e-03,-1.587568e-03,-1.592081e-03,-1.593318e-03,-1.585958e-03,-1.583734e-03,-1.581665e-03,-1.571105e-03,-1.561311e-03,-1.549721e-03,-1.538330e-03,-1.521000e-03,-1.505655e-03,-1.489985e-03,-2.868037e-05,-5.370979e-06,1.794960e-05,3.957578e-05,5.736536e-05,8.181233e-05,1.134690e-04,1.438688e-04,1.658872e-04,1.720829e-04,1.544794e-04,1.164755e-04,7.790576e-05,5.033057e-05,2.549192e-05,1.290875e-05,6.046843e-06,7.654276e-07,-4.739583e-06,-1.034622e-05,-1.249079e-05,-4.411278e-06,8.479761e-06,2.301013e-05,3.558705e-05,4.191143e-05,3.775628e-05,3.542322e-05,3.513360e-05,4.071289e-05,5.107019e-05,6.123093e-05,7.219964e-05,2.284999e-03,2.172721e-03,2.061603e-03,1.939380e-03,1.823900e-03,1.712188e-03,1.617305e-03,1.565399e-03,1.531434e-03,1.517749e-03,1.481259e-03,1.406061e-03,1.331465e-03,1.301922e-03,1.340484e-03,1.438502e-03,1.596731e-03,1.742699e-03,1.820322e-03,1.843749e-03,1.829801e-03,1.779809e-03,1.728125e-03,1.675309e-03,1.637587e-03,1.592788e-03,1.510409e-03,1.419218e-03,1.332293e-03,1.271270e-03,1.211237e-03,1.171953e-03,1.131327e-03,-7.525557e-05,-1.166398e-04,-1.583521e-04,-1.961989e-04,-2.133217e-04,-1.951387e-04,-1.394347e-04,-7.058408e-05,-7.093527e-06,3.682515e-05,4.300085e-05,1.718428e-05,-1.445510e-05,-2.038254e-05,-3.662520e-05,-4.514428e-05,-6.586265e-05,-1.056486e-04,-1.525144e-04,-1.895630e-04,-1.891528e-04,-1.440655e-04,-6.447435e-05,2.960195e-05,1.197865e-04,1.812438e-04,2.022354e-04,1.746971e-04,1.036611e-04,1.312541e-05,-9.231721e-05,-2.158087e-04,-3.357270e-04
-9.962003e-06,4.102713e-04,1.671512e-06,-1.196446e-05,-3.914001e-05,-6.310512e-05,-5.535363e-05,-7.147382e-05,-7.682956e-05,-1.025343e-04,-1.127405e-04,-1.086279e-04,-1.247206e-04,-9.094469e-05,-1.003355e-04,-9.517346e-05,-9.886581e-05,-8.528934e-05,-5.882011e-05,-3.129166e-05,-4.826083e-05,-6.107805e-05,-7.162322e-05,-8.677832e-05,-8.865008e-05,-1.047441e-04,-9.804254e-05,-7.793825e-05,-7.825646e-05,-6.232853e-05,-7.763406e-05,-8.650484e-05,-4.986496e-05,-2.325361e-05,1.822272e-05,7.689270e-05,1.692011e-04,1.513421e-04,1.334665e-04,1.156537e-04,9.757388e-05,8.036963e-05,6.136953e-05,5.078911e-05,5.264057e-05,6.207358e-05,6.485951e-05,5.641698e-05,4.420006e-05,3.725531e-05,2.764515e-05,2.460000e-05,2.306002e-05,1.991386e-05,1.652300e-05,1.304580e-05,1.002166e-05,1.658783e-05,2.893184e-05,4.221380e-05,5.469957e-05,6.165283e-05,6.021705e-05,5.714992e-05,4.098788e-05,8.127307e-06,-3.770265e-05,-9.181035e-05,-1.445564e-04,-1.806771e-03,-1.799855e-03,-1.793707e-03,-1.778338e-03,-1.754668e-03,-1.728696e-03,-1.708540e-03,-1.691301e-03,-1.671979e-03,-1.645946e-03,-1.608959e-03,-1.563747e-03,-1.530274e-03,-1.508860e-03,-1.502215e-03,-1.512640e-03,-1.524645e-03,-1.537397e-03,-1.537920e-03,-1.549635e-03,-1.568391e-03,-1.580702e-03,-1.585656e-03,-1.584838e-03,-1.579372e-03,-1.569845e-03,-1.559026e-03,-1.558473e-03,-1.562232e-03,-1.560335e-03,-1.551744e-03,-1.532145e-03,-1.511204e-03,-8.852714e-05,-1.305077e-04,-1.726857e-04,-2.104375e-04,-2.257826e-04,-2.032431e-04,-1.442169e-04,-6.782483e-05,4.636244e-06,5.407309e-05,6.771375e-05,5.004568e-05,2.145015e-05,6.044050e-06,-2.351488e-05,-4.420868e-05,-6.976390e-05,-1.078969e-04,-1.485538e-04,-1.797667e-04,-1.770396e-04,-1.331397e-04,-5.779890e-05,3.140732e-05,1.205553e-04,1.834828e-04,2.066694e-04,1.808999e-04,1.093304e-04,1.052903e-05,-1.034264e-04,-2.283740e-04,-3.506729e-04,1.591470e-03,1.667597e-03,1.744494e-03,1.807761e-03,1.871283e-03,1.919265e-03,1.947245e-03,1.950498e-03,1.895604e-03,1.796166e-03,1.651573e-03,1.475343e-03,1.341916e-03,1.266666e-03,1.240552e-03,1.267269e-03,1.324731e-03,1.436913e-03,1.553633e-03,1.683330e-03,1.801785e-03,1.883836e-03,1.930409e-03,1.910431e-03,1.841846e-03,1.744724e-03,1.610705e-03,1.475089e-03,1.358709e-03,1.257282e-03,1.191105e-03,1.109742e-03,1.026887e-03
7.977387e-07,1.671512e-06,8.716496e-05,-7.854708e-04,-7.991392e-04,-8.180705e-04,-7.900626e-04,-7.817097e-04,-7.444046e-04,-7.154860e-04,-7.565060e-04,-7.444433e-04,-7.735180e-04,-7.822076e-04,-7.184307e-04,-6.652279e-04,-6.097644e-04,-5.883857e-04,-6.099934e-04,-6.620309e-04,-7.538938e-04,-7.593999e-04,-7.642102e-04,-7.757389e-04,-7.451065e-04,-7.642095e-04,-7.379656e-04,-7.376772e-04,-7.630161e-04,-7.142186e-04,-6.878231e-04,-6.571116e-04,-6.268749e-04,-6.016743e-04,-5.789145e-04,-5.499391e-04,-6.465171e-05,-4.573888e-05,-2.676888e-05,-8.028903e-06,1.161744e-05,2.736808e-05,2.465022e-05,-1.083419e-06,-3.066491e-05,-4.013219e-05,-3.544262e-05,-2.622259e-05,-1.909504e-05,-1.394658e-05,-1.054360e-05,-8.008677e-06,-8.643598e-06,-1.088098e-05,-1.473487e-05,-1.964769e-05,-2.599099e-05,-2.284068e-05,-3.124565e-06,2.191997e-05,2.898679e-05,1.870512e-05,3.286432e-06,-6.434673e-06,-1.416969e-05,-1.962631e-05,-2.611294e-05,-3.542054e-05,-4.428928e-05,5.930147e-05,3.123522e-05,2.617804e-06,-2.050304e-05,-2.901173e-05,-2.671062e-05,-2.704069e-05,-2.970195e-05,-3.450690e-05,-4.036452e-05,-4.733550e-05,-4.876431e-05,-4.080115e-05,-2.958491e-05,-1.985792e-05,-1.143712e-05,2.532918e-06,2.751494e-05,5.126104e-05,5.570887e-05,4.417336e-05,2.981847e-05,2.066294e-05,1.616629e-05,1.741528e-05,2.658247e-05,3.303044e-05,2.835075e-05,1.849566e-05,5.885447e-06,-6.485345e-06,-1.652455e-05,-2.597418e-05,5.446963e-05,4.140489e-05,2.832828e-05,1.575393e-05,5.396572e-07,-1.441324e-05,-1.099037e-05,1.567425e-05,5.096132e-05,7.211539e-05,8.171734e-05,8.826969e-05,8.475826e-05,5.237149e-05,-3.841124e-06,-4.599256e-05,-5.795262e-05,-5.249504e-05,-4.090195e-05,-2.780982e-05,-1.152868e-05,-1.937705e-06,-4.206863e-06,-6.852452e-06,1.081074e-05,4.546239e-05,7.866683e-05,8.839191e-05,6.428982e-05,-4.119814e-06,-9.293197e-05,-1.762568e-04,-2.597821e-04,-1.174106e-04,-7.443832e-05,-2.993823e-05,3.488044e-06,1.728917e-05,1.686589e-05,2.085930e-05,2.651929e-05,3.294120e-05,4.054410e-05,5.169626e-05,5.122376e-05,2.907532e-05,-1.115813e-05,-2.690158e-05,-9.669666e-06,6.110178e-06,1.447013e-06,-1.101351e-05,-5.985783e-06,1.284252e-05,3.000755e-05,3.888026e-05,4.050717e-05,3.488094e-05,1.872818e-05,6.488276e-06,9.693230e-06,2.589096e-05,3.363537e-05,-8.923822e-07,-5.737687e-05,-1.117553e-04
-1.464448e-06,-1.196446e-05,-7.854708e-04,2.516246e-01,1.107259e-01,1.174930e-02,-2.078733e-02,-8.929778e-03,5.036892e-03,8.058323e-03,8.116379e-03,7.142809e-03,6.221907e-03,7.427462e-03,8.432221e-03,8.361655e-03,6.692900e-03,5.209028e-03,4.744051e-03,5.272451e-03,6.606703e-03,7.041371e-03,7.067931e-03,7.038896e-03,6.692827e-03,6.866103e-03,6.653798e-03,6.665044e-03,6.882470e-03,6.428522e-03,6.189520e-03,5.924278e-03,5.656942e-03,5.436064e-03,5.238679e-03,4.984778e-03,-8.050114e-03,-6.699251e-03,-5.347776e-03,-3.998748e-03,-2.626075e-03,-1.234693e-03,-3.895522e-04,4.902092e-04,1.435109e-03,2.140111e-03,2.324060e-03,2.094708e-03,1.668195e-03,1.220993e-03,7.913838e-04,4.304348e-04,2.052419e-04,7.958227e-05,3.798424e-05,5.782013e-05,1.259610e-04,1.260477e-04,-1.950573e-05,-2.168925e-04,-2.600914e-04,-1.577582e-04,-1.972563e-05,5.927915e-05,1.166050e-04,1.537616e-04,2.012866e-04,2.743808e-04,3.434801e-04,-7.238242e-02,-5.474091e-02,-3.683625e-02,-2.095058e-02,-9.113333e-03,-5.155504e-04,4.532516e-03,6.830525e-03,7.106068e-03,6.107754e-03,4.601700e-03,2.967328e-03,1.493615e-03,4.203007e-04,-2.090118e-04,-4.651089e-04,-5.469962e-04,-6.246862e-04,-6.769565e-04,-5.949393e-04,-4.022526e-04,-2.195307e-04,-1.140197e-04,-7.201131e-05,-9.538352e-05,-1.952128e-04,-2.706411e-04,-2.435597e-04,-1.660229e-04,-6.094887e-05,4.257243e-05,1.248594e-04,2.018715e-04,-5.634044e-03,-4.543243e-03,-3.455679e-03,-2.388654e-03,-1.351130e-03,-5.517314e-04,-9.521714e-05,-3.892747e-05,-2.261699e-04,-4.042020e-04,-5.329944e-04,-6.410412e-04,-6.576639e-04,-4.074196e-04,7.409785e-05,4.420600e-04,5.444883e-04,4.941461e-04,3.896966e-04,2.715860e-04,1.245871e-04,3.770651e-05,5.805248e-05,8.200313e-05,-7.672241e-05,-3.886062e-04,-6.881359e-04,-7.764724e-04,-5.601990e-04,5.524761e-05,8.542015e-04,1.603836e-03,2.355292e-03,4.647369e-03,3.685758e-03,2.703024e-03,1.779548e-03,9.760753e-04,3.873517e-04,-2.824535e-05,-2.898489e-04,-4.298985e-04,-4.938393e-04,-5.344740e-04,-4.654261e-04,-2.182686e-04,1.601318e-04,2.928824e-04,1.154182e-04,-4.928604e-05,-2.425665e-05,8.011199e-05,3.761612e-05,-1.245081e-04,-2.706200e-04,-3.425562e-04,-3.513607e-04,-2.970713e-04,-1.500240e-04,-4.022878e-05,-7.109765e-05,-2.198945e-04,-2.926421e-04,1.577645e-05,5.217982e-04,1.008872e-03
-3.868734e-06,-3.914001e-05,-7.991392e-04,1.107259e-01,6.776122e-02,1.515988e-02,-3.998124e-03,-4.996320e-04,5.218878e-03,6.801691e-03,7.546439e-03,7.157785e-03,6.692797e-03,7.399593e-03,7.739137e-03,7.506145e-03,6.336556e-03,5.379220e-03,5.162864e-03,5.656882e-03,6.798498e-03,7.080099e-03,7.118257e-03,7.146735e-03,6.823177e-03,6.999194e-03,6.773395e-03,6.778532e-03,7.004007e-03,6.546672e-03,6.304898e-03,6.031373e-03,5.754996e-03,5.526315e-03,5.320083e-03,5.055435e-03,-3.409446e-03,-2.884020e-03,-2.358691e-03,-1.832883e-03,-1.296514e-03,-7.094528e-04,-2.334928e-04,3.728749e-04,1.026176e-03,1.477972e-03,1.561302e-03,1.378280e-03,1.083958e-03,7.840849e-04,5.043139e-04,2.718343e-04,1.363511e-04,6.995714e-05,6.230419e-05,9.680138e-05,1.659346e-04,1.578103e-04,-9.746355e-07,-2.120017e-04,-2.637550e-04,-1.635501e-04,-2.287721e-05,6.054724e-05,1.240748e-04,1.680370e-04,2.229823e-04,3.044188e-04,3.817177e-04,-4.113271e-02,-3.045568e-02,-1.959133e-02,-1.009060e-02,-3.353654e-03,1.276585e-03,3.869717e-03,4.907243e-03,4.823811e-03,4.059402e-03,3.069005e-03,2.037432e-03,1.104044e-03,4.193636e-04,1.589776e-05,-1.568901e-04,-2.474737e-04,-3.804040e-04,-4.965516e-04,-4.605561e-04,-2.993867e-04,-1.352746e-04,-3.831382e-05,2.141251e-06,-1.871944e-05,-1.153254e-04,-1.868311e-04,-1.540135e-04,-7.080971e-05,3.914829e-05,1.468894e-04,2.324132e-04,3.124704e-04,-4.100756e-03,-3.302762e-03,-2.507139e-03,-1.715517e-03,-9.334298e-04,-3.216828e-04,-2.187572e-05,-6.996640e-05,-3.087079e-04,-4.979372e-04,-6.166160e-04,-7.104525e-04,-7.104853e-04,-4.410884e-04,5.884355e-05,4.382034e-04,5.455943e-04,4.970063e-04,3.932969e-04,2.752966e-04,1.258995e-04,3.516110e-05,5.136211e-05,7.025708e-05,-9.686293e-05,-4.181137e-04,-7.239731e-04,-8.117572e-04,-5.867183e-04,4.607615e-05,8.666244e-04,1.637601e-03,2.410261e-03,3.891105e-03,2.982794e-03,2.053941e-03,1.214324e-03,5.492879e-04,1.125111e-04,-2.028539e-04,-4.062483e-04,-5.209247e-04,-5.823805e-04,-6.355280e-04,-5.764748e-04,-3.319909e-04,5.432275e-05,1.969548e-04,2.540307e-05,-1.355806e-04,-1.095737e-04,-7.195265e-06,-5.972423e-05,-2.353239e-04,-3.928375e-04,-4.724633e-04,-4.827845e-04,-4.249038e-04,-2.699498e-04,-1.496927e-04,-1.717409e-04,-3.145448e-04,-3.808377e-04,-6.165987e-05,4.596240e-04,9.617074e-04
-6.419851e-06,-6.310512e-05,-8.180705e-04,1.174930e-02,1.515988e-02,2.213583e-02,1.236053e-02,8.264037e-03,5.363292e-03,5.634494e-03,7.062576e-03,7.242915e-03,7.222478e-03,7.407591e-03,7.076605e-03,6.700733e-03,6.038866e-03,5.599559e-03,5.622894e-03,6.079169e-03,7.033391e-03,7.163672e-03,7.215467e-03,7.301689e-03,6.997646e-03,7.177130e-03,6.936898e-03,6.936550e-03,7.171455e-03,6.707623e-03,6.461312e-03,6.177943e-03,5.890994e-03,5.653318e-03,5.437378e-03,5.160852e-03,-3.794590e-05,-1.474959e-04,-2.577815e-04,-3.650055e-04,-4.736358e-04,-5.033242e-04,-2.283560e-04,2.237160e-04,6.511682e-04,8.755230e-04,8.582638e-04,7.087914e-04,5.290512e-04,3.603309e-04,2.185601e-04,1.067502e-04,5.706096e-05,4.901692e-05,7.657384e-05,1.283288e-04,2.015517e-04,1.877768e-04,1.694144e-05,-2.075351e-04,-2.671755e-04,-1.680387e-04,-2.392677e-05,6.402642e-05,1.334808e-04,1.837346e-04,2.455979e-04,3.349913e-04,4.200860e-04,-8.067627e-03,-4.670114e-03,-1.164921e-03,1.626422e-03,2.990497e-03,3.439845e-03,3.424267e-03,3.097246e-03,2.589908e-03,2.022906e-03,1.529596e-03,1.091088e-03,6.925031e-04,3.946588e-04,2.181055e-04,1.315241e-04,3.532374e-05,-1.510815e-04,-3.298101e-04,-3.381582e-04,-2.068739e-04,-6.034919e-05,2.822218e-05,6.664390e-05,4.730803e-05,-4.748335e-05,-1.161669e-04,-7.794887e-05,1.108865e-05,1.264498e-04,2.389928e-04,3.282685e-04,4.118615e-04,-2.608565e-03,-2.088378e-03,-1.569827e-03,-1.042842e-03,-5.114352e-04,-8.651130e-05,5.425074e-05,-1.015967e-04,-3.942030e-04,-5.952476e-04,-7.036406e-04,-7.833614e-04,-7.666851e-04,-4.764821e-04,4.463292e-05,4.373794e-04,5.499095e-04,5.021837e-04,3.980172e-04,2.789874e-04,1.261837e-04,3.134878e-05,4.416569e-05,5.891967e-05,-1.169072e-04,-4.490742e-04,-7.630477e-04,-8.510405e-04,-6.163198e-04,3.718746e-05,8.837974e-04,1.680158e-03,2.478098e-03,2.852068e-03,2.061366e-03,1.250529e-03,5.527782e-04,7.717720e-05,-1.710035e-04,-3.651711e-04,-5.007731e-04,-5.879764e-04,-6.491259e-04,-7.191552e-04,-6.740919e-04,-4.343276e-04,-3.984122e-05,1.125162e-04,-5.438402e-05,-2.122641e-04,-1.840092e-04,-8.179521e-05,-1.434919e-04,-3.326235e-04,-5.018088e-04,-5.892026e-04,-6.012459e-04,-5.399577e-04,-3.768928e-04,-2.465185e-04,-2.610466e-04,-3.997937e-04,-4.609323e-04,-1.294455e-04,4.098619e-04,9.295768e-04
-1.889877e-05,-5.535363e-05,-7.900626e-04,-2.078733e-02,-3.998124e-03,1.236053e-02,2.874635e-02,1.496726e-02,5.408291e-03,3.924718e-03,6.021754e-03,6.788484e-03,7.155203e-03,7.075158e-03,6.275875e-03,5.710248e-03,5.417608e-03,5.418567e-03,5.653380e-03,6.083491e-03,6.851178e-03,6.857277e-03,6.908982e-03,7.033935e-03,6.764175e-03,6.937746e-03,6.697708e-03,6.692822e-03,6.922407e-03,6.478532e-03,6.240264e-03,5.962261e-03,5.685270e-03,5.455867e-03,5.246960e-03,4.979966e-03,9.615196e-03,7.929283e-03,6.241609e-03,4.560999e-03,2.857903e-03,1.284557e-03,5.440472e-04,2.893643e-04,2.237084e-04,1.637017e-04,8.160569e-05,2.492601e-05,1.645316e-05,2.108394e-05,3.565449e-05,4.886086e-05,8.071076e-05,1.201654e-04,1.680604e-04,2.206681e-04,2.823774e-04,2.549164e-04,7.572026e-05,-1.528766e-04,-2.184954e-04,-1.263559e-04,1.304969e-05,1.011764e-04,1.726427e-04,2.251453e-04,2.880722e-04,3.774435e-04,4.626932e-04,8.271657e-03,8.049735e-03,7.886906e-03,7.280237e-03,5.789397e-03,3.857261e-03,2.393790e-03,1.353771e-03,6.942891e-04,3.474520e-04,2.555699e-04,2.833817e-04,3.087803e-04,3.154897e-04,3.121440e-04,2.825599e-04,1.737623e-04,-5.431631e-05,-2.793576e-04,-3.278336e-04,-2.302557e-04,-1.060161e-04,-2.745734e-05,9.980042e-06,-3.722150e-06,-8.849940e-05,-1.479033e-04,-1.052128e-04,-1.511555e-05,9.926240e-05,2.106720e-04,2.998822e-04,3.835909e-04,-1.793308e-03,-1.421936e-03,-1.051625e-03,-6.834845e-04,-2.991355e-04,2.205898e-05,7.390108e-05,-1.347807e-04,-4.477014e-04,-6.534105e-04,-7.582697e-04,-8.308684e-04,-8.071243e-04,-5.177832e-04,-9.325773e-06,3.712275e-04,4.780477e-04,4.290085e-04,3.266566e-04,2.112971e-04,6.462873e-05,-2.462195e-05,-9.640796e-06,7.290621e-06,-1.603779e-04,-4.792426e-04,-7.799264e-04,-8.627486e-04,-6.346452e-04,-3.136551e-06,8.147345e-04,1.583326e-03,2.353514e-03,1.652718e-03,1.129321e-03,5.896172e-04,1.475423e-04,-1.132440e-04,-1.950355e-04,-3.002854e-04,-3.989901e-04,-4.831553e-04,-5.604852e-04,-6.558230e-04,-6.369559e-04,-4.207037e-04,-4.383502e-05,1.082367e-04,-4.342847e-05,-1.860250e-04,-1.497535e-04,-4.500977e-05,-1.021959e-04,-2.853378e-04,-4.514150e-04,-5.398461e-04,-5.562268e-04,-5.016886e-04,-3.478458e-04,-2.244152e-04,-2.391817e-04,-3.721891e-04,-4.294589e-04,-1.066903e-04,4.171011e-04,9.218444e-04
-1.666108e-05,-7.147382e-05,-7.817097e-04,-8.929778e-03,-4.996320e-04,8.264037e-03,1.496726e-02,2.105229e-02,8.276162e-03,5.802685e-03,5.769623e-03,6.002944e-03,6.800578e-03,6.951744e-03,5.998885e-03,5.238086e-03,5.022411e-03,5.233259e-03,5.646812e-03,6.133659e-03,6.827031e-03,6.765124e-03,6.802942e-03,6.947754e-03,6.700067e-03,6.875364e-03,6.629391e-03,6.617451e-03,6.847643e-03,6.412688e-03,6.178236e-03,5.898626e-03,5.622097e-03,5.391679e-03,5.180192e-03,4.910941e-03,1.572685e-02,1.296270e-02,1.019645e-02,7.438587e-03,4.649385e-03,1.995376e-03,4.314186e-04,-3.014113e-04,-5.738317e-04,-7.173744e-04,-7.180096e-04,-5.994515e-04,-4.018275e-04,-2.142380e-04,-5.512974e-05,6.206472e-05,1.544078e-04,2.191858e-04,2.662758e-04,3.009224e-04,3.366576e-04,2.819411e-04,8.005922e-05,-1.643458e-04,-2.412544e-04,-1.550141e-04,-1.571084e-05,7.691627e-05,1.554991e-04,2.156180e-04,2.859586e-04,3.826404e-04,4.752243e-04,6.309894e-03,5.376391e-03,4.459888e-03,3.381693e-03,1.893628e-03,1.505456e-04,-8.536866e-04,-1.283189e-03,-1.266758e-03,-9.589440e-04,-5.048365e-04,-4.414470e-05,2.913198e-04,4.744671e-04,5.401274e-04,5.042788e-04,3.505639e-04,7.072612e-05,-2.014614e-04,-2.853441e-04,-2.105255e-04,-9.684578e-05,-1.883171e-05,2.500478e-05,2.173804e-05,-5.158617e-05,-1.011573e-04,-5.121946e-05,4.324286e-05,1.598989e-04,2.730843e-04,3.640289e-04,4.494733e-04,-9.302063e-04,-7.084583e-04,-4.866877e-04,-2.724062e-04,-3.486941e-05,1.823058e-04,1.525531e-04,-1.167583e-04,-4.681853e-04,-6.863042e-04,-7.906731e-04,-8.563326e-04,-8.225835e-04,-5.254366e-04,-1.267223e-05,3.705483e-04,4.813937e-04,4.369133e-04,3.385393e-04,2.261630e-04,8.099047e-05,-9.324406e-06,2.038917e-06,1.464647e-05,-1.553242e-04,-4.738947e-04,-7.730137e-04,-8.546359e-04,-6.267839e-04,1.524746e-06,8.149528e-04,1.580194e-03,2.346896e-03,8.349880e-04,4.221759e-04,-5.237442e-06,-3.322481e-04,-4.688119e-04,-4.261475e-04,-4.437768e-04,-4.861879e-04,-5.391460e-04,-6.040643e-04,-6.996670e-04,-6.847300e-04,-4.738506e-04,-1.005432e-04,5.262203e-05,-9.477171e-05,-2.345607e-04,-2.011344e-04,-1.016268e-04,-1.643059e-04,-3.517809e-04,-5.208351e-04,-6.113477e-04,-6.274355e-04,-5.710015e-04,-4.149292e-04,-2.873194e-04,-2.963616e-04,-4.232297e-04,-4.758739e-04,-1.540920e-04,3.670613e-04,8.694475e-04
-3.983847e-05,-7.682956e-05,-7.444046e-04,5.036892e-03,5.218878e-03,5.363292e-03,5.408291e-03,8.276162e-03,2.144031e-02,1.407682e-02,7.640702e-03,3.894014e-03,5.179577e-03,6.340273e-03,5.870100e-03,5.246565e-03,4.893188e-03,4.862051e-03,5.211821e-03,5.758388e-03,6.495079e-03,6.473407e-03,6.496975e-03,6.616783e-03,6.376973e-03,6.549227e-03,6.317343e-03,6.304552e-03,6.521428e-03,6.104973e-03,5.880862e-03,5.613943e-03,5.352848e-03,5.136656e-03,4.937531e-03,4.683014e-03,4.494499e-03,2.920278e-03,1.343148e-03,-2.223610e-04,-1.833220e-03,-3.254382e-03,-3.495571e-03,-2.806075e-03,-1.841933e-03,-1.261100e-03,-7.915915e-04,-4.188180e-04,-1.259128e-04,7.127766e-05,2.025880e-04,2.823282e-04,3.437285e-04,3.799801e-04,4.024283e-04,4.164716e-04,4.360528e-04,3.723000e-04,1.713711e-04,-6.725415e-05,-1.438556e-04,-6.280596e-05,7.010124e-05,1.596450e-04,2.364463e-04,2.958667e-04,3.647418e-04,4.589531e-04,5.492233e-04,2.705866e-03,1.676922e-03,6.439144e-04,-4.110805e-04,-1.629481e-03,-2.894376e-03,-3.235201e-03,-2.940393e-03,-2.251874e-03,-1.403732e-03,-6.164839e-04,1.880343e-05,4.150156e-04,5.799841e-04,5.997378e-04,5.252739e-04,3.500370e-04,7.176921e-05,-1.904990e-04,-2.703520e-04,-1.954967e-04,-8.277555e-05,-4.065664e-06,4.202102e-05,4.293716e-05,-2.340336e-05,-6.747982e-05,-1.758031e-05,7.370881e-05,1.850722e-04,2.926036e-04,3.787685e-04,4.596173e-04,-5.730621e-04,-4.277819e-04,-2.819900e-04,-1.460365e-04,9.961124e-06,1.507782e-04,5.871596e-05,-2.660630e-04,-6.456887e-04,-8.453062e-04,-9.181111e-04,-9.476327e-04,-8.840863e-04,-5.804573e-04,-8.340739e-05,2.801550e-04,3.764226e-04,3.239564e-04,2.240034e-04,1.140170e-04,-2.526571e-05,-1.104962e-04,-9.905893e-05,-8.634490e-05,-2.480980e-04,-5.501983e-04,-8.305980e-04,-9.022539e-04,-6.784699e-04,-7.429202e-05,7.064494e-04,1.440331e-03,2.175622e-03,5.368066e-04,2.360501e-04,-7.734094e-05,-2.986240e-04,-3.748819e-04,-3.375571e-04,-3.891384e-04,-4.698853e-04,-5.456185e-04,-6.188654e-04,-7.114655e-04,-6.918746e-04,-4.834573e-04,-1.216599e-04,2.849556e-05,-1.116510e-04,-2.455684e-04,-2.156925e-04,-1.223456e-04,-1.834475e-04,-3.650003e-04,-5.306071e-04,-6.225592e-04,-6.429573e-04,-5.929624e-04,-4.457372e-04,-3.223717e-04,-3.262123e-04,-4.400989e-04,-4.825094e-04,-1.683441e-04,3.370595e-04,8.244164e-04
-9.000349e-06,-1.025343e-04,-7.154860e-04,8.058323e-03,6.801691e-03,5.634494e-03,3.924718e-03,5.802685e-03,1.407682e-02,2.505333e-02,9.951599e-03,3.100987e-03,3.528218e-03,5.856591e-03,6.289067e-03,5.995117e-03,5.328058e-03,4.711807e-03,4.683920e-03,5.221285e-03,6.155627e-03,6.302844e-03,6.324070e-03,6.387449e-03,6.126478e-03,6.291389e-03,6.079119e-03,6.071457e-03,6.276144e-03,5.870084e-03,5.656810e-03,5.406541e-03,5.152241e-03,4.940978e-03,4.746282e-03,4.496969e-03,-1.930343e-03,-2.892136e-03,-3.856727e-03,-4.810123e-03,-5.806799e-03,-6.618933e-03,-6.401020e-03,-4.811097e-03,-2.693647e-03,-1.291410e-03,-3.205278e-04,2.264037e-04,4.636062e-04,4.992361e-04,4.364574e-04,3.419187e-04,2.845447e-04,2.460370e-04,2.296542e-04,2.316982e-04,2.572253e-04,2.118635e-04,3.623390e-05,-1.778599e-04,-2.410569e-04,-1.582674e-04,-3.013435e-05,5.234971e-05,1.216606e-04,1.756491e-04,2.405922e-04,3.304416e-04,4.164037e-04,-3.116445e-04,1.163780e-04,5.388288e-04,9.576632e-04,1.157269e-03,9.689774e-04,9.774852e-04,1.050737e-03,1.097481e-03,1.087850e-03,1.016553e-03,9.275728e-04,7.884599e-04,6.102126e-04,4.570046e-04,3.461881e-04,2.189039e-04,2.590521e-05,-1.517160e-04,-1.732370e-04,-6.207961e-05,6.903961e-05,1.534428e-04,1.964975e-04,1.898145e-04,1.160060e-04,6.335226e-05,1.033909e-04,1.858339e-04,2.890312e-04,3.887007e-04,4.669197e-04,5.400017e-04,-2.576255e-04,-1.490623e-04,-3.919483e-05,5.784691e-05,1.647948e-04,2.660505e-04,1.731212e-04,-1.689639e-04,-5.758572e-04,-7.729692e-04,-8.377622e-04,-8.512151e-04,-7.718183e-04,-4.651029e-04,2.711654e-05,3.889139e-04,4.930463e-04,4.521405e-04,3.606612e-04,2.553454e-04,1.174793e-04,2.703831e-05,2.804508e-05,2.994733e-05,-1.342752e-04,-4.317274e-04,-7.080833e-04,-7.810139e-04,-5.665558e-04,1.699624e-05,7.711918e-04,1.482509e-03,2.194912e-03,5.090446e-04,1.650248e-04,-1.919311e-04,-4.537475e-04,-5.654041e-04,-5.725725e-04,-6.328421e-04,-6.990216e-04,-7.433304e-04,-7.762859e-04,-8.220983e-04,-7.699729e-04,-5.492385e-04,-1.930492e-04,-5.139347e-05,-1.953704e-04,-3.360716e-04,-3.226513e-04,-2.462321e-04,-3.148917e-04,-4.946114e-04,-6.533303e-04,-7.368032e-04,-7.466781e-04,-6.865614e-04,-5.336378e-04,-4.044092e-04,-4.010402e-04,-5.079442e-04,-5.485153e-04,-2.497605e-04,2.326150e-04,6.979948e-04
4.900203e-06,-1.127405e-04,-7.565060e-04,8.116379e-03,7.546439e-03,7.062576e-03,6.021754e-03,5.769623e-03,7.640702e-03,9.951599e-03,1.731961e-02,8.623401e-03,7.047342e-03,6.302174e-03,6.373583e-03,6.672296e-03,6.119521e-03,5.395504e-03,5.180236e-03,5.509162e-03,6.454563e-03,6.648957e-03,6.724051e-03,6.781455e-03,6.473290e-03,6.636957e-03,6.426005e-03,6.431915e-03,6.646350e-03,6.210211e-03,5.984175e-03,5.730551e-03,5.460166e-03,5.237932e-03,5.035093e-03,4.773419e-03,-5.742474e-03,-5.336127e-03,-4.931342e-03,-4.520288e-03,-4.133144e-03,-3.641420e-03,-2.680488e-03,-8.334847e-04,1.087821e-03,1.884243e-03,1.970805e-03,1.620406e-03,1.111409e-03,6.365865e-04,2.644562e-04,-5.240250e-06,-1.439776e-04,-1.862492e-04,-1.531897e-04,-7.092436e-05,4.191268e-05,7.438049e-05,-4.559051e-05,-2.262767e-04,-2.651092e-04,-1.672955e-04,-3.570732e-05,3.809983e-05,9.367418e-05,1.342739e-04,1.884322e-04,2.693188e-04,3.460075e-04,-1.540161e-03,-4.484331e-04,6.444526e-04,1.707006e-03,2.559790e-03,3.036235e-03,3.296604e-03,3.299087e-03,3.026151e-03,2.556483e-03,2.018198e-03,1.423601e-03,8.444843e-04,4.260620e-04,2.019770e-04,1.406457e-04,1.103079e-04,4.378825e-06,-1.012498e-04,-6.148962e-05,9.040883e-05,2.388124e-04,3.196726e-04,3.445085e-04,3.104880e-04,2.056179e-04,1.263498e-04,1.501407e-04,2.254033e-04,3.268431e-04,4.253162e-04,5.005537e-04,5.703877e-04,-2.538830e-04,-1.454527e-04,-3.593939e-05,6.306360e-05,1.684825e-04,2.581108e-04,1.643738e-04,-1.878971e-04,-5.998035e-04,-7.781356e-04,-8.133058e-04,-8.070080e-04,-7.210644e-04,-4.094893e-04,9.624450e-05,4.693759e-04,5.774598e-04,5.355305e-04,4.400256e-04,3.292798e-04,1.832670e-04,8.602256e-05,8.541515e-05,8.575757e-05,-8.916511e-05,-4.049608e-04,-6.994836e-04,-7.788157e-04,-5.536422e-04,6.265071e-05,8.592760e-04,1.611314e-03,2.364442e-03,6.886595e-04,2.738583e-04,-1.548750e-04,-4.811153e-04,-6.375868e-04,-6.779196e-04,-7.490359e-04,-8.115588e-04,-8.376528e-04,-8.445278e-04,-8.638475e-04,-7.835956e-04,-5.416112e-04,-1.731332e-04,-3.952121e-05,-2.090943e-04,-3.722130e-04,-3.673949e-04,-2.920473e-04,-3.673113e-04,-5.563726e-04,-7.205649e-04,-8.036160e-04,-8.083257e-04,-7.394590e-04,-5.738976e-04,-4.350586e-04,-4.314035e-04,-5.463224e-04,-5.919055e-04,-2.794107e-04,2.268774e-04,7.153287e-04
1.011808e-05,-1.086279e-04,-7.444433e-04,7.142809e-03,7.157785e-03,7.242915e-03,6.788484e-03,6.002944e-03,3.894014e-03,3.100987e-03,8.623401e-03,2.357983e-02,1.447531e-02,7.136591e-03,4.601367e-03,5.597929e-03,5.991737e-03,5.964051e-03,5.892288e-03,5.828244e-03,6.385771e-03,6.401615e-03,6.564283e-03,6.683621e-03,6.372955e-03,6.518058e-03,6.317215e-03,6.336572e-03,6.550462e-03,6.119075e-03,5.895392e-03,5.655202e-03,5.386032e-03,5.168029e-03,4.971194e-03,4.715502e-03,-6.689591e-03,-5.242133e-03,-3.795377e-03,-2.345800e-03,-9.069481e-04,5.799443e-04,2.180902e-03,4.196243e-03,5.699064e-03,5.554345e-03,4.282521e-03,2.665671e-03,1.218489e-03,1.957946e-04,-4.025125e-04,-7.258241e-04,-8.433305e-04,-7.999354e-04,-6.446264e-04,-4.267359e-04,-1.915377e-04,-5.455561e-05,-9.221726e-05,-2.179660e-04,-2.260833e-04,-1.200842e-04,3.713214e-06,6.093863e-05,9.562491e-05,1.167805e-04,1.530835e-04,2.160440e-04,2.747903e-04,-7.541591e-04,-1.516546e-04,4.566673e-04,1.009820e-03,1.396732e-03,1.589770e-03,1.616343e-03,1.492819e-03,1.249492e-03,9.735603e-04,8.479426e-04,5.624076e-04,1.813313e-04,-1.812397e-06,-4.579592e-06,1.156320e-04,2.077344e-04,1.577168e-04,7.804494e-05,1.370862e-04,2.846662e-04,4.131542e-04,4.662030e-04,4.586597e-04,3.920804e-04,2.592228e-04,1.567207e-04,1.614796e-04,2.243562e-04,3.176682e-04,4.088569e-04,4.767600e-04,5.393742e-04,-2.779410e-04,-1.839491e-04,-8.938506e-05,-2.804642e-06,9.217137e-05,1.639223e-04,6.533088e-05,-2.657200e-04,-6.349556e-04,-7.625346e-04,-7.382700e-04,-6.974260e-04,-6.111181e-04,-3.259227e-04,1.424924e-04,4.871435e-04,5.824627e-04,5.367948e-04,4.416546e-04,3.335370e-04,1.918108e-04,9.804447e-05,9.959937e-05,1.019654e-04,-6.855629e-05,-3.783421e-04,-6.683064e-04,-7.471637e-04,-5.265932e-04,7.873296e-05,8.611807e-04,1.599880e-03,2.339666e-03,7.368587e-04,3.212858e-04,-1.076683e-04,-4.384448e-04,-6.039352e-04,-6.521800e-04,-7.221142e-04,-7.800787e-04,-8.047428e-04,-8.064750e-04,-8.171139e-04,-7.234776e-04,-4.818754e-04,-1.293753e-04,-1.017501e-05,-1.868480e-04,-3.537880e-04,-3.504145e-04,-2.768686e-04,-3.534889e-04,-5.405358e-04,-7.016330e-04,-7.818676e-04,-7.848903e-04,-7.158133e-04,-5.522641e-04,-4.159996e-04,-4.135831e-04,-5.284943e-04,-5.753305e-04,-2.696432e-04,2.265481e-04,7.052199e-04
2.425657e-05,-1.247206e-04,-7.735180e-04,6.221907e-03,6.692797e-03,7.222478e-03,7.155203e-03,6.800578e-03,5.179577e-03,3.528218e-03,7.047342e-03,1.447531e-02,2.310137e-02,9.105515e-03,4.737562e-03,4.248092e-03,5.135435e-03,5.943441e-03,6.456379e-03,6.486737e-03,6.782845e-03,6.553327e-03,6.702001e-03,6.905082e-03,6.638927e-03,6.794437e-03,6.562410e-03,6.566056e-03,6.798124e-03,6.363737e-03,6.133933e-03,5.872088e-03,5.586786e-03,5.351329e-03,5.135854e-03,4.859737e-03,-1.083755e-03,-5.995212e-04,-1.157257e-04,3.698272e-04,8.483377e-04,1.356341e-03,1.946342e-03,2.904125e-03,3.710684e-03,3.584056e-03,2.413368e-03,1.064152e-03,1.609210e-05,-6.165372e-04,-8.536588e-04,-8.924084e-04,-8.305729e-04,-6.921140e-04,-5.067844e-04,-3.040137e-04,-1.089673e-04,-2.502788e-05,-1.181504e-04,-2.898526e-04,-3.257646e-04,-2.271991e-04,-9.556718e-05,-2.345725e-05,3.026034e-05,6.954202e-05,1.236178e-04,2.052117e-04,2.824775e-04,9.777920e-04,7.750395e-04,5.801788e-04,3.063137e-04,-1.488881e-04,-7.456539e-04,-1.410226e-03,-1.993475e-03,-2.325409e-03,-2.242892e-03,-1.453101e-03,-6.864051e-04,-1.975421e-04,1.929580e-04,4.710070e-04,6.332472e-04,6.293580e-04,4.321695e-04,2.089992e-04,1.666635e-04,2.522331e-04,3.521949e-04,4.009557e-04,4.055472e-04,3.594961e-04,2.466198e-04,1.625932e-04,1.861514e-04,2.644498e-04,3.706615e-04,4.739749e-04,5.531808e-04,6.268648e-04,-3.388486e-04,-2.135317e-04,-8.797996e-05,2.973004e-05,1.632521e-04,2.790763e-04,2.208798e-04,-6.932299e-05,-4.332109e-04,-6.205942e-04,-6.442406e-04,-6.439960e-04,-5.884630e-04,-3.078620e-04,1.739003e-04,5.346522e-04,6.432233e-04,6.067210e-04,5.164316e-04,4.100213e-04,2.656847e-04,1.677765e-04,1.668543e-04,1.653874e-04,-1.579172e-05,-3.416623e-04,-6.472698e-04,-7.325571e-04,-5.053743e-04,1.235560e-04,9.373008e-04,1.706686e-03,2.477066e-03,6.438393e-04,2.272613e-04,-2.029777e-04,-5.333728e-04,-6.921653e-04,-7.193779e-04,-7.704826e-04,-8.194394e-04,-8.507743e-04,-8.705215e-04,-9.121337e-04,-8.399702e-04,-5.979083e-04,-2.225026e-04,-8.007217e-05,-2.422755e-04,-3.996003e-04,-3.889756e-04,-3.127545e-04,-3.994258e-04,-6.024110e-04,-7.763754e-04,-8.635890e-04,-8.667966e-04,-7.924095e-04,-6.188177e-04,-4.729382e-04,-4.670421e-04,-5.846956e-04,-6.327301e-04,-3.161486e-04,1.980663e-04,6.942462e-04
-8.252799e-08,-9.094469e-05,-7.822076e-04,7.427462e-03,7.399593e-03,7.407591e-03,7.075158e-03,6.951744e-03,6.340273e-03,5.856591e-03,6.302174e-03,7.136591e-03,9.105515e-03,1.954339e-02,1.310199e-02,8.788118e-03,4.592428e-03,3.283850e-03,4.085721e-03,5.459459e-03,6.836439e-03,7.133608e-03,6.990778e-03,6.946588e-03,6.679289e-03,6.893882e-03,6.636606e-03,6.601606e-03,6.834150e-03,6.406907e-03,6.175007e-03,5.880167e-03,5.607179e-03,5.370882e-03,5.148860e-03,4.870275e-03,-6.545684e-05,-6.889760e-05,-7.281862e-05,-7.480350e-05,-8.437126e-05,-6.057862e-05,1.128589e-04,4.540692e-04,7.661522e-04,7.990103e-04,3.191516e-04,1.359797e-04,3.786127e-04,7.068601e-04,9.756355e-04,1.126467e-03,1.162061e-03,1.088621e-03,9.506641e-04,7.820887e-04,6.299813e-04,4.074024e-04,6.984336e-05,-2.645491e-04,-3.959653e-04,-3.289863e-04,-1.807857e-04,-6.186946e-05,5.169165e-05,1.452922e-04,2.468805e-04,3.743524e-04,4.978436e-04,-5.030917e-04,-1.840264e-04,1.397136e-04,4.199688e-04,5.999794e-04,7.555428e-04,1.032269e-03,1.443596e-03,2.009946e-03,2.709226e-03,3.639321e-03,3.904677e-03,3.387956e-03,2.473684e-03,1.553493e-03,8.094597e-04,2.189080e-04,-2.468251e-04,-5.864540e-04,-6.937823e-04,-5.889973e-04,-4.170678e-04,-2.694554e-04,-1.503479e-04,-8.115455e-05,-9.356814e-05,-9.651664e-05,-1.298145e-05,1.006802e-04,2.277427e-04,3.497013e-04,4.496014e-04,5.439586e-04,-4.529066e-04,-3.286452e-04,-2.043818e-04,-8.406779e-05,5.866692e-05,1.944496e-04,1.622939e-04,-7.786187e-05,-3.932310e-04,-5.814811e-04,-6.353176e-04,-6.946325e-04,-7.015900e-04,-4.483304e-04,3.859319e-05,4.137488e-04,5.304417e-04,4.985486e-04,4.119779e-04,3.078038e-04,1.663150e-04,7.495281e-05,8.193005e-05,8.770633e-05,-8.915766e-05,-4.142508e-04,-7.195132e-04,-8.051340e-04,-5.788273e-04,5.109897e-05,8.675296e-04,1.637246e-03,2.408218e-03,7.861812e-04,3.823203e-04,-3.527986e-05,-3.513481e-04,-4.940264e-04,-5.098203e-04,-5.647470e-04,-6.339673e-04,-7.041901e-04,-7.695793e-04,-8.493104e-04,-7.828743e-04,-5.213895e-04,-1.059208e-04,5.861734e-05,-1.036558e-04,-2.686664e-04,-2.673321e-04,-1.908873e-04,-2.636017e-04,-4.545274e-04,-6.220898e-04,-7.082605e-04,-7.174049e-04,-6.528881e-04,-4.890554e-04,-3.538235e-04,-3.573089e-04,-4.812832e-04,-5.326175e-04,-2.118062e-04,3.082752e-04,8.097974e-04
4.398546e-05,-1.003355e-04,-7.184307e-04,8.432221e-03,7.739137e-03,7.076605e-03,6.275875e-03,5.998885e-03,5.870100e-03,6.289067e-03,6.373583e-03,4.601367e-03,4.737562e-03,1.310199e-02,2.921238e-02,1.758340e-02,6.579452e-03,-5.671101e-04,-5.112773e-04,2.643870e-03,6.008280e-03,7.459621e-03,6.979671e-03,6.421954e-03,6.049225e-03,6.324759e-03,6.112406e-03,6.052884e-03,6.251750e-03,5.855927e-03,5.647316e-03,5.362320e-03,5.123889e-03,4.901751e-03,4.686952e-03,4.422554e-03,-4.483308e-03,-4.024175e-03,-3.565850e-03,-3.104268e-03,-2.654908e-03,-2.148309e-03,-1.360431e-03,-3.774155e-04,7.598506e-04,1.960196e-03,2.700295e-03,3.503256e-03,4.276044e-03,4.548548e-03,4.336104e-03,3.873464e-03,3.344048e-03,2.709541e-03,2.056773e-03,1.440531e-03,9.407249e-04,4.556461e-04,-6.038318e-05,-4.915360e-04,-6.819884e-04,-6.398599e-04,-4.854808e-04,-3.363401e-04,-1.817857e-04,-4.888968e-05,8.792222e-05,2.474681e-04,4.035884e-04,-2.503568e-03,-1.250668e-03,2.872282e-06,1.254854e-03,2.463712e-03,3.669917e-03,5.063347e-03,6.541533e-03,7.998427e-03,9.285447e-03,1.033768e-02,1.017041e-02,8.360874e-03,5.357708e-03,2.557869e-03,5.641282e-04,-6.775698e-04,-1.270260e-03,-1.521879e-03,-1.529449e-03,-1.282369e-03,-9.614229e-04,-6.761121e-04,-4.304122e-04,-2.502814e-04,-1.710559e-04,-1.085623e-04,1.248408e-05,1.393819e-04,2.660808e-04,3.862739e-04,4.867739e-04,5.822165e-04,-1.219238e-04,-1.727836e-05,8.758839e-05,1.896112e-04,3.140422e-04,4.390634e-04,4.131842e-04,2.027789e-04,-9.078855e-05,-3.070122e-04,-4.289562e-04,-5.557815e-04,-6.054979e-04,-3.647494e-04,1.279241e-04,5.227476e-04,6.703335e-04,6.718423e-04,6.086385e-04,5.164390e-04,3.808372e-04,2.851128e-04,2.777116e-04,2.685528e-04,9.490422e-05,-2.136901e-04,-5.055915e-04,-5.941148e-04,-3.938030e-04,1.818062e-04,9.299886e-04,1.638082e-03,2.347047e-03,7.023540e-04,3.194246e-04,-7.642359e-05,-3.748713e-04,-5.119449e-04,-5.371082e-04,-6.002921e-04,-6.809538e-04,-7.664037e-04,-8.457240e-04,-9.213721e-04,-8.702110e-04,-5.998493e-04,-1.245106e-04,7.589662e-05,-7.995237e-05,-2.642743e-04,-3.155873e-04,-2.845881e-04,-3.620521e-04,-5.347731e-04,-6.773827e-04,-7.409804e-04,-7.324276e-04,-6.573250e-04,-4.946760e-04,-3.622569e-04,-3.631354e-04,-4.802545e-04,-5.335258e-04,-2.482620e-04,2.184152e-04,6.684925e-04
6.485117e-05,-9.517346e-05,-6.652279e-04,8.361655e-03,7.506145e-03,6.700733e-03,5.710248e-03,5.238086e-03,5.246565e-03,5.995117e-03,6.672296e-03,5.597929e-03,4.248092e-03,8.788118e-03,1.758340e-02,2.756690e-02,1.166857e-02,1.146056e-04,-3.266193e-03,9.253846e-05,4.923821e-03,7.433721e-03,6.977797e-03,6.087066e-03,5.526158e-03,5.788076e-03,5.688228e-03,5.673336e-03,5.816824e-03,5.404689e-03,5.210273e-03,4.983065e-03,4.772224e-03,4.580066e-03,4.400012e-03,4.171792e-03,-8.327106e-03,-7.342941e-03,-6.359894e-03,-5.372336e-03,-4.401562e-03,-3.351778e-03,-1.908294e-03,-8.653876e-05,2.137002e-03,4.644147e-03,6.750535e-03,8.430761e-03,9.286143e-03,8.680814e-03,6.981358e-03,5.143348e-03,3.701209e-03,2.496109e-03,1.557064e-03,8.641674e-04,4.274458e-04,8.377932e-05,-2.681991e-04,-5.578595e-04,-6.564966e-04,-5.793957e-04,-4.357571e-04,-3.241868e-04,-2.207592e-04,-1.361068e-04,-4.399541e-05,6.992221e-05,1.804923e-04,-3.323335e-03,-1.585576e-03,1.513316e-04,1.897904e-03,3.575904e-03,5.136201e-03,6.757002e-03,8.298644e-03,9.615603e-03,1.053931e-02,1.093566e-02,1.012839e-02,7.723154e-03,4.033215e-03,8.325190e-04,-1.102730e-03,-1.986672e-03,-2.083595e-03,-1.854299e-03,-1.521045e-03,-1.053280e-03,-6.211622e-04,-3.097979e-04,-9.641676e-05,1.918556e-05,2.996331e-05,2.864759e-05,9.189950e-05,1.747780e-04,2.670369e-04,3.553781e-04,4.244952e-04,4.890154e-04,4.931810e-05,1.454429e-04,2.421303e-04,3.347568e-04,4.460868e-04,5.614588e-04,5.363184e-04,3.306029e-04,2.799853e-05,-2.261256e-04,-4.132560e-04,-5.887460e-04,-6.482573e-04,-3.711095e-04,1.789532e-04,6.150757e-04,7.810960e-04,7.887425e-04,7.219507e-04,6.206087e-04,4.763061e-04,3.699100e-04,3.496556e-04,3.326050e-04,1.680262e-04,-1.190043e-04,-3.912389e-04,-4.747070e-04,-2.900330e-04,2.427353e-04,9.344502e-04,1.589989e-03,2.246290e-03,6.642003e-04,3.030032e-04,-7.049970e-05,-3.512331e-04,-4.801573e-04,-5.082344e-04,-5.697998e-04,-6.478216e-04,-7.319335e-04,-8.163887e-04,-9.002081e-04,-8.716858e-04,-6.181001e-04,-1.323644e-04,7.853645e-05,-7.379209e-05,-2.629309e-04,-3.350016e-04,-3.241883e-04,-3.956756e-04,-5.463627e-04,-6.647182e-04,-7.083306e-04,-6.866183e-04,-6.062462e-04,-4.489855e-04,-3.242388e-04,-3.274852e-04,-4.418434e-04,-4.981507e-04,-2.415384e-04,1.823963e-04,5.911539e-04
2.679952e-05,-9.886581e-05,-6.097644e-04,6.692900e-03,6.336556e-03,6.038866e-03,5.417608e-03,5.022411e-03,4.893188e-03,5.328058e-03,6.119521e-03,5.991737e-03,5.135435e-03,4.592428e-03,6.579452e-03,1.166857e-02,2.064638e-02,7.305175e-03,5.173986e-04,-5.282945e-05,3.771723e-03,6.155468e-03,6.292584e-03,5.770918e-03,5.153634e-03,5.244235e-03,5.233217e-03,5.332438e-03,5.421471e-03,4.967731e-03,4.781554e-03,4.657157e-03,4.460872e-03,4.320382e-03,4.208235e-03,4.043008e-03,-5.795526e-03,-5.111230e-03,-4.427813e-03,-3.740854e-03,-3.067171e-03,-2.332106e-03,-1.292920e-03,7.186267e-05,1.730076e-03,3.562390e-03,5.289790e-03,6.732774e-03,7.402060e-03,6.594687e-03,4.338407e-03,2.024368e-03,4.846179e-04,-4.593504e-04,-9.048283e-04,-9.754347e-04,-7.798079e-04,-5.136703e-04,-3.398314e-04,-2.558509e-04,-1.221128e-04,3.443671e-05,1.344912e-04,1.281453e-04,7.898521e-05,2.231397e-05,-1.432283e-05,-2.733799e-05,-4.419967e-05,-2.018838e-03,-7.865868e-04,4.468345e-04,1.667073e-03,2.774086e-03,3.687926e-03,4.507844e-03,5.104303e-03,5.343059e-03,5.085076e-03,4.192744e-03,2.462496e-03,-7.611373e-05,-2.817807e-03,-4.183262e-03,-3.944070e-03,-2.938533e-03,-1.792200e-03,-7.681065e-04,1.828223e-05,6.240242e-04,9.866640e-04,1.106074e-03,1.049494e-03,8.711344e-04,6.211666e-04,4.099290e-04,3.120615e-04,2.923198e-04,3.171153e-04,3.442856e-04,3.504606e-04,3.523887e-04,-1.479172e-04,-4.980892e-05,4.884078e-05,1.424508e-04,2.487174e-04,3.527900e-04,3.237702e-04,1.251347e-04,-1.538280e-04,-3.697995e-04,-5.317242e-04,-6.883710e-04,-7.416652e-04,-4.913463e-04,4.636859e-05,4.724175e-04,6.210259e-04,6.100832e-04,5.302122e-04,4.220206e-04,2.775350e-04,1.718135e-04,1.494664e-04,1.354346e-04,-1.281380e-05,-2.690305e-04,-5.061939e-04,-5.675324e-04,-3.815149e-04,1.195388e-04,7.642413e-04,1.373681e-03,1.983977e-03,5.352924e-04,2.056333e-04,-1.353384e-04,-3.919009e-04,-5.079354e-04,-5.274288e-04,-5.732326e-04,-6.248567e-04,-6.671446e-04,-7.006329e-04,-7.283926e-04,-6.532181e-04,-3.971712e-04,2.426103e-05,1.449188e-04,-8.059067e-05,-3.127070e-04,-3.946013e-04,-3.845184e-04,-4.459724e-04,-5.766020e-04,-6.792032e-04,-7.150302e-04,-6.922719e-04,-6.169207e-04,-4.713738e-04,-3.547807e-04,-3.540689e-04,-4.537663e-04,-4.986250e-04,-2.552273e-04,1.444338e-04,5.298916e-04
