2.467637e-04,-4.288289e-06,1.552438e-06,2.010053e-06,-5.272411e-07,-3.014706e-06,-4.914181e-06,-6.472314e-06,-5.161115e-06,-4.091760e-06,-6.630586e-06,-1.361242e-05,-2.530548e-05,-3.008127e-05,-3.497512e-05,-3.316477e-05,-2.791035e-05,-2.193183e-05,-1.568182e-05,-1.026733e-05,-6.582490e-06,-2.823909e-06,-1.682029e-06,-3.473164e-06,-6.332259e-06,-9.693879e-06,-1.090288e-05,-7.986570e-06,-2.417880e-06,3.035098e-06,6.344397e-06,4.092318e-06,-5.616088e-06,-1.787835e-05,-3.233788e-05,-4.610023e-05,-1.068916e-03,-1.057834e-03,-1.046754e-03,-1.035665e-03,-1.024611e-03,-1.013301e-03,-1.002363e-03,-9.915679e-04,-9.807588e-04,-9.694952e-04,-9.579757e-04,-9.477846e-04,-9.416421e-04,-9.391625e-04,-9.403632e-04,-9.443092e-04,-9.501050e-04,-9.568224e-04,-9.635174e-04,-9.692648e-04,-9.739216e-04,-9.771416e-04,-9.787070e-04,-9.779604e-04,-9.757861e-04,-9.722459e-04,-9.670782e-04,-9.608129e-04,-9.533443e-04,-9.448008e-04,-9.354558e-04,-9.265117e-04,-9.174814e-04,2.181991e-05,2.439940e-05,2.697341e-05,2.969701e-05,3.254162e-05,3.558237e-05,3.827989e-05,4.002721e-05,4.022999e-05,3.827267e-05,3.424555e-05,3.014005e-05,2.621303e-05,2.213795e-05,1.823003e-05,1.445251e-05,1.108002e-05,8.303723e-06,6.476858e-06,6.002644e-06,6.488609e-06,7.707132e-06,9.413872e-06,1.135811e-05,1.329841e-05,1.497750e-05,1.614433e-05,1.729452e-05,1.816287e-05,1.909984e-05,1.954028e-05,1.983873e-05,2.021066e-05,1.312820e-03,1.260263e-03,1.207656e-03,1.154901e-03,1.103344e-03,1.053489e-03,1.008242e-03,9.680140e-04,9.335409e-04,9.045568e-04,8.826061e-04,8.713397e-04,8.750458e-04,8.914651e-04,9.185342e-04,9.502981e-04,9.789568e-04,1.000615e-03,1.015194e-03,1.021450e-03,1.020737e-03,1.013434e-03,1.000392e-03,9.811922e-04,9.567579e-04,9.261865e-04,8.887637e-04,8.477913e-04,8.060203e-04,7.656240e-04,7.258682e-04,6.881483e-04,6.502087e-04,-1.200196e-04,-1.113307e-04,-1.026730e-04,-9.364398e-05,-8.300093e-05,-7.016908e-05,-5.615643e-05,-4.314944e-05,-3.247025e-05,-2.546079e-05,-2.222625e-05,-2.072044e-05,-2.115401e-05,-2.377750e-05,-2.752401e-05,-3.286187e-05,-3.749168e-05,-3.949705e-05,-3.642007e-05,-2.713625e-05,-1.295387e-05,4.104786e-06,2.216425e-05,3.931040e-05,5.298586e-05,5.993484e-05,5.798497e-05,4.669456e-05,2.679216e-05,1.756412e-06,-2.733178e-05,-5.799113e-05,-8.838237e-05
-4.288289e-06,2.400150e-04,-3.404983e-06,3.463533e-06,-9.916098e-06,-2.265505e-05,-3.605608e-05,-4.566714e-05,-4.945329e-05,-4.678332e-05,-3.970437e-05,-3.362270e-05,-2.488623e-05,-2.136530e-05,-1.644670e-05,-1.102641e-05,-1.080622e-05,-8.433738e-06,-6.343959e-06,-1.117868e-05,-1.400612e-05,-1.645801e-05,-1.885890e-05,-2.348836e-05,-2.840931e-05,-3.242818e-05,-3.524732e-05,-3.719482e-05,-3.739868e-05,-3.506021e-05,-3.174456e-05,-2.116237e-05,8.082176e-07,2.391906e-05,5.435335e-05,8.517592e-05,5.924902e-05,5.660856e-05,5.396565e-05,5.133212e-05,4.865317e-05,4.633632e-05,4.466043e-05,4.380306e-05,4.296847e-05,4.072899e-05,3.612310e-05,2.972277e-05,2.237383e-05,1.511975e-05,9.280212e-06,4.397842e-06,6.074173e-07,-1.885641e-06,-2.858009e-06,-2.116646e-06,-1.440194e-07,2.419771e-06,4.940468e-06,6.887306e-06,8.014774e-06,8.197279e-06,6.959904e-06,4.125539e-06,-1.483480e-06,-1.028234e-05,-2.086428e-05,-3.164111e-05,-4.236894e-05,-1.079113e-03,-1.060980e-03,-1.042824e-03,-1.024355e-03,-1.006313e-03,-9.886921e-04,-9.717055e-04,-9.554195e-04,-9.398920e-04,-9.252398e-04,-9.119006e-04,-9.020776e-04,-8.963762e-04,-8.956483e-04,-8.980113e-04,-9.025040e-04,-9.066758e-04,-9.101879e-04,-9.134517e-04,-9.157222e-04,-9.172027e-04,-9.182062e-04,-9.190297e-04,-9.199698e-04,-9.213128e-04,-9.233748e-04,-9.260994e-04,-9.297771e-04,-9.335121e-04,-9.361427e-04,-9.365554e-04,-9.356247e-04,-9.346697e-04,-9.800292e-05,-9.095798e-05,-8.392130e-05,-7.669210e-05,-6.816581e-05,-5.756229e-05,-4.566087e-05,-3.431318e-05,-2.498681e-05,-1.878938e-05,-1.598896e-05,-1.504988e-05,-1.634572e-05,-2.001642e-05,-2.472403e-05,-3.063494e-05,-3.573771e-05,-3.849947e-05,-3.682265e-05,-2.965429e-05,-1.793131e-05,-3.451711e-06,1.213661e-05,2.721646e-05,3.977310e-05,4.716836e-05,4.741299e-05,3.993836e-05,2.506721e-05,5.528508e-06,-1.753898e-05,-4.180206e-05,-6.585545e-05,1.150236e-03,1.135491e-03,1.120699e-03,1.105069e-03,1.087816e-03,1.065673e-03,1.037601e-03,1.001524e-03,9.594168e-04,9.146498e-04,8.727150e-04,8.418764e-04,8.247931e-04,8.241714e-04,8.375440e-04,8.634796e-04,8.962962e-04,9.315403e-04,9.659724e-04,9.953301e-04,1.018255e-03,1.032507e-03,1.036182e-03,1.026800e-03,1.005916e-03,9.760915e-04,9.379759e-04,8.953775e-04,8.504192e-04,8.038518e-04,7.567533e-04,7.076924e-04,6.586791e-04
1.552438e-06,-3.404983e-06,5.079799e-05,-4.735326e-04,-4.685002e-04,-4.633355e-04,-4.563569e-04,-4.522628e-04,-4.476679e-04,-4.474657e-04,-4.458563e-04,-4.402916e-04,-4.240967e-04,-3.980794e-04,-3.759841e-04,-3.645277e-04,-3.672186e-04,-3.833043e-04,-4.086291e-04,-4.283053e-04,-4.390061e-04,-4.467118e-04,-4.482164e-04,-4.488283e-04,-4.475447e-04,-4.459458e-04,-4.398136e-04,-4.329450e-04,-4.247914e-04,-4.093957e-04,-3.948476e-04,-3.829174e-04,-3.760957e-04,-3.714733e-04,-3.687698e-04,-3.654901e-04,1.526776e-05,1.220313e-05,9.143238e-06,6.065273e-06,3.056820e-06,-4.257932e-07,-5.057608e-06,-1.031889e-05,-1.459686e-05,-1.773772e-05,-1.940246e-05,-1.958870e-05,-1.840538e-05,-1.662838e-05,-1.496869e-05,-1.337122e-05,-1.176834e-05,-1.019694e-05,-8.762334e-06,-6.959118e-06,-4.536303e-06,-1.835731e-06,1.035080e-06,3.418269e-06,3.843481e-06,2.473849e-06,2.643799e-07,-1.852106e-06,-3.601545e-06,-4.668167e-06,-5.607194e-06,-6.803121e-06,-7.947139e-06,1.786608e-05,1.556819e-05,1.324727e-05,1.134692e-05,1.038218e-05,9.834928e-06,9.308436e-06,8.993913e-06,8.983749e-06,9.400902e-06,1.026585e-05,1.204560e-05,1.446293e-05,1.694232e-05,1.968082e-05,2.318862e-05,2.657790e-05,2.847222e-05,2.875820e-05,2.837655e-05,2.793362e-05,2.747595e-05,2.716654e-05,2.711848e-05,2.745403e-05,2.839424e-05,2.931703e-05,2.966477e-05,2.957394e-05,2.901842e-05,2.790554e-05,2.674318e-05,2.562118e-05,-5.387278e-06,-1.895663e-06,1.590788e-06,5.035098e-06,8.251976e-06,1.179174e-05,1.623148e-05,2.100928e-05,2.445602e-05,2.620056e-05,2.615101e-05,2.347521e-05,1.772984e-05,1.142566e-05,7.415007e-06,6.067255e-06,6.812691e-06,9.213324e-06,1.294217e-05,1.684930e-05,2.015302e-05,2.274770e-05,2.426601e-05,2.486106e-05,2.515778e-05,2.432166e-05,2.076748e-05,1.305762e-05,2.902722e-07,-1.737420e-05,-3.699660e-05,-5.642532e-05,-7.586359e-05,-7.070129e-06,-4.620200e-06,-2.115268e-06,-3.449091e-07,1.589104e-07,2.680676e-08,-2.540634e-07,-1.002971e-06,-2.349526e-06,-4.353861e-06,-7.575884e-06,-1.236764e-05,-1.700710e-05,-1.886404e-05,-1.918540e-05,-1.968762e-05,-2.020846e-05,-1.931494e-05,-1.698313e-05,-1.437052e-05,-1.212426e-05,-1.044500e-05,-9.629900e-06,-9.996212e-06,-1.172358e-05,-1.506570e-05,-1.895437e-05,-2.256471e-05,-2.603702e-05,-3.125691e-05,-3.943598e-05,-4.898798e-05,-5.840256e-05
2.010053e-06,3.463533e-06,-4.735326e-04,3.145915e-02,1.974066e-02,1.063943e-02,5.388402e-03,3.039207e-03,2.438457e-03,2.813535e-03,3.405430e-03,3.797879e-03,3.916642e-03,3.781561e-03,3.567672e-03,3.423031e-03,3.448863e-03,3.605268e-03,3.836167e-03,4.010492e-03,4.102768e-03,4.165526e-03,4.172835e-03,4.177539e-03,4.167992e-03,4.158131e-03,4.106393e-03,4.045357e-03,3.971552e-03,3.829226e-03,3.693098e-03,3.578410e-03,3.508050e-03,3.457302e-03,3.423620e-03,3.384551e-03,2.285305e-03,2.021940e-03,1.758611e-03,1.494763e-03,1.227905e-03,9.618870e-04,7.139497e-04,5.059339e-04,3.516253e-04,2.410288e-04,1.614484e-04,1.034206e-04,5.657753e-05,2.057359e-05,-3.253197e-06,-1.898950e-05,-2.894000e-05,-3.482453e-05,-3.770288e-05,-4.379630e-05,-5.615254e-05,-7.193722e-05,-9.059892e-05,-1.062992e-04,-1.053940e-04,-8.892915e-05,-6.538836e-05,-4.321149e-05,-2.454849e-05,-1.208614e-05,-6.765823e-07,1.313241e-05,2.645593e-05,-4.244743e-03,-3.344640e-03,-2.434872e-03,-1.646707e-03,-1.024606e-03,-5.529105e-04,-2.176758e-04,4.229539e-06,1.319435e-04,1.830168e-04,1.794291e-04,1.389689e-04,8.109209e-05,2.489004e-05,-2.852309e-05,-8.230597e-05,-1.289718e-04,-1.565270e-04,-1.655213e-04,-1.661365e-04,-1.645645e-04,-1.614203e-04,-1.584740e-04,-1.570071e-04,-1.583833e-04,-1.649278e-04,-1.710374e-04,-1.715371e-04,-1.678947e-04,-1.599829e-04,-1.471212e-04,-1.339462e-04,-1.211460e-04,1.834363e-04,1.264588e-04,6.931523e-05,2.031628e-05,-1.991513e-05,-5.755779e-05,-9.939675e-05,-1.424637e-04,-1.738743e-04,-1.898282e-04,-1.893007e-04,-1.643050e-04,-1.098244e-04,-4.919498e-05,-9.309243e-06,6.094738e-06,1.583262e-06,-1.914143e-05,-5.319740e-05,-8.999526e-05,-1.220368e-04,-1.481318e-04,-1.646267e-04,-1.728156e-04,-1.782676e-04,-1.729706e-04,-1.419590e-04,-7.153372e-05,4.686607e-05,2.115755e-04,3.949965e-04,5.768749e-04,7.588042e-04,6.735424e-04,5.520965e-04,4.300411e-04,3.109610e-04,2.075788e-04,1.243220e-04,5.815505e-05,1.271668e-05,-1.307023e-05,-2.061902e-05,-7.205212e-06,2.693658e-05,6.312342e-05,7.439549e-05,7.204342e-05,7.163840e-05,7.192006e-05,5.965917e-05,3.492001e-05,8.812603e-06,-1.269792e-05,-2.769403e-05,-3.340117e-05,-2.678008e-05,-6.521461e-06,2.925930e-05,7.039293e-05,1.087357e-04,1.454255e-04,1.982246e-04,2.784086e-04,3.715232e-04,4.633680e-04
-5.272411e-07,-9.916098e-06,-4.685002e-04,1.974066e-02,1.502208e-02,9.714405e-03,6.210791e-03,4.194712e-03,3.389038e-03,3.361200e-03,3.594933e-03,3.786951e-03,3.821289e-03,3.674336e-03,3.486596e-03,3.372955e-03,3.407685e-03,3.561794e-03,3.792036e-03,3.968765e-03,4.062559e-03,4.127066e-03,4.136154e-03,4.141163e-03,4.130981e-03,4.119321e-03,4.065879e-03,4.004604e-03,3.931249e-03,3.790167e-03,3.655508e-03,3.542262e-03,3.472825e-03,3.422801e-03,3.389057e-03,3.349968e-03,1.465019e-03,1.280756e-03,1.096426e-03,9.120785e-04,7.240448e-04,5.443433e-04,3.929491e-04,2.781513e-04,2.000064e-04,1.493273e-04,1.146061e-04,8.909082e-05,6.543526e-05,4.524126e-05,3.125362e-05,2.092492e-05,1.273384e-05,5.884297e-06,2.233722e-07,-9.702461e-06,-2.639736e-05,-4.662429e-05,-6.937165e-05,-8.848643e-05,-9.031251e-05,-7.601579e-05,-5.409131e-05,-3.301227e-05,-1.499425e-05,-2.799995e-06,8.503099e-06,2.218941e-05,3.539259e-05,-2.316032e-03,-1.746575e-03,-1.169886e-03,-6.847010e-04,-3.265454e-04,-7.369290e-05,9.373198e-05,1.902311e-04,2.301063e-04,2.261157e-04,1.941714e-04,1.446155e-04,8.919721e-05,3.979325e-05,-5.325069e-06,-5.132042e-05,-9.158630e-05,-1.144100e-04,-1.198921e-04,-1.177739e-04,-1.140542e-04,-1.092899e-04,-1.051661e-04,-1.028923e-04,-1.037644e-04,-1.100119e-04,-1.160497e-04,-1.166949e-04,-1.133847e-04,-1.060254e-04,-9.395270e-05,-8.167116e-05,-6.976161e-05,1.265501e-04,8.005833e-05,3.345903e-05,-6.947272e-06,-3.996867e-05,-7.235485e-05,-1.110558e-04,-1.522635e-04,-1.821053e-04,-1.968175e-04,-1.954027e-04,-1.700788e-04,-1.158802e-04,-5.578796e-05,-1.636671e-05,-1.214111e-06,-5.791711e-06,-2.646656e-05,-6.051649e-05,-9.751648e-05,-1.300105e-04,-1.567185e-04,-1.739384e-04,-1.828496e-04,-1.888496e-04,-1.838446e-04,-1.529007e-04,-8.246503e-05,3.588690e-05,2.003286e-04,3.834865e-04,5.651655e-04,7.468855e-04,3.852628e-04,2.915058e-04,1.971540e-04,1.069789e-04,3.267950e-05,-2.392107e-05,-6.667513e-05,-9.222765e-05,-1.013190e-04,-9.527687e-05,-7.129136e-05,-2.966889e-05,1.141660e-05,2.580053e-05,2.496831e-05,2.456552e-05,2.383474e-05,1.011664e-05,-1.627183e-05,-4.400549e-05,-6.701863e-05,-8.321442e-05,-8.966308e-05,-8.314637e-05,-6.240286e-05,-2.566917e-05,1.698186e-05,5.727401e-05,9.619493e-05,1.512322e-04,2.334634e-04,3.286250e-04,4.225238e-04
-3.014706e-06,-2.265505e-05,-4.633355e-04,1.063943e-02,9.714405e-03,9.026017e-03,7.016433e-03,5.375180e-03,4.337122e-03,3.906424e-03,3.779087e-03,3.771679e-03,3.723384e-03,3.566105e-03,3.405118e-03,3.322210e-03,3.365132e-03,3.516486e-03,3.746138e-03,3.925609e-03,4.021113e-03,4.087433e-03,4.098329e-03,4.103626e-03,4.092760e-03,4.079220e-03,4.024000e-03,3.962473e-03,3.889609e-03,3.749846e-03,3.616717e-03,3.504987e-03,3.436569e-03,3.387348e-03,3.353613e-03,3.314582e-03,6.105265e-04,5.095623e-04,4.084282e-04,3.077818e-04,2.027763e-04,1.136079e-04,6.271054e-05,4.439099e-05,4.495896e-05,5.605652e-05,6.743522e-05,7.520770e-05,7.519081e-05,7.102960e-05,6.697623e-05,6.206359e-05,5.556530e-05,4.762729e-05,3.902054e-05,2.507583e-05,3.846859e-06,-2.101287e-05,-4.801698e-05,-7.068700e-05,-7.535396e-05,-6.330546e-05,-4.305025e-05,-2.310044e-05,-5.749100e-06,6.156343e-06,1.733050e-05,3.086968e-05,4.392848e-05,-3.267213e-04,-9.557614e-05,1.403485e-04,3.146212e-04,4.010226e-04,4.278511e-04,4.211535e-04,3.868168e-04,3.343441e-04,2.717325e-04,2.088188e-04,1.484130e-04,9.438877e-05,5.121499e-05,1.416698e-05,-2.407568e-05,-5.787424e-05,-7.586965e-05,-7.772957e-05,-7.275455e-05,-6.675584e-05,-6.023717e-05,-5.480363e-05,-5.159793e-05,-5.185349e-05,-5.770948e-05,-6.360218e-05,-6.434220e-05,-6.132990e-05,-5.449831e-05,-4.319164e-05,-3.177940e-05,-2.073597e-05,7.305153e-05,3.641789e-05,-2.688306e-07,-3.266379e-05,-5.897738e-05,-8.652274e-05,-1.223915e-04,-1.619217e-04,-1.902839e-04,-2.037805e-04,-2.014694e-04,-1.757950e-04,-1.218595e-04,-6.229084e-05,-2.332007e-05,-8.405939e-06,-1.303470e-05,-3.363993e-05,-6.765379e-05,-1.048156e-04,-1.377156e-04,-1.649888e-04,-1.828894e-04,-1.924861e-04,-1.990081e-04,-1.942888e-04,-1.634360e-04,-9.304742e-05,2.516460e-05,1.892206e-04,3.719829e-04,5.533281e-04,7.347045e-04,9.516217e-05,3.000767e-05,-3.571659e-05,-9.614571e-05,-1.406791e-04,-1.701244e-04,-1.891353e-04,-1.946275e-04,-1.869679e-04,-1.673622e-04,-1.328766e-04,-8.385828e-05,-3.794714e-05,-2.048514e-05,-1.979643e-05,-2.016529e-05,-2.185556e-05,-3.695840e-05,-6.491343e-05,-9.419637e-05,-1.186477e-04,-1.359993e-04,-1.431734e-04,-1.367820e-04,-1.156086e-04,-7.800573e-05,-3.394585e-05,8.174479e-06,4.919770e-05,1.063344e-04,1.904634e-04,2.875133e-04,3.833080e-04
-4.914181e-06,-3.605608e-05,-4.563569e-04,5.388402e-03,6.210791e-03,7.016433e-03,7.667981e-03,6.357767e-03,5.264998e-03,4.456249e-03,3.988881e-03,3.773834e-03,3.625532e-03,3.443945e-03,3.303735e-03,3.253489e-03,3.311566e-03,3.464654e-03,3.691999e-03,3.869535e-03,3.963999e-03,4.030854e-03,4.043042e-03,4.048608e-03,4.037491e-03,4.022887e-03,3.966949e-03,3.905724e-03,3.833558e-03,3.695488e-03,3.564276e-03,3.454276e-03,3.386768e-03,3.338288e-03,3.304590e-03,3.265651e-03,9.094209e-05,3.194354e-05,-2.732242e-05,-8.562988e-05,-1.489254e-04,-1.890905e-04,-1.786840e-04,-1.330220e-04,-7.931685e-05,-2.525866e-05,1.952118e-05,5.259696e-05,7.157936e-05,8.114024e-05,8.601359e-05,8.636502e-05,8.217030e-05,7.434052e-05,6.440569e-05,4.835552e-05,2.466514e-05,-2.764063e-06,-3.213473e-05,-5.679866e-05,-6.318126e-05,-5.265869e-05,-3.367612e-05,-1.468164e-05,2.053452e-06,1.368436e-05,2.472996e-05,3.811863e-05,5.103069e-05,8.276206e-04,8.397036e-04,8.543625e-04,8.331749e-04,7.544754e-04,6.492775e-04,5.479149e-04,4.484417e-04,3.560368e-04,2.745018e-04,2.085199e-04,1.550603e-04,1.124305e-04,8.011277e-05,5.223284e-05,2.110037e-05,-7.675502e-06,-2.244922e-05,-2.232599e-05,-1.612006e-05,-9.392520e-06,-2.573229e-06,2.842638e-06,5.807419e-06,5.180405e-06,-1.055320e-06,-7.374763e-06,-8.621537e-06,-6.194155e-06,-9.453211e-08,1.027155e-05,2.065643e-05,3.067615e-05,5.279029e-05,2.143735e-05,-9.920061e-06,-3.862301e-05,-6.206136e-05,-8.783042e-05,-1.233588e-04,-1.634313e-04,-1.922544e-04,-2.061891e-04,-2.043046e-04,-1.792880e-04,-1.263622e-04,-6.778987e-05,-2.943169e-05,-1.467367e-05,-1.913338e-05,-3.938135e-05,-7.304230e-05,-1.100815e-04,-1.431609e-04,-1.708290e-04,-1.893039e-04,-1.995353e-04,-2.065563e-04,-2.021516e-04,-1.715217e-04,-1.014563e-04,1.616854e-05,1.792252e-04,3.609134e-04,5.412579e-04,7.216228e-04,-2.028570e-04,-2.380131e-04,-2.737092e-04,-3.032083e-04,-3.170132e-04,-3.184393e-04,-3.129695e-04,-2.977891e-04,-2.729736e-04,-2.396309e-04,-1.947441e-04,-1.386049e-04,-8.819277e-05,-6.794314e-05,-6.597860e-05,-6.655171e-05,-6.942289e-05,-8.609269e-05,-1.157315e-04,-1.466318e-04,-1.725624e-04,-1.910913e-04,-1.990039e-04,-1.927520e-04,-1.711833e-04,-1.327932e-04,-8.742508e-05,-4.357712e-05,-5.598651e-07,5.849840e-05,1.442334e-04,2.428305e-04,3.401852e-04
-6.472314e-06,-4.566714e-05,-4.522628e-04,3.039207e-03,4.194712e-03,5.375180e-03,6.357767e-03,7.135773e-03,6.187891e-03,5.217660e-03,4.403204e-03,3.940340e-03,3.630907e-03,3.380584e-03,3.233117e-03,3.198807e-03,3.267264e-03,3.426796e-03,3.656695e-03,3.834067e-03,3.928771e-03,3.997952e-03,4.012519e-03,4.018716e-03,4.007290e-03,3.991474e-03,3.934482e-03,3.873012e-03,3.800868e-03,3.663478e-03,3.533257e-03,3.424298e-03,3.357587e-03,3.310009e-03,3.276778e-03,3.238330e-03,-7.225097e-04,-6.904615e-04,-6.587134e-04,-6.258118e-04,-5.977488e-04,-5.444372e-04,-4.387322e-04,-3.042932e-04,-1.839400e-04,-8.151317e-05,-2.853790e-06,5.289449e-05,8.703929e-05,1.061995e-04,1.161573e-04,1.182294e-04,1.132119e-04,1.028639e-04,8.958015e-05,7.000535e-05,4.293196e-05,1.239475e-05,-1.962083e-05,-4.637337e-05,-5.436929e-05,-4.510863e-05,-2.705558e-05,-8.665425e-06,7.768905e-06,1.936363e-05,3.049090e-05,4.395163e-05,5.693729e-05,1.084093e-03,9.985897e-04,9.139596e-04,8.140455e-04,6.822608e-04,5.477371e-04,4.390245e-04,3.473915e-04,2.736176e-04,2.179087e-04,1.798197e-04,1.520295e-04,1.300865e-04,1.116511e-04,9.212662e-05,6.556597e-05,3.880693e-05,2.439920e-05,2.405095e-05,2.948029e-05,3.534360e-05,4.122993e-05,4.570354e-05,4.776195e-05,4.630957e-05,3.939608e-05,3.250357e-05,3.073629e-05,3.265445e-05,3.817901e-05,4.784199e-05,5.746717e-05,6.672855e-05,5.035923e-05,2.207594e-05,-6.169924e-06,-3.314350e-05,-5.600980e-05,-8.241320e-05,-1.197916e-04,-1.623546e-04,-1.929400e-04,-2.080877e-04,-2.069316e-04,-1.824291e-04,-1.301102e-04,-7.209890e-05,-3.406660e-05,-1.936058e-05,-2.368352e-05,-4.369964e-05,-7.717901e-05,-1.142349e-04,-1.475643e-04,-1.756398e-04,-1.946370e-04,-2.054130e-04,-2.128662e-04,-2.087271e-04,-1.782312e-04,-1.082840e-04,9.133169e-06,1.717798e-04,3.530426e-04,5.330106e-04,7.129916e-04,-4.015692e-04,-4.171198e-04,-4.331911e-04,-4.423528e-04,-4.363282e-04,-4.201932e-04,-3.995818e-04,-3.714617e-04,-3.354847e-04,-2.929512e-04,-2.410207e-04,-1.798966e-04,-1.261334e-04,-1.036355e-04,-1.004568e-04,-1.008226e-04,-1.041872e-04,-1.217173e-04,-1.523991e-04,-1.843619e-04,-2.112948e-04,-2.306364e-04,-2.390590e-04,-2.328845e-04,-2.109965e-04,-1.719841e-04,-1.256122e-04,-8.046388e-05,-3.595511e-05,2.457533e-05,1.116101e-04,2.114904e-04,3.101350e-04
-5.161115e-06,-4.945329e-05,-4.476679e-04,2.438457e-03,3.389038e-03,4.337122e-03,5.264998e-03,6.187891e-03,7.145597e-03,6.125172e-03,5.129272e-03,4.366111e-03,3.822270e-03,3.429509e-03,3.209879e-03,3.139861e-03,3.195145e-03,3.360467e-03,3.601023e-03,3.786894e-03,3.886685e-03,3.959703e-03,3.976857e-03,3.983530e-03,3.971412e-03,3.954095e-03,3.896051e-03,3.834355e-03,3.762724e-03,3.626682e-03,3.497667e-03,3.389599e-03,3.323559e-03,3.276481e-03,3.243247e-03,3.204864e-03,-1.562005e-03,-1.417964e-03,-1.274179e-03,-1.129383e-03,-9.884140e-04,-8.258221e-04,-6.180990e-04,-3.930171e-04,-2.117606e-04,-7.224382e-05,2.700560e-05,9.201597e-05,1.292525e-04,1.477080e-04,1.546999e-04,1.522724e-04,1.417597e-04,1.254508e-04,1.062931e-04,8.132799e-05,4.951231e-05,1.493281e-05,-2.033678e-05,-4.953946e-05,-5.931600e-05,-5.123566e-05,-3.377849e-05,-1.546701e-05,1.274924e-06,1.342945e-05,2.520992e-05,3.929515e-05,5.291073e-05,9.574122e-04,8.620021e-04,7.666009e-04,6.669846e-04,5.509907e-04,4.414945e-04,3.603139e-04,2.959464e-04,2.473569e-04,2.145343e-04,1.932589e-04,1.754244e-04,1.574346e-04,1.384080e-04,1.158584e-04,8.584105e-05,5.597481e-05,3.869098e-05,3.601094e-05,3.987113e-05,4.490846e-05,5.057742e-05,5.533096e-05,5.804551e-05,5.750793e-05,5.165948e-05,4.582422e-05,4.500073e-05,4.771217e-05,5.387228e-05,6.402175e-05,7.408513e-05,8.378910e-05,8.041360e-05,5.149728e-05,2.263971e-05,-5.757822e-06,-3.118069e-05,-6.082220e-05,-1.018957e-04,-1.485163e-04,-1.818726e-04,-1.988415e-04,-1.987165e-04,-1.747941e-04,-1.230594e-04,-6.554067e-05,-2.772722e-05,-1.296382e-05,-1.706283e-05,-3.676655e-05,-6.992237e-05,-1.067769e-04,-1.400766e-04,-1.682689e-04,-1.875288e-04,-1.986719e-04,-2.065049e-04,-2.027988e-04,-1.729053e-04,-1.038356e-04,1.235806e-05,1.734232e-04,3.529888e-04,5.313069e-04,7.096327e-04,-4.718251e-04,-4.810014e-04,-4.906842e-04,-4.931697e-04,-4.813090e-04,-4.605715e-04,-4.358114e-04,-4.035176e-04,-3.629761e-04,-3.161774e-04,-2.609558e-04,-1.975214e-04,-1.421917e-04,-1.185797e-04,-1.147752e-04,-1.150065e-04,-1.185455e-04,-1.363117e-04,-1.672028e-04,-1.993454e-04,-2.264379e-04,-2.458916e-04,-2.543615e-04,-2.481481e-04,-2.261714e-04,-1.870858e-04,-1.405766e-04,-9.521541e-05,-5.046553e-05,1.016204e-05,9.702601e-05,1.966372e-04,2.950253e-04
-4.091760e-06,-4.678332e-05,-4.474657e-04,2.813535e-03,3.361200e-03,3.906424e-03,4.456249e-03,5.217660e-03,6.125172e-03,6.941304e-03,6.029789e-03,5.187202e-03,4.365785e-03,3.744635e-03,3.339771e-03,3.139415e-03,3.134161e-03,3.296973e-03,3.557766e-03,3.765428e-03,3.878359e-03,3.957315e-03,3.976606e-03,3.983645e-03,3.970792e-03,3.952686e-03,3.894378e-03,3.832241e-03,3.760795e-03,3.625168e-03,3.495985e-03,3.387142e-03,3.320375e-03,3.272233e-03,3.237705e-03,3.198066e-03,-1.611993e-03,-1.422055e-03,-1.232280e-03,-1.041850e-03,-8.537458e-04,-6.514102e-04,-4.172877e-04,-1.771432e-04,-2.875070e-06,1.135082e-04,1.834372e-04,2.170483e-04,2.247597e-04,2.173799e-04,2.036220e-04,1.848056e-04,1.616803e-04,1.358894e-04,1.097503e-04,7.972815e-05,4.437703e-05,7.494953e-06,-2.916751e-05,-5.911867e-05,-6.913462e-05,-6.074002e-05,-4.245350e-05,-2.292199e-05,-4.737563e-06,8.914858e-06,2.219432e-05,3.776278e-05,5.286452e-05,6.502328e-04,6.081679e-04,5.658667e-04,5.231787e-04,4.708130e-04,4.214909e-04,3.869670e-04,3.564306e-04,3.287484e-04,3.054709e-04,2.785675e-04,2.428611e-04,2.011563e-04,1.595788e-04,1.182021e-04,7.458023e-05,3.596861e-05,1.296941e-05,6.848026e-06,9.036449e-06,1.379703e-05,2.034134e-05,2.685159e-05,3.194210e-05,3.414626e-05,3.113009e-05,2.803539e-05,2.976254e-05,3.479308e-05,4.310867e-05,5.533830e-05,6.746394e-05,7.923248e-05,1.208674e-04,8.858206e-05,5.636360e-05,2.423833e-05,-5.892712e-06,-4.050904e-05,-8.641198e-05,-1.378198e-04,-1.745834e-04,-1.937763e-04,-1.947919e-04,-1.711167e-04,-1.192946e-04,-6.159516e-05,-2.366190e-05,-8.846273e-06,-1.295213e-05,-3.268393e-05,-6.583659e-05,-1.026297e-04,-1.358113e-04,-1.638564e-04,-1.829614e-04,-1.939690e-04,-2.017186e-04,-1.980327e-04,-1.683041e-04,-9.954047e-05,1.622268e-05,1.767848e-04,3.558032e-04,5.335727e-04,7.113510e-04,-4.435049e-04,-4.531276e-04,-4.632541e-04,-4.661402e-04,-4.556480e-04,-4.369952e-04,-4.141015e-04,-3.829072e-04,-3.425686e-04,-2.958799e-04,-2.415290e-04,-1.792585e-04,-1.251599e-04,-1.030214e-04,-1.007489e-04,-1.022974e-04,-1.068466e-04,-1.252617e-04,-1.564902e-04,-1.887637e-04,-2.158543e-04,-2.352437e-04,-2.436568e-04,-2.374670e-04,-2.156086e-04,-1.767254e-04,-1.305147e-04,-8.551575e-05,-4.117804e-05,1.899270e-05,1.053654e-04,2.044518e-04,3.023174e-04
-6.630586e-06,-3.970437e-05,-4.458563e-04,3.405430e-03,3.594933e-03,3.779087e-03,3.988881e-03,4.403204e-03,5.129272e-03,6.029789e-03,7.098933e-03,6.309247e-03,5.320722e-03,4.350736e-03,3.620854e-03,3.169473e-03,3.038794e-03,3.182569e-03,3.470787e-03,3.713435e-03,3.849105e-03,3.939282e-03,3.963166e-03,3.971460e-03,3.957790e-03,3.938646e-03,3.880186e-03,3.817396e-03,3.746140e-03,3.611321e-03,3.482176e-03,3.372608e-03,3.305332e-03,3.256189e-03,3.220427e-03,3.179618e-03,-1.163802e-03,-9.667962e-04,-7.698729e-04,-5.726133e-04,-3.764428e-04,-1.728412e-04,4.643555e-05,2.549450e-04,3.835954e-04,4.440491e-04,4.593606e-04,4.399241e-04,3.975566e-04,3.461353e-04,2.973007e-04,2.511127e-04,2.072414e-04,1.661574e-04,1.290200e-04,9.129841e-05,5.084272e-05,1.089494e-05,-2.739636e-05,-5.805887e-05,-6.813989e-05,-5.910340e-05,-3.951647e-05,-1.817458e-05,2.081571e-06,1.783309e-05,3.317402e-05,5.077827e-05,6.792074e-05,2.594101e-04,2.812719e-04,3.029165e-04,3.252642e-04,3.433516e-04,3.643507e-04,3.914394e-04,4.126283e-04,4.235937e-04,4.233048e-04,3.944336e-04,3.336865e-04,2.551850e-04,1.788635e-04,1.088673e-04,4.496592e-05,-6.251923e-06,-3.734318e-05,-4.830567e-05,-4.843703e-05,-4.400062e-05,-3.613088e-05,-2.702983e-05,-1.845493e-05,-1.222949e-05,-1.107542e-05,-1.012212e-05,-4.641137e-06,3.802488e-06,1.529981e-05,3.063034e-05,4.585301e-05,6.072200e-05,1.278970e-04,9.163712e-05,5.544408e-05,1.919171e-05,-1.581926e-05,-5.534677e-05,-1.051458e-04,-1.591026e-04,-1.971648e-04,-2.164353e-04,-2.163635e-04,-1.904925e-04,-1.362173e-04,-7.636670e-05,-3.688070e-05,-2.103329e-05,-2.445683e-05,-4.368332e-05,-7.635176e-05,-1.125858e-04,-1.451479e-04,-1.725448e-04,-1.910074e-04,-2.013884e-04,-2.085754e-04,-2.044915e-04,-1.746313e-04,-1.060940e-04,9.046523e-06,1.686699e-04,3.465794e-04,5.231951e-04,6.998271e-04,-3.561473e-04,-3.684741e-04,-3.812897e-04,-3.870361e-04,-3.803822e-04,-3.660885e-04,-3.473593e-04,-3.199849e-04,-2.832173e-04,-2.404603e-04,-1.912706e-04,-1.339703e-04,-8.411166e-05,-6.596076e-05,-6.720852e-05,-7.144773e-05,-7.784879e-05,-9.726727e-05,-1.288564e-04,-1.611654e-04,-1.881314e-04,-2.073811e-04,-2.157843e-04,-2.098702e-04,-1.885586e-04,-1.504087e-04,-1.050713e-04,-6.095719e-05,-1.747987e-05,4.176789e-05,1.271395e-04,2.251360e-04,3.219153e-04
-1.361242e-05,-3.362270e-05,-4.402916e-04,3.797879e-03,3.786951e-03,3.771679e-03,3.773834e-03,3.940340e-03,4.366111e-03,5.187202e-03,6.309247e-03,7.350672e-03,6.338973e-03,5.155910e-03,4.005522e-03,3.217826e-03,2.902367e-03,3.006015e-03,3.323685e-03,3.612364e-03,3.779037e-03,3.887208e-03,3.920505e-03,3.931451e-03,3.915991e-03,3.892547e-03,3.830400e-03,3.765987e-03,3.696090e-03,3.564195e-03,3.436623e-03,3.327622e-03,3.261433e-03,3.212419e-03,3.175633e-03,3.133956e-03,-9.865481e-04,-7.813216e-04,-5.761365e-04,-3.707825e-04,-1.659312e-04,4.291080e-05,2.592758e-04,4.608990e-04,5.920327e-04,6.564558e-04,6.788071e-04,6.596513e-04,6.042439e-04,5.323863e-04,4.628816e-04,3.963570e-04,3.328120e-04,2.729891e-04,2.183604e-04,1.646421e-04,1.099102e-04,5.762364e-05,9.172161e-06,-2.933854e-05,-4.500285e-05,-3.928257e-05,-2.089116e-05,9.673100e-07,2.279107e-05,4.055071e-05,5.799740e-05,7.764623e-05,9.684407e-05,3.331859e-05,1.177371e-04,2.020450e-04,2.862149e-04,3.660116e-04,4.442529e-04,5.189524e-04,5.776707e-04,6.131104e-04,6.205177e-04,5.730777e-04,4.674877e-04,3.319978e-04,2.055487e-04,9.586237e-05,4.192179e-06,-6.436059e-05,-1.068827e-04,-1.245564e-04,-1.272265e-04,-1.218853e-04,-1.103550e-04,-9.553548e-05,-7.988691e-05,-6.592242e-05,-5.707230e-05,-4.900781e-05,-3.728538e-05,-2.346863e-05,-7.269256e-06,1.239892e-05,3.185530e-05,5.096721e-05,1.014727e-04,6.272239e-05,2.403706e-05,-1.468150e-05,-5.241702e-05,-9.446477e-05,-1.459207e-04,-2.007732e-04,-2.401871e-04,-2.604840e-04,-2.606089e-04,-2.334839e-04,-1.768475e-04,-1.144100e-04,-7.267333e-05,-5.490693e-05,-5.661539e-05,-7.421437e-05,-1.052732e-04,-1.399228e-04,-1.710119e-04,-1.970628e-04,-2.143591e-04,-2.237112e-04,-2.299808e-04,-2.252057e-04,-1.950633e-04,-1.268913e-04,-1.289580e-05,1.448707e-04,3.206072e-04,4.949950e-04,6.694084e-04,-2.932705e-04,-3.042350e-04,-3.156797e-04,-3.202668e-04,-3.131816e-04,-2.990412e-04,-2.810464e-04,-2.553912e-04,-2.217561e-04,-1.834230e-04,-1.401713e-04,-8.839850e-05,-4.318203e-05,-2.963861e-05,-3.519273e-05,-4.301158e-05,-5.213460e-05,-7.319809e-05,-1.056240e-04,-1.383955e-04,-1.656405e-04,-1.851205e-04,-1.938482e-04,-1.885099e-04,-1.679883e-04,-1.307183e-04,-8.618915e-05,-4.263756e-05,5.061789e-07,5.933381e-05,1.440626e-04,2.412639e-04,3.372567e-04
-2.530548e-05,-2.488623e-05,-4.240967e-04,3.916642e-03,3.821289e-03,3.723384e-03,3.625532e-03,3.630907e-03,3.822270e-03,4.365785e-03,5.320722e-03,6.338973e-03,7.177495e-03,5.943210e-03,4.521030e-03,3.325040e-03,2.750314e-03,2.756173e-03,3.077835e-03,3.407276e-03,3.606268e-03,3.735444e-03,3.781527e-03,3.797073e-03,3.780877e-03,3.752943e-03,3.687153e-03,3.621931e-03,3.555054e-03,3.429448e-03,3.306593e-03,3.201082e-03,3.138484e-03,3.091530e-03,3.055031e-03,3.013943e-03,-1.075240e-03,-8.428678e-04,-6.105215e-04,-3.780738e-04,-1.459478e-04,8.885645e-05,3.275369e-04,5.522141e-04,7.226194e-04,8.342843e-04,9.033379e-04,9.141605e-04,8.604101e-04,7.726428e-04,6.835681e-04,5.958940e-04,5.102039e-04,4.279871e-04,3.514288e-04,2.770410e-04,2.035213e-04,1.347330e-04,7.257575e-05,2.336828e-05,-2.588857e-07,1.867914e-07,1.591733e-05,3.735109e-05,6.016085e-05,7.958755e-05,9.884277e-05,1.201787e-04,1.410860e-04,-8.798522e-05,6.238184e-05,2.127532e-04,3.614044e-04,5.021874e-04,6.335573e-04,7.491090e-04,8.339895e-04,8.765627e-04,8.664785e-04,7.745016e-04,5.992291e-04,3.870559e-04,2.010971e-04,4.969203e-05,-6.848621e-05,-1.516624e-04,-2.031179e-04,-2.253914e-04,-2.285150e-04,-2.201019e-04,-2.027358e-04,-1.800517e-04,-1.552662e-04,-1.316362e-04,-1.133313e-04,-9.672602e-05,-7.777523e-05,-5.794649e-05,-3.668492e-05,-1.250566e-05,1.132688e-05,3.483343e-05,4.449715e-05,4.039685e-06,-3.635485e-05,-7.667810e-05,-1.160108e-04,-1.592516e-04,-2.109798e-04,-2.654554e-04,-3.055379e-04,-3.268194e-04,-3.272917e-04,-2.991115e-04,-2.400950e-04,-1.749141e-04,-1.306152e-04,-1.103751e-04,-1.095388e-04,-1.244115e-04,-1.525213e-04,-1.842002e-04,-2.125627e-04,-2.361673e-04,-2.514354e-04,-2.590825e-04,-2.638273e-04,-2.579937e-04,-2.277672e-04,-1.610882e-04,-5.052186e-05,1.019843e-04,2.716773e-04,4.399551e-04,6.082724e-04,-2.359643e-04,-2.437137e-04,-2.519347e-04,-2.536251e-04,-2.444006e-04,-2.288728e-04,-2.103509e-04,-1.855493e-04,-1.544951e-04,-1.197676e-04,-8.100340e-05,-3.302470e-05,9.158869e-06,1.929166e-05,1.008877e-05,-1.208585e-06,-1.328362e-05,-3.604210e-05,-6.917157e-05,-1.023506e-04,-1.300055e-04,-1.500565e-04,-1.596983e-04,-1.558294e-04,-1.372630e-04,-1.022697e-04,-5.991273e-05,-1.803928e-05,2.386727e-05,8.110878e-05,1.634942e-04,2.579205e-04,3.511709e-04
-3.008127e-05,-2.136530e-05,-3.980794e-04,3.781561e-03,3.674336e-03,3.566105e-03,3.443945e-03,3.380584e-03,3.429509e-03,3.744635e-03,4.350736e-03,5.155910e-03,5.943210e-03,6.483245e-03,4.998059e-03,3.608652e-03,2.729545e-03,2.556668e-03,2.805310e-03,3.128227e-03,3.339208e-03,3.483003e-03,3.541250e-03,3.564010e-03,3.552139e-03,3.526151e-03,3.463314e-03,3.400220e-03,3.335604e-03,3.216386e-03,3.100255e-03,3.001159e-03,2.943699e-03,2.900855e-03,2.867464e-03,2.829798e-03,-1.251108e-03,-9.818410e-04,-7.125982e-04,-4.432637e-04,-1.742685e-04,9.728399e-05,3.724323e-04,6.371130e-04,8.605077e-04,1.027315e-03,1.136773e-03,1.160031e-03,1.083627e-03,9.556714e-04,8.296913e-04,7.113567e-04,6.001092e-04,4.970298e-04,4.036213e-04,3.163824e-04,2.337807e-04,1.589601e-04,9.325943e-05,4.215528e-05,1.712534e-05,1.641519e-05,3.138579e-05,5.266641e-05,7.579498e-05,9.594851e-05,1.159890e-04,1.379714e-04,1.595533e-04,-8.596289e-05,8.163528e-05,2.493142e-04,4.141050e-04,5.683087e-04,7.083324e-04,8.264047e-04,9.072195e-04,9.375978e-04,9.043369e-04,7.831393e-04,5.692110e-04,3.213271e-04,1.222036e-04,-2.560791e-05,-1.335860e-04,-2.040904e-04,-2.450126e-04,-2.594613e-04,-2.564413e-04,-2.430143e-04,-2.216440e-04,-1.957562e-04,-1.683911e-04,-1.426161e-04,-1.223652e-04,-1.042046e-04,-8.432029e-05,-6.403505e-05,-4.270136e-05,-1.874845e-05,4.844128e-06,2.813129e-05,1.999185e-05,-2.133446e-05,-6.260034e-05,-1.037250e-04,-1.438582e-04,-1.876033e-04,-2.392234e-04,-2.934667e-04,-3.347252e-04,-3.578103e-04,-3.596247e-04,-3.316538e-04,-2.714503e-04,-2.044887e-04,-1.581680e-04,-1.355242e-04,-1.319483e-04,-1.437873e-04,-1.685841e-04,-1.971381e-04,-2.229256e-04,-2.444990e-04,-2.584189e-04,-2.652452e-04,-2.693736e-04,-2.635412e-04,-2.347290e-04,-1.716847e-04,-6.747882e-05,7.603983e-05,2.356657e-04,3.939127e-04,5.522028e-04,-2.093662e-04,-2.162666e-04,-2.236170e-04,-2.248645e-04,-2.159412e-04,-2.012704e-04,-1.840635e-04,-1.613454e-04,-1.330731e-04,-1.005157e-04,-6.247955e-05,-1.334739e-05,3.084937e-05,4.224722e-05,3.305519e-05,2.053922e-05,6.670418e-06,-1.710908e-05,-5.040817e-05,-8.352708e-05,-1.112331e-04,-1.315808e-04,-1.419411e-04,-1.394124e-04,-1.228522e-04,-9.058139e-05,-5.109754e-05,-1.176494e-05,2.786240e-05,8.203231e-05,1.599184e-04,2.491359e-04,3.372430e-04
-3.497512e-05,-1.644670e-05,-3.759841e-04,3.567672e-03,3.486596e-03,3.405118e-03,3.303735e-03,3.233117e-03,3.209879e-03,3.339771e-03,3.620854e-03,4.005522e-03,4.521030e-03,4.998059e-03,5.403208e-03,4.114065e-03,3.154643e-03,2.711905e-03,2.756691e-03,2.956177e-03,3.117043e-03,3.244823e-03,3.301832e-03,3.331872e-03,3.333234e-03,3.323260e-03,3.275893e-03,3.219748e-03,3.153825e-03,3.035295e-03,2.923993e-03,2.832468e-03,2.780538e-03,2.744284e-03,2.719673e-03,2.690809e-03,-1.051924e-03,-8.104102e-04,-5.689244e-04,-3.273345e-04,-8.615711e-05,1.579253e-04,4.077996e-04,6.543498e-04,8.734642e-04,1.044038e-03,1.150286e-03,1.156763e-03,1.042827e-03,8.711603e-04,7.156772e-04,5.843818e-04,4.726012e-04,3.787151e-04,3.009154e-04,2.339858e-04,1.747623e-04,1.241142e-04,8.124964e-05,4.946724e-05,3.847426e-05,4.614625e-05,6.434587e-05,8.506008e-05,1.052649e-04,1.216024e-04,1.374571e-04,1.552263e-04,1.726049e-04,1.109892e-05,1.098421e-04,2.087231e-04,3.040852e-04,3.886085e-04,4.601342e-04,5.140483e-04,5.397590e-04,5.280689e-04,4.689350e-04,3.501936e-04,1.699100e-04,-1.467459e-05,-1.241610e-04,-1.748494e-04,-2.006170e-04,-2.079866e-04,-2.027035e-04,-1.867815e-04,-1.666146e-04,-1.466565e-04,-1.274187e-04,-1.102345e-04,-9.607772e-05,-8.595535e-05,-8.164726e-05,-7.855059e-05,-7.248862e-05,-6.452082e-05,-5.428453e-05,-4.073667e-05,-2.719941e-05,-1.396550e-05,-1.442895e-05,-5.323434e-05,-9.198243e-05,-1.305383e-04,-1.680964e-04,-2.090810e-04,-2.577758e-04,-3.095050e-04,-3.499219e-04,-3.735439e-04,-3.766621e-04,-3.504834e-04,-2.915201e-04,-2.253562e-04,-1.796440e-04,-1.571315e-04,-1.530960e-04,-1.639050e-04,-1.870732e-04,-2.138201e-04,-2.379745e-04,-2.581011e-04,-2.709021e-04,-2.768270e-04,-2.800256e-04,-2.735915e-04,-2.451983e-04,-1.843438e-04,-8.460868e-05,5.217212e-05,2.040849e-04,3.546046e-04,5.051764e-04,-1.836001e-04,-1.884619e-04,-1.937474e-04,-1.933143e-04,-1.831962e-04,-1.675394e-04,-1.494731e-04,-1.261578e-04,-9.753309e-05,-6.405062e-05,-2.395695e-05,2.718049e-05,7.276166e-05,8.471274e-05,7.490381e-05,6.041470e-05,4.378729e-05,1.770950e-05,-1.714705e-05,-5.144474e-05,-8.025755e-05,-1.017904e-04,-1.135967e-04,-1.129800e-04,-9.889967e-05,-6.983737e-05,-3.385306e-05,2.144211e-06,3.859797e-05,8.889184e-05,1.616638e-04,2.451256e-04,3.275334e-04
-3.316477e-05,-1.102641e-05,-3.645277e-04,3.423031e-03,3.372955e-03,3.322210e-03,3.253489e-03,3.198807e-03,3.139861e-03,3.139415e-03,3.169473e-03,3.217826e-03,3.325040e-03,3.608652e-03,4.114065e-03,4.863855e-03,4.059510e-03,3.480417e-03,3.160718e-03,3.060360e-03,3.050028e-03,3.086640e-03,3.101881e-03,3.130554e-03,3.156672e-03,3.185767e-03,3.174966e-03,3.136305e-03,3.070972e-03,2.950133e-03,2.840447e-03,2.752434e-03,2.698691e-03,2.662769e-03,2.643893e-03,2.620442e-03,-3.325543e-04,-2.239718e-04,-1.154181e-04,-6.757020e-06,1.014762e-04,2.126794e-04,3.311453e-04,4.518103e-04,5.567219e-04,6.290519e-04,6.498223e-04,5.910354e-04,4.353401e-04,2.473032e-04,1.047742e-04,1.278066e-05,-4.094819e-05,-6.432716e-05,-6.624954e-05,-5.631968e-05,-4.083444e-05,-2.230077e-05,-4.886825e-06,1.163128e-05,3.518165e-05,6.416066e-05,9.191051e-05,1.132049e-04,1.282952e-04,1.369932e-04,1.442867e-04,1.536045e-04,1.625179e-04,9.395865e-05,9.374955e-05,9.372420e-05,9.010740e-05,7.801889e-05,5.908547e-05,3.377969e-05,-1.614147e-06,-4.998273e-05,-1.152345e-04,-1.972648e-04,-2.947924e-04,-3.603288e-04,-3.303639e-04,-2.449789e-04,-1.663492e-04,-1.028978e-04,-4.767030e-05,-1.435512e-06,3.111500e-05,4.887632e-05,5.431730e-05,4.917510e-05,3.555761e-05,1.550247e-05,-9.670810e-06,-3.340470e-05,-5.079693e-05,-6.273613e-05,-6.955762e-05,-7.138858e-05,-7.254438e-05,-7.402169e-05,-2.569387e-05,-5.985716e-05,-9.396958e-05,-1.278503e-04,-1.606617e-04,-1.966631e-04,-2.401003e-04,-2.865817e-04,-3.227201e-04,-3.435318e-04,-3.457007e-04,-3.209632e-04,-2.652549e-04,-2.031982e-04,-1.617774e-04,-1.431300e-04,-1.422902e-04,-1.555763e-04,-1.803210e-04,-2.079278e-04,-2.324566e-04,-2.525621e-04,-2.650920e-04,-2.705369e-04,-2.729945e-04,-2.658311e-04,-2.371598e-04,-1.768903e-04,-7.892016e-05,5.488231e-05,2.032305e-04,3.501525e-04,4.971351e-04,-1.530457e-04,-1.578903e-04,-1.631359e-04,-1.629021e-04,-1.531315e-04,-1.376261e-04,-1.193342e-04,-9.526333e-05,-6.508035e-05,-2.882615e-05,1.570118e-05,7.111135e-05,1.202136e-04,1.350476e-04,1.270730e-04,1.128130e-04,9.501371e-05,6.690663e-05,2.985073e-05,-6.575123e-06,-3.756515e-05,-6.136157e-05,-7.557243e-05,-7.757091e-05,-6.642261e-05,-4.084729e-05,-8.755871e-06,2.320785e-05,5.554760e-05,1.012813e-04,1.687621e-04,2.465162e-04,3.232518e-04
-2.791035e-05,-1.080622e-05,-3.672186e-04,3.448863e-03,3.407685e-03,3.365132e-03,3.311566e-03,3.267264e-03,3.195145e-03,3.134161e-03,3.038794e-03,2.902367e-03,2.750314e-03,2.729545e-03,3.154643e-03,4.059510e-03,5.239700e-03,4.667424e-03,4.077369e-03,3.526289e-03,3.224101e-03,3.077725e-03,3.000825e-03,3.009814e-03,3.063857e-03,3.146729e-03,3.186288e-03,3.172826e-03,3.114491e-03,2.992687e-03,2.879794e-03,2.784928e-03,2.717809e-03,2.670421e-03,2.645433e-03,2.615414e-03,3.232706e-04,3.057841e-04,2.882698e-04,2.708606e-04,2.530460e-04,2.380483e-04,2.300655e-04,2.248396e-04,2.071104e-04,1.656263e-04,8.401731e-05,-5.281922e-05,-2.540685e-04,-4.558750e-04,-5.829873e-04,-6.333216e-04,-6.260954e-04,-5.751028e-04,-4.957291e-04,-4.027271e-04,-3.063522e-04,-2.127194e-04,-1.297642e-04,-6.055715e-05,1.219186e-06,5.547002e-05,9.731136e-05,1.241041e-04,1.391956e-04,1.452367e-04,1.489204e-04,1.548040e-04,1.602553e-04,7.028228e-05,2.875807e-05,-1.256673e-05,-5.703797e-05,-1.065115e-04,-1.553975e-04,-1.993229e-04,-2.374904e-04,-2.685186e-04,-2.918910e-04,-3.015078e-04,-2.975842e-04,-2.540190e-04,-1.343704e-04,1.100063e-05,1.092561e-04,1.611627e-04,1.993135e-04,2.254597e-04,2.338067e-04,2.245057e-04,2.013270e-04,1.673166e-04,1.259301e-04,8.050132e-05,3.354308e-05,-7.643963e-06,-3.815100e-05,-5.940513e-05,-7.265591e-05,-7.927372e-05,-8.459409e-05,-9.026405e-05,-1.641398e-05,-4.653212e-05,-7.660398e-05,-1.064482e-04,-1.352131e-04,-1.671488e-04,-2.064548e-04,-2.486969e-04,-2.808423e-04,-2.985369e-04,-2.992982e-04,-2.754535e-04,-2.223610e-04,-1.638349e-04,-1.262876e-04,-1.115077e-04,-1.143147e-04,-1.310289e-04,-1.588124e-04,-1.889186e-04,-2.153586e-04,-2.368293e-04,-2.501895e-04,-2.560029e-04,-2.584685e-04,-2.510012e-04,-2.217025e-04,-1.604228e-04,-6.107399e-05,7.439745e-05,2.244776e-04,3.731055e-04,5.217966e-04,-1.388052e-04,-1.472906e-04,-1.561671e-04,-1.595705e-04,-1.532769e-04,-1.408598e-04,-1.250959e-04,-1.027059e-04,-7.292886e-05,-3.553689e-05,1.229790e-05,7.147442e-05,1.249562e-04,1.458210e-04,1.444060e-04,1.359463e-04,1.224244e-04,9.582698e-05,5.828078e-05,2.027850e-05,-1.306171e-05,-3.968123e-05,-5.688626e-05,-6.174574e-05,-5.325445e-05,-3.021800e-05,-6.466749e-07,2.873287e-05,5.844542e-05,1.016499e-04,1.666956e-04,2.420209e-04,3.163267e-04
