7.588691e-04,-1.390907e-05,-1.124083e-06,-1.046071e-04,-8.389339e-05,-6.301513e-05,-4.350246e-05,-2.426055e-05,-5.965590e-06,1.286573e-05,3.048937e-05,4.505557e-05,5.380673e-05,5.330247e-05,4.779920e-05,3.799472e-05,2.667774e-05,1.668447e-05,9.685884e-06,5.582243e-06,4.678178e-06,6.193574e-06,9.513282e-06,1.411868e-05,1.773977e-05,1.908199e-05,1.861920e-05,1.689545e-05,1.475065e-05,1.229142e-05,8.993438e-06,2.788329e-06,-7.216043e-06,-1.893513e-05,-3.094161e-05,-4.286518e-05,-2.447826e-03,-2.451344e-03,-2.454867e-03,-2.458374e-03,-2.461944e-03,-2.465204e-03,-2.467853e-03,-2.469956e-03,-2.471076e-03,-2.471628e-03,-2.471249e-03,-2.470352e-03,-2.469606e-03,-2.469432e-03,-2.470098e-03,-2.471577e-03,-2.473981e-03,-2.477041e-03,-2.480673e-03,-2.484753e-03,-2.489149e-03,-2.493611e-03,-2.498351e-03,-2.503175e-03,-2.508749e-03,-2.514972e-03,-2.521567e-03,-2.528723e-03,-2.536084e-03,-2.543520e-03,-2.550890e-03,-2.558323e-03,-2.565744e-03,5.802148e-05,6.191601e-05,6.581663e-05,6.960230e-05,7.288091e-05,7.568747e-05,7.798271e-05,7.943466e-05,7.975305e-05,7.864049e-05,7.579065e-05,7.164370e-05,6.692836e-05,6.202471e-05,5.715383e-05,5.267546e-05,4.852641e-05,4.481709e-05,4.170466e-05,3.931428e-05,3.768938e-05,3.698656e-05,3.696426e-05,3.750716e-05,3.847083e-05,3.969300e-05,4.101664e-05,4.269835e-05,4.445365e-05,4.623167e-05,4.798253e-05,4.968011e-05,5.139604e-05,3.669101e-03,3.557832e-03,3.446589e-03,3.334887e-03,3.226569e-03,3.123767e-03,3.029620e-03,2.947957e-03,2.878447e-03,2.822580e-03,2.778163e-03,2.744674e-03,2.724921e-03,2.721344e-03,2.734115e-03,2.759902e-03,2.794825e-03,2.829167e-03,2.854774e-03,2.869605e-03,2.872704e-03,2.862331e-03,2.841163e-03,2.809163e-03,2.768756e-03,2.719467e-03,2.660312e-03,2.595068e-03,2.526025e-03,2.456471e-03,2.386027e-03,2.316775e-03,2.247447e-03,-2.904196e-04,-2.676034e-04,-2.448270e-04,-2.215210e-04,-1.960509e-04,-1.672127e-04,-1.355231e-04,-1.039307e-04,-7.517334e-05,-5.172529e-05,-3.613736e-05,-2.876445e-05,-2.756742e-05,-2.954882e-05,-3.569472e-05,-4.336413e-05,-5.257413e-05,-6.186650e-05,-6.831705e-05,-6.950784e-05,-6.262261e-05,-4.725720e-05,-2.572097e-05,-1.882982e-06,2.037722e-05,3.654168e-05,4.385782e-05,4.171710e-05,3.110151e-05,1.461698e-05,-5.337153e-06,-2.706039e-05,-4.849101e-05
-1.390907e-05,6.754507e-04,7.421499e-06,-1.257660e-04,-1.343329e-04,-1.428964e-04,-1.517461e-04,-1.624537e-04,-1.736940e-04,-1.854164e-04,-1.971079e-04,-2.087259e-04,-2.193281e-04,-2.245452e-04,-2.259243e-04,-2.203796e-04,-2.109334e-04,-2.004086e-04,-1.896608e-04,-1.804740e-04,-1.720340e-04,-1.643884e-04,-1.565930e-04,-1.478651e-04,-1.397636e-04,-1.335532e-04,-1.291476e-04,-1.268514e-04,-1.271069e-04,-1.282017e-04,-1.303161e-04,-1.327051e-04,-1.343269e-04,-1.370640e-04,-1.395317e-04,-1.414177e-04,1.464967e-04,1.386162e-04,1.307342e-04,1.228572e-04,1.149538e-04,1.071663e-04,9.959488e-05,9.250727e-05,8.608792e-05,8.034537e-05,7.491088e-05,6.988088e-05,6.559317e-05,6.228318e-05,5.971604e-05,5.768045e-05,5.573493e-05,5.387846e-05,5.228851e-05,5.109224e-05,5.046478e-05,5.050187e-05,5.084963e-05,5.121840e-05,5.134155e-05,5.099285e-05,4.991478e-05,4.826875e-05,4.582519e-05,4.268642e-05,3.904907e-05,3.513395e-05,3.126277e-05,-2.625630e-03,-2.579753e-03,-2.533920e-03,-2.488058e-03,-2.442423e-03,-2.397564e-03,-2.354025e-03,-2.312208e-03,-2.272444e-03,-2.235084e-03,-2.200494e-03,-2.169387e-03,-2.142942e-03,-2.121244e-03,-2.104075e-03,-2.091254e-03,-2.082254e-03,-2.076979e-03,-2.074426e-03,-2.074663e-03,-2.077044e-03,-2.080931e-03,-2.086146e-03,-2.092468e-03,-2.099684e-03,-2.107574e-03,-2.115906e-03,-2.124843e-03,-2.134174e-03,-2.143426e-03,-2.152540e-03,-2.161314e-03,-2.170042e-03,-2.933235e-04,-2.699782e-04,-2.466760e-04,-2.227720e-04,-1.966690e-04,-1.674101e-04,-1.356785e-04,-1.038393e-04,-7.454143e-05,-5.032467e-05,-3.318184e-05,-2.357606e-05,-2.027494e-05,-2.121558e-05,-2.657399e-05,-3.337510e-05,-4.093966e-05,-4.822274e-05,-5.302446e-05,-5.364749e-05,-4.814711e-05,-3.645254e-05,-2.045396e-05,-2.902472e-06,1.354326e-05,2.547996e-05,3.061837e-05,2.816856e-05,1.876388e-05,4.087070e-06,-1.351632e-05,-3.226513e-05,-5.080544e-05,2.888709e-03,2.870276e-03,2.851967e-03,2.831482e-03,2.808344e-03,2.779010e-03,2.741971e-03,2.696411e-03,2.640342e-03,2.577602e-03,2.512213e-03,2.449429e-03,2.398725e-03,2.364565e-03,2.348615e-03,2.351792e-03,2.371812e-03,2.407539e-03,2.450536e-03,2.495644e-03,2.535207e-03,2.562126e-03,2.573172e-03,2.562898e-03,2.531972e-03,2.483031e-03,2.417092e-03,2.339851e-03,2.256288e-03,2.168549e-03,2.080530e-03,1.990868e-03,1.901143e-03
-1.124083e-06,7.421499e-06,1.911322e-04,-1.524543e-03,-1.501687e-03,-1.479115e-03,-1.454054e-03,-1.429253e-03,-1.403150e-03,-1.376423e-03,-1.349947e-03,-1.319010e-03,-1.285682e-03,-1.248189e-03,-1.208180e-03,-1.175933e-03,-1.157829e-03,-1.157549e-03,-1.174738e-03,-1.205293e-03,-1.243587e-03,-1.279474e-03,-1.311896e-03,-1.336829e-03,-1.349658e-03,-1.352797e-03,-1.342929e-03,-1.323093e-03,-1.293822e-03,-1.252965e-03,-1.206498e-03,-1.158089e-03,-1.109565e-03,-1.062175e-03,-1.015077e-03,-9.677841e-04,9.598012e-06,1.104847e-05,1.250146e-05,1.394411e-05,1.542639e-05,1.672406e-05,1.723852e-05,1.677196e-05,1.581544e-05,1.503731e-05,1.435497e-05,1.380301e-05,1.343531e-05,1.351344e-05,1.395406e-05,1.431001e-05,1.427431e-05,1.385392e-05,1.301286e-05,1.172932e-05,9.964617e-06,7.948253e-06,5.787915e-06,3.051833e-06,-9.676841e-07,-6.198060e-06,-1.225365e-05,-1.872645e-05,-2.552282e-05,-3.247723e-05,-3.956725e-05,-4.674803e-05,-5.391390e-05,-4.121246e-05,-4.298095e-05,-4.478761e-05,-4.629001e-05,-4.702406e-05,-4.703028e-05,-4.670499e-05,-4.595219e-05,-4.466327e-05,-4.271020e-05,-3.997623e-05,-3.639741e-05,-3.187179e-05,-2.674043e-05,-2.168069e-05,-1.700246e-05,-1.246383e-05,-7.974136e-06,-4.090438e-06,-1.333899e-06,4.431474e-07,1.639982e-06,2.509163e-06,3.018439e-06,3.199352e-06,3.095833e-06,2.438233e-06,9.684695e-07,-1.288278e-06,-3.983878e-06,-6.746101e-06,-9.464601e-06,-1.216654e-05,4.398122e-05,4.075006e-05,3.751291e-05,3.439015e-05,3.116349e-05,2.817405e-05,2.693223e-05,2.749431e-05,2.827982e-05,2.705596e-05,2.358476e-05,1.847621e-05,1.138722e-05,1.031523e-06,-1.142508e-05,-2.193108e-05,-2.808312e-05,-3.047787e-05,-2.989567e-05,-2.703459e-05,-2.231195e-05,-1.746260e-05,-1.376062e-05,-1.086959e-05,-7.794597e-06,-5.601743e-06,-6.440432e-06,-1.224146e-05,-2.382289e-05,-4.170510e-05,-6.296208e-05,-8.436738e-05,-1.057335e-04,-3.279018e-05,-1.415294e-05,4.683715e-06,2.190700e-05,3.589639e-05,4.692022e-05,5.649794e-05,6.441462e-05,7.055953e-05,7.500733e-05,7.802010e-05,7.832681e-05,7.553191e-05,7.077191e-05,6.791690e-05,6.796913e-05,6.799886e-05,6.636278e-05,6.448630e-05,6.427999e-05,6.533720e-05,6.586828e-05,6.484072e-05,6.216609e-05,5.780013e-05,5.154670e-05,4.476858e-05,3.870588e-05,3.353010e-05,2.730816e-05,1.737240e-05,5.570307e-06,-6.072361e-06
-1.046071e-04,-1.257660e-04,-1.524543e-03,1.336201e-01,1.006629e-01,7.097122e-02,4.678868e-02,2.859137e-02,1.595122e-02,7.998073e-03,3.705455e-03,1.956992e-03,1.852539e-03,2.678476e-03,3.921617e-03,5.345923e-03,6.748073e-03,8.026164e-03,9.101893e-03,9.928880e-03,1.053028e-02,1.091832e-02,1.116373e-02,1.127979e-02,1.127592e-02,1.119903e-02,1.102951e-02,1.077750e-02,1.044808e-02,1.003721e-02,9.601683e-03,9.168357e-03,8.744926e-03,8.334229e-03,7.929837e-03,7.523736e-03,1.336147e-02,1.191198e-02,1.046228e-02,9.013347e-03,7.561837e-03,6.126268e-03,4.767088e-03,3.525104e-03,2.433425e-03,1.512976e-03,7.610837e-04,1.590767e-04,-3.066153e-04,-6.451974e-04,-8.738787e-04,-1.013954e-03,-1.082864e-03,-1.090247e-03,-1.045334e-03,-9.574609e-04,-8.357769e-04,-6.919878e-04,-5.362020e-04,-3.716169e-04,-1.963662e-04,-1.332928e-05,1.731784e-04,3.598268e-04,5.467674e-04,7.336295e-04,9.210458e-04,1.109222e-03,1.297279e-03,-1.513096e-02,-1.293439e-02,-1.072587e-02,-8.641800e-03,-6.823624e-03,-5.263327e-03,-3.929489e-03,-2.805281e-03,-1.873910e-03,-1.119094e-03,-5.263010e-04,-6.328033e-05,2.961745e-04,5.699731e-04,7.672035e-04,8.986753e-04,9.770454e-04,1.013274e-03,1.019868e-03,1.008023e-03,9.790572e-04,9.322052e-04,8.688047e-04,7.935243e-04,7.103797e-04,6.233994e-04,5.380291e-04,4.584666e-04,3.857579e-04,3.176829e-04,2.514093e-04,1.853757e-04,1.191898e-04,-3.689972e-03,-3.281006e-03,-2.871875e-03,-2.470480e-03,-2.075092e-03,-1.698386e-03,-1.370806e-03,-1.101677e-03,-8.867396e-04,-7.109922e-04,-5.657713e-04,-4.472002e-04,-3.463399e-04,-2.492731e-04,-1.580148e-04,-9.593889e-05,-7.544159e-05,-8.800176e-05,-1.243532e-04,-1.771448e-04,-2.417845e-04,-3.027620e-04,-3.489272e-04,-3.820627e-04,-4.102640e-04,-4.250690e-04,-4.096093e-04,-3.497659e-04,-2.404274e-04,-7.907784e-05,1.100823e-04,3.004261e-04,4.904401e-04,1.703325e-03,1.262510e-03,8.155435e-04,4.029770e-04,6.157905e-05,-2.090143e-04,-4.258623e-04,-5.911656e-04,-7.087575e-04,-7.855461e-04,-8.284658e-04,-8.363180e-04,-8.141440e-04,-7.751135e-04,-7.483286e-04,-7.426571e-04,-7.374400e-04,-7.215787e-04,-7.067613e-04,-7.085770e-04,-7.223353e-04,-7.321069e-04,-7.285579e-04,-7.099669e-04,-6.759105e-04,-6.250039e-04,-5.681349e-04,-5.157985e-04,-4.698264e-04,-4.151088e-04,-3.308775e-04,-2.315799e-04,-1.335839e-04
-8.389339e-05,-1.343329e-04,-1.501687e-03,1.006629e-01,8.144683e-02,6.144178e-02,4.413892e-02,3.019295e-02,1.985187e-02,1.277915e-02,8.416651e-03,6.074562e-03,5.138684e-03,5.085031e-03,5.519412e-03,6.250619e-03,7.106893e-03,7.989556e-03,8.810849e-03,9.504016e-03,1.005931e-02,1.045543e-02,1.073674e-02,1.090241e-02,1.094892e-02,1.091595e-02,1.078346e-02,1.056673e-02,1.027174e-02,9.891281e-03,9.478975e-03,9.062404e-03,8.651859e-03,8.253107e-03,7.859683e-03,7.464578e-03,9.873909e-03,8.770719e-03,7.667332e-03,6.564698e-03,5.459490e-03,4.369593e-03,3.353997e-03,2.445496e-03,1.661069e-03,1.005272e-03,4.741619e-04,5.324231e-05,-2.680023e-04,-4.975376e-04,-6.487180e-04,-7.374552e-04,-7.766802e-04,-7.731833e-04,-7.333114e-04,-6.635194e-04,-5.701070e-04,-4.616412e-04,-3.452435e-04,-2.219962e-04,-8.880182e-05,5.231439e-05,1.975562e-04,3.437235e-04,4.907624e-04,6.380681e-04,7.860595e-04,9.348092e-04,1.083438e-03,-1.020168e-02,-8.597881e-03,-6.984189e-03,-5.473010e-03,-4.181156e-03,-3.097672e-03,-2.185167e-03,-1.429375e-03,-8.162063e-04,-3.315749e-04,3.758138e-05,3.150648e-04,5.202994e-04,6.673579e-04,7.639813e-04,8.186435e-04,8.405654e-04,8.376718e-04,8.193613e-04,7.939637e-04,7.616136e-04,7.205056e-04,6.706933e-04,6.151919e-04,5.564210e-04,4.967729e-04,4.403994e-04,3.905971e-04,3.478156e-04,3.095144e-04,2.727092e-04,2.359909e-04,1.991252e-04,-3.119878e-03,-2.776121e-03,-2.432217e-03,-2.094773e-03,-1.761699e-03,-1.444575e-03,-1.173201e-03,-9.552705e-04,-7.831826e-04,-6.389211e-04,-5.152514e-04,-4.102136e-04,-3.163871e-04,-2.207203e-04,-1.265442e-04,-5.861988e-05,-3.039703e-05,-3.424928e-05,-6.172738e-05,-1.060266e-04,-1.629521e-04,-2.176272e-04,-2.593024e-04,-2.898548e-04,-3.171414e-04,-3.326687e-04,-3.196267e-04,-2.637821e-04,-1.597713e-04,-4.784016e-06,1.774893e-04,3.609535e-04,5.440905e-04,1.339083e-03,9.553800e-04,5.663349e-04,2.079354e-04,-8.735106e-05,-3.202775e-04,-5.088777e-04,-6.536006e-04,-7.568218e-04,-8.242424e-04,-8.623012e-04,-8.680494e-04,-8.451332e-04,-8.060160e-04,-7.799434e-04,-7.756737e-04,-7.724615e-04,-7.590628e-04,-7.464735e-04,-7.496024e-04,-7.639094e-04,-7.738576e-04,-7.703776e-04,-7.517401e-04,-7.174918e-04,-6.662310e-04,-6.086673e-04,-5.552056e-04,-5.077570e-04,-4.515064e-04,-3.660695e-04,-2.657430e-04,-1.666931e-04
-6.301513e-05,-1.428964e-04,-1.479115e-03,7.097122e-02,6.144178e-02,5.219265e-02,4.146637e-02,3.183788e-02,2.376533e-02,1.757137e-02,1.313227e-02,1.019357e-02,8.424437e-03,7.490767e-03,7.116521e-03,7.154932e-03,7.465622e-03,7.953160e-03,8.520340e-03,9.080050e-03,9.589640e-03,9.994168e-03,1.031158e-02,1.052697e-02,1.062386e-02,1.063480e-02,1.053933e-02,1.035788e-02,1.009737e-02,9.747371e-03,9.358267e-03,8.958375e-03,8.560604e-03,8.173692e-03,7.791131e-03,7.406915e-03,6.356185e-03,5.602087e-03,4.847798e-03,4.094250e-03,3.338133e-03,2.596688e-03,1.927419e-03,1.355004e-03,8.802189e-04,4.911937e-04,1.826946e-04,-5.560498e-05,-2.311433e-04,-3.506097e-04,-4.234827e-04,-4.602696e-04,-4.693686e-04,-4.547055e-04,-4.197233e-04,-3.679794e-04,-3.029053e-04,-2.299100e-04,-1.531055e-04,-7.143539e-05,1.944677e-05,1.183831e-04,2.221037e-04,3.275403e-04,4.344328e-04,5.419412e-04,6.502682e-04,7.593523e-04,8.683144e-04,-5.199737e-03,-4.195821e-03,-3.184081e-03,-2.252895e-03,-1.494293e-03,-8.942488e-04,-4.092931e-04,-2.767628e-05,2.620236e-04,4.717391e-04,6.131018e-04,7.014834e-04,7.495209e-04,7.674124e-04,7.614904e-04,7.378337e-04,7.021669e-04,6.593221e-04,6.155410e-04,5.762457e-04,5.403577e-04,5.050002e-04,4.689163e-04,4.334430e-04,3.993790e-04,3.674547e-04,3.405088e-04,3.209218e-04,3.085348e-04,3.004791e-04,2.936136e-04,2.866812e-04,2.796064e-04,-2.548818e-03,-2.270310e-03,-1.991674e-03,-1.718231e-03,-1.447542e-03,-1.190090e-03,-9.750362e-04,-8.084154e-04,-6.792691e-04,-5.665534e-04,-4.644615e-04,-3.729496e-04,-2.861214e-04,-1.918007e-04,-9.464066e-05,-2.079973e-05,1.521248e-05,2.012501e-05,1.568953e-06,-3.419736e-05,-8.337612e-05,-1.317230e-04,-1.688888e-04,-1.968480e-04,-2.232218e-04,-2.394838e-04,-2.288791e-04,-1.770551e-04,-7.839185e-05,7.021920e-05,2.455951e-04,4.221692e-04,5.984187e-04,9.611638e-04,6.365622e-04,3.074284e-04,5.133887e-06,-2.422231e-04,-4.358552e-04,-5.948141e-04,-7.178008e-04,-8.057297e-04,-8.630788e-04,-8.957750e-04,-8.990980e-04,-8.752721e-04,-8.360220e-04,-8.107054e-04,-8.079409e-04,-8.068671e-04,-7.960730e-04,-7.858501e-04,-7.904212e-04,-8.053928e-04,-8.156157e-04,-8.122848e-04,-7.936636e-04,-7.592699e-04,-7.076856e-04,-6.494450e-04,-5.948670e-04,-5.459444e-04,-4.881571e-04,-4.015025e-04,-3.001319e-04,-2.000129e-04
-4.350246e-05,-1.517461e-04,-1.454054e-03,4.678868e-02,4.413892e-02,4.146637e-02,3.861974e-02,3.312638e-02,2.751282e-02,2.225527e-02,1.780273e-02,1.430262e-02,1.171932e-02,9.910443e-03,8.725861e-03,8.067718e-03,7.829084e-03,7.917799e-03,8.227202e-03,8.649544e-03,9.109275e-03,9.518730e-03,9.870202e-03,1.013444e-02,1.028157e-02,1.033657e-02,1.027838e-02,1.013211e-02,9.905495e-03,9.585484e-03,9.219690e-03,8.837224e-03,8.453328e-03,8.079302e-03,7.708674e-03,7.336425e-03,3.115468e-03,2.685085e-03,2.254515e-03,1.824675e-03,1.392252e-03,9.739195e-04,6.258394e-04,3.655189e-04,1.782843e-04,3.636731e-05,-6.650467e-05,-1.364369e-04,-1.779973e-04,-1.969524e-04,-1.991018e-04,-1.897273e-04,-1.728910e-04,-1.498207e-04,-1.212108e-04,-8.787859e-05,-5.054402e-05,-1.163730e-05,2.752234e-05,6.990055e-05,1.209105e-04,1.801323e-04,2.447504e-04,3.118075e-04,3.808479e-04,4.508159e-04,5.217203e-04,5.933771e-04,6.649112e-04,-9.980736e-04,-5.113304e-04,-1.875527e-05,4.138593e-04,7.175294e-04,9.082478e-04,1.034482e-03,1.105116e-03,1.128615e-03,1.114453e-03,1.072524e-03,1.009686e-03,9.319269e-04,8.460459e-04,7.576816e-04,6.711975e-04,5.894923e-04,5.149431e-04,4.511609e-04,4.011215e-04,3.628652e-04,3.327647e-04,3.085360e-04,2.900931e-04,2.768727e-04,2.682074e-04,2.658266e-04,2.713480e-04,2.841304e-04,3.010527e-04,3.188671e-04,3.364680e-04,3.539317e-04,-2.017390e-03,-1.799443e-03,-1.581383e-03,-1.367370e-03,-1.154636e-03,-9.526453e-04,-7.899371e-04,-6.711016e-04,-5.819876e-04,-4.986096e-04,-4.165652e-04,-3.376942e-04,-2.575154e-04,-1.645826e-04,-6.476391e-05,1.451135e-05,5.776981e-05,7.089042e-05,6.071746e-05,3.297837e-05,-8.917541e-06,-5.135818e-05,-8.438560e-05,-1.100349e-04,-1.356607e-04,-1.527073e-04,-1.445043e-04,-9.662643e-05,-3.236037e-06,1.390326e-04,3.075201e-04,4.772134e-04,6.465848e-04,5.989644e-04,3.302918e-04,5.788044e-05,-1.915168e-04,-3.940655e-04,-5.512280e-04,-6.828506e-04,-7.859087e-04,-8.598760e-04,-9.080149e-04,-9.357118e-04,-9.364747e-04,-9.111470e-04,-8.708190e-04,-8.450906e-04,-8.425695e-04,-8.424262e-04,-8.331929e-04,-8.244854e-04,-8.298383e-04,-8.449824e-04,-8.551495e-04,-8.517784e-04,-8.330913e-04,-7.985654e-04,-7.467687e-04,-6.880333e-04,-6.325710e-04,-5.824446e-04,-5.234342e-04,-4.359441e-04,-3.339384e-04,-2.331576e-04
-2.426055e-05,-1.624537e-04,-1.429253e-03,2.859137e-02,3.019295e-02,3.183788e-02,3.312638e-02,3.348762e-02,3.047822e-02,2.658490e-02,2.233920e-02,1.843769e-02,1.511975e-02,1.246314e-02,1.046409e-02,9.090850e-03,8.279966e-03,7.946841e-03,7.978213e-03,8.246373e-03,8.642436e-03,9.046928e-03,9.427321e-03,9.738934e-03,9.936588e-03,1.003653e-02,1.001650e-02,9.905526e-03,9.711915e-03,9.420910e-03,9.078346e-03,8.714356e-03,8.345996e-03,7.986398e-03,7.629258e-03,7.270534e-03,1.619552e-04,3.402324e-05,-9.408660e-05,-2.214967e-04,-3.514236e-04,-4.681822e-04,-5.185769e-04,-4.912483e-04,-4.150687e-04,-3.325212e-04,-2.502068e-04,-1.695684e-04,-9.246020e-05,-2.424863e-05,3.291228e-05,7.911289e-05,1.146255e-04,1.407589e-04,1.594316e-04,1.724231e-04,1.815866e-04,1.872627e-04,1.906247e-04,1.961931e-04,2.101503e-04,2.325776e-04,2.609743e-04,2.924417e-04,3.263404e-04,3.614268e-04,3.975485e-04,4.344141e-04,4.711570e-04,1.651005e-03,1.777270e-03,1.907556e-03,1.996572e-03,1.995933e-03,1.921665e-03,1.823827e-03,1.707638e-03,1.577892e-03,1.440853e-03,1.303939e-03,1.165075e-03,1.023701e-03,8.841569e-04,7.529982e-04,6.343034e-04,5.293771e-04,4.393698e-04,3.663406e-04,3.117728e-04,2.735174e-04,2.478429e-04,2.319887e-04,2.249240e-04,2.252129e-04,2.312857e-04,2.441567e-04,2.649862e-04,2.929009e-04,3.246709e-04,3.570352e-04,3.890448e-04,4.209224e-04,-1.506160e-03,-1.346053e-03,-1.185846e-03,-1.028667e-03,-8.715846e-04,-7.230134e-04,-6.103833e-04,-5.370571e-04,-4.859071e-04,-4.302013e-04,-3.670000e-04,-3.001182e-04,-2.263638e-04,-1.347690e-04,-3.235925e-05,5.213360e-05,1.022766e-04,1.231418e-04,1.208112e-04,1.004968e-04,6.521886e-05,2.798028e-05,-1.601038e-06,-2.555552e-05,-5.092055e-05,-6.907248e-05,-6.341270e-05,-1.945854e-05,6.881119e-05,2.049713e-04,3.668419e-04,5.299354e-04,6.927085e-04,2.757286e-04,5.322447e-05,-1.722929e-04,-3.782850e-04,-5.447011e-04,-6.730147e-04,-7.832810e-04,-8.709362e-04,-9.341370e-04,-9.750120e-04,-9.984228e-04,-9.960941e-04,-9.675827e-04,-9.236406e-04,-8.946031e-04,-8.894019e-04,-8.874371e-04,-8.773482e-04,-8.681608e-04,-8.727615e-04,-8.869411e-04,-8.962422e-04,-8.922763e-04,-8.731427e-04,-8.382516e-04,-7.861616e-04,-7.269845e-04,-6.708225e-04,-6.197907e-04,-5.599219e-04,-4.720024e-04,-3.697716e-04,-2.687382e-04
-5.965590e-06,-1.736940e-04,-1.403150e-03,1.595122e-02,1.985187e-02,2.376533e-02,2.751282e-02,3.047822e-02,3.215677e-02,3.001655e-02,2.656493e-02,2.256658e-02,1.870266e-02,1.527218e-02,1.246586e-02,1.034428e-02,8.910022e-03,8.100909e-03,7.807117e-03,7.883694e-03,8.187415e-03,8.567143e-03,8.965355e-03,9.319874e-03,9.567490e-03,9.713779e-03,9.734082e-03,9.660307e-03,9.500904e-03,9.240038e-03,8.922576e-03,8.579918e-03,8.230749e-03,7.889467e-03,7.549782e-03,7.208546e-03,-2.511577e-03,-2.349040e-03,-2.186663e-03,-2.023654e-03,-1.862946e-03,-1.690583e-03,-1.459665e-03,-1.164503e-03,-8.467329e-04,-5.618308e-04,-3.159610e-04,-1.050826e-04,7.177129e-05,2.092842e-04,3.092238e-04,3.778171e-04,4.200327e-04,4.395326e-04,4.407111e-04,4.277938e-04,4.050614e-04,3.754199e-04,3.422380e-04,3.112147e-04,2.889610e-04,2.758060e-04,2.693999e-04,2.668101e-04,2.671616e-04,2.689821e-04,2.719496e-04,2.756523e-04,2.792325e-04,3.031034e-03,2.939544e-03,2.850584e-03,2.735826e-03,2.564267e-03,2.351209e-03,2.144177e-03,1.944525e-03,1.753187e-03,1.572976e-03,1.408604e-03,1.248922e-03,1.087303e-03,9.270406e-04,7.778007e-04,6.450476e-04,5.294023e-04,4.317930e-04,3.536236e-04,2.956599e-04,2.560896e-04,2.315686e-04,2.192511e-04,2.174743e-04,2.242542e-04,2.374480e-04,2.575898e-04,2.855454e-04,3.203374e-04,3.586883e-04,3.973569e-04,4.355425e-04,4.736006e-04,-1.027000e-03,-9.210215e-04,-8.149506e-04,-7.110982e-04,-6.066657e-04,-5.090967e-04,-4.437406e-04,-4.128815e-04,-3.967062e-04,-3.661073e-04,-3.196588e-04,-2.632972e-04,-1.950074e-04,-1.040319e-04,1.495075e-06,9.141624e-05,1.483119e-04,1.765506e-04,1.815217e-04,1.679690e-04,1.385503e-04,1.056892e-04,7.870712e-05,5.565239e-05,2.986697e-05,1.006550e-05,1.276668e-05,5.247634e-05,1.353637e-04,2.651718e-04,4.201879e-04,5.764506e-04,7.323936e-04,1.419426e-05,-1.740005e-04,-3.646012e-04,-5.386106e-04,-6.792566e-04,-7.880730e-04,-8.843094e-04,-9.621348e-04,-1.018544e-03,-1.054645e-03,-1.074831e-03,-1.069050e-03,-1.035728e-03,-9.856645e-04,-9.505677e-04,-9.400895e-04,-9.339524e-04,-9.210215e-04,-9.097901e-04,-9.125143e-04,-9.249896e-04,-9.330217e-04,-9.283355e-04,-9.088303e-04,-8.738160e-04,-8.218344e-04,-7.627400e-04,-7.064998e-04,-6.552580e-04,-5.952772e-04,-5.077257e-04,-4.060849e-04,-3.056128e-04
1.286573e-05,-1.854164e-04,-1.376423e-03,7.998073e-03,1.277915e-02,1.757137e-02,2.225527e-02,2.658490e-02,3.001655e-02,3.194244e-02,2.984817e-02,2.644829e-02,2.239488e-02,1.839511e-02,1.485142e-02,1.196947e-02,9.851585e-03,8.490073e-03,7.799429e-03,7.624083e-03,7.786868e-03,8.106003e-03,8.498767e-03,8.882780e-03,9.174352e-03,9.366277e-03,9.428943e-03,9.394436e-03,9.270712e-03,9.041392e-03,8.751331e-03,8.433457e-03,8.108490e-03,7.791650e-03,7.475866e-03,7.158546e-03,-4.016907e-03,-3.653181e-03,-3.289590e-03,-2.925466e-03,-2.563302e-03,-2.191487e-03,-1.771795e-03,-1.301876e-03,-8.323774e-04,-4.281152e-04,-9.428626e-05,1.793352e-04,3.963664e-04,5.508605e-04,6.484114e-04,7.021344e-04,7.217430e-04,7.123686e-04,6.800680e-04,6.306795e-04,5.700815e-04,5.029176e-04,4.339040e-04,3.691167e-04,3.149238e-04,2.714883e-04,2.363061e-04,2.061870e-04,1.798434e-04,1.553930e-04,1.322677e-04,1.098789e-04,8.736615e-05,3.605995e-03,3.417253e-03,3.229930e-03,3.028353e-03,2.794518e-03,2.541263e-03,2.309305e-03,2.096735e-03,1.901316e-03,1.722968e-03,1.564225e-03,1.405594e-03,1.235872e-03,1.059635e-03,8.926365e-04,7.436934e-04,6.131053e-04,5.021532e-04,4.121458e-04,3.435926e-04,2.951546e-04,2.640425e-04,2.474746e-04,2.433009e-04,2.491320e-04,2.624012e-04,2.831924e-04,3.120256e-04,3.477254e-04,3.868778e-04,4.261705e-04,4.648975e-04,5.034991e-04,-6.085537e-04,-5.480722e-04,-4.875039e-04,-4.285800e-04,-3.688398e-04,-3.147311e-04,-2.887356e-04,-2.925716e-04,-3.045439e-04,-2.939175e-04,-2.605733e-04,-2.125521e-04,-1.487062e-04,-5.801643e-05,5.049046e-05,1.450810e-04,2.073533e-04,2.411919e-04,2.514550e-04,2.425529e-04,2.168869e-04,1.863943e-04,1.601925e-04,1.364963e-04,1.090838e-04,8.673360e-05,8.582914e-05,1.208394e-04,1.980167e-04,3.212234e-04,4.691686e-04,6.183977e-04,7.673072e-04,-1.968615e-04,-3.627318e-04,-5.305452e-04,-6.840096e-04,-8.087530e-04,-9.061143e-04,-9.935785e-04,-1.064629e-03,-1.115542e-03,-1.146714e-03,-1.162245e-03,-1.150427e-03,-1.108893e-03,-1.049018e-03,-1.004672e-03,-9.866079e-04,-9.746642e-04,-9.578575e-04,-9.440867e-04,-9.449225e-04,-9.560103e-04,-9.633079e-04,-9.585840e-04,-9.394876e-04,-9.052260e-04,-8.543463e-04,-7.964309e-04,-7.412908e-04,-6.910716e-04,-6.322453e-04,-5.463559e-04,-4.466172e-04,-3.480170e-04
3.048937e-05,-1.971079e-04,-1.349947e-03,3.705455e-03,8.416651e-03,1.313227e-02,1.780273e-02,2.233920e-02,2.656493e-02,2.984817e-02,3.159822e-02,2.945200e-02,2.593727e-02,2.172727e-02,1.763748e-02,1.404260e-02,1.120651e-02,9.217920e-03,8.047728e-03,7.543731e-03,7.499835e-03,7.706907e-03,8.057628e-03,8.446956e-03,8.768704e-03,9.000626e-03,9.104847e-03,9.110052e-03,9.022631e-03,8.825950e-03,8.565734e-03,8.276526e-03,7.981404e-03,7.695812e-03,7.411045e-03,7.124739e-03,-4.134743e-03,-3.677535e-03,-3.220429e-03,-2.762914e-03,-2.306920e-03,-1.843629e-03,-1.344883e-03,-8.116622e-04,-2.989831e-04,1.249844e-04,4.565973e-04,7.128191e-04,8.994880e-04,1.009110e-03,1.051013e-03,1.046259e-03,1.009484e-03,9.461721e-04,8.629722e-04,7.662483e-04,6.623929e-04,5.567066e-04,4.541876e-04,3.603364e-04,2.805030e-04,2.142209e-04,1.584940e-04,1.096302e-04,6.573552e-05,2.431833e-05,-1.552191e-05,-5.461517e-05,-9.383492e-05,3.526174e-03,3.335096e-03,3.144660e-03,2.948132e-03,2.736991e-03,2.521182e-03,2.332374e-03,2.165434e-03,2.014969e-03,1.877788e-03,1.753923e-03,1.615948e-03,1.449235e-03,1.261723e-03,1.078240e-03,9.127159e-04,7.649593e-04,6.367963e-04,5.299778e-04,4.452532e-04,3.818466e-04,3.376539e-04,3.101094e-04,2.967666e-04,2.950104e-04,3.020397e-04,3.175403e-04,3.416439e-04,3.728888e-04,4.076492e-04,4.424668e-04,4.766811e-04,5.107696e-04,-2.577458e-04,-2.340024e-04,-2.101762e-04,-1.876072e-04,-1.643105e-04,-1.457690e-04,-1.511539e-04,-1.814587e-04,-2.140565e-04,-2.179126e-04,-1.939006e-04,-1.520822e-04,-9.176917e-05,-1.121046e-06,1.101552e-04,2.084780e-04,2.744027e-04,3.116173e-04,3.246758e-04,3.178345e-04,2.933824e-04,2.629094e-04,2.354420e-04,2.094556e-04,1.792090e-04,1.535050e-04,1.485289e-04,1.786366e-04,2.500828e-04,3.667851e-04,5.078111e-04,6.501715e-04,7.922115e-04,-3.527487e-04,-5.054550e-04,-6.597687e-04,-8.013725e-04,-9.176784e-04,-1.009877e-03,-1.093372e-03,-1.161343e-03,-1.209536e-03,-1.237645e-03,-1.249324e-03,-1.231128e-03,-1.180085e-03,-1.108580e-03,-1.053492e-03,-1.027049e-03,-1.008848e-03,-9.879109e-04,-9.715591e-04,-9.707220e-04,-9.807926e-04,-9.878072e-04,-9.835418e-04,-9.653877e-04,-9.324721e-04,-8.833830e-04,-8.274291e-04,-7.742481e-04,-7.259573e-04,-6.692147e-04,-5.859248e-04,-4.890339e-04,-3.932511e-04
4.505557e-05,-2.087259e-04,-1.319010e-03,1.956992e-03,6.074562e-03,1.019357e-02,1.430262e-02,1.843769e-02,2.256658e-02,2.644829e-02,2.945200e-02,3.107136e-02,2.872889e-02,2.500084e-02,2.068255e-02,1.652664e-02,1.299279e-02,1.033280e-02,8.608975e-03,7.694418e-03,7.366015e-03,7.394933e-03,7.651870e-03,8.008291e-03,8.335028e-03,8.592851e-03,8.732402e-03,8.775184e-03,8.724321e-03,8.562264e-03,8.335401e-03,8.079320e-03,7.819227e-03,7.570510e-03,7.322606e-03,7.073157e-03,-3.459872e-03,-2.984960e-03,-2.510118e-03,-2.034989e-03,-1.560940e-03,-1.081867e-03,-5.790991e-04,-5.686372e-05,4.300856e-04,8.158888e-04,1.097322e-03,1.296732e-03,1.420366e-03,1.457239e-03,1.419844e-03,1.338509e-03,1.233218e-03,1.109050e-03,9.724603e-04,8.295544e-04,6.864571e-04,5.483283e-04,4.197019e-04,3.049052e-04,2.078278e-04,1.271962e-04,5.944710e-05,3.718953e-07,-5.253387e-05,-1.023790e-04,-1.503968e-04,-1.976555e-04,-2.450434e-04,3.103315e-03,2.968099e-03,2.833037e-03,2.697075e-03,2.557926e-03,2.422631e-03,2.313586e-03,2.222695e-03,2.141602e-03,2.063884e-03,1.986757e-03,1.875657e-03,1.713484e-03,1.512922e-03,1.310487e-03,1.126351e-03,9.589638e-04,8.103010e-04,6.829108e-04,5.782011e-04,4.959075e-04,4.345939e-04,3.919513e-04,3.653562e-04,3.520716e-04,3.491754e-04,3.559555e-04,3.720962e-04,3.957784e-04,4.231344e-04,4.505359e-04,4.773316e-04,5.039999e-04,9.052549e-06,6.055930e-06,3.138620e-06,-7.989065e-07,-4.269756e-06,-1.189466e-05,-3.965329e-05,-8.768632e-05,-1.336094e-04,-1.475632e-04,-1.306775e-04,-9.447030e-05,-3.802575e-05,5.200798e-05,1.655162e-04,2.667345e-04,3.350620e-04,3.741722e-04,3.884696e-04,3.821692e-04,3.575432e-04,3.259103e-04,2.962607e-04,2.674016e-04,2.341129e-04,2.051564e-04,1.964112e-04,2.219974e-04,2.880820e-04,3.985633e-04,5.329028e-04,6.686235e-04,8.040239e-04,-4.614057e-04,-6.073240e-04,-7.546205e-04,-8.903630e-04,-1.003253e-03,-1.094375e-03,-1.177113e-03,-1.244662e-03,-1.292427e-03,-1.319354e-03,-1.328398e-03,-1.304383e-03,-1.243825e-03,-1.160326e-03,-1.094487e-03,-1.060230e-03,-1.036476e-03,-1.012028e-03,-9.936570e-04,-9.917299e-04,-1.001336e-03,-1.008585e-03,-1.005265e-03,-9.885265e-04,-9.574433e-04,-9.106761e-04,-8.572283e-04,-8.065251e-04,-7.606419e-04,-7.064759e-04,-6.263648e-04,-5.329464e-04,-4.406029e-04
5.380673e-05,-2.193281e-04,-1.285682e-03,1.852539e-03,5.138684e-03,8.424437e-03,1.171932e-02,1.511975e-02,1.870266e-02,2.239488e-02,2.593727e-02,2.872889e-02,3.006822e-02,2.746403e-02,2.361421e-02,1.922328e-02,1.516329e-02,1.188042e-02,9.582178e-03,8.196049e-03,7.506676e-03,7.281104e-03,7.375809e-03,7.641996e-03,7.930649e-03,8.185215e-03,8.342387e-03,8.412863e-03,8.394108e-03,8.265749e-03,8.073375e-03,7.852170e-03,7.628416e-03,7.417486e-03,7.207513e-03,6.995992e-03,-2.798048e-03,-2.336484e-03,-1.874966e-03,-1.413261e-03,-9.522681e-04,-4.880908e-04,-9.566537e-06,4.770907e-04,9.220964e-04,1.266443e-03,1.504680e-03,1.660485e-03,1.737243e-03,1.717857e-03,1.616866e-03,1.475126e-03,1.318517e-03,1.151397e-03,9.796016e-04,8.085638e-04,6.437383e-04,4.896504e-04,3.499977e-04,2.278290e-04,1.256366e-04,4.153922e-05,-2.833759e-05,-8.844499e-05,-1.416446e-04,-1.914135e-04,-2.391995e-04,-2.862201e-04,-3.333713e-04,2.649780e-03,2.594074e-03,2.538267e-03,2.484207e-03,2.432730e-03,2.387673e-03,2.362859e-03,2.347950e-03,2.332350e-03,2.306932e-03,2.266308e-03,2.171191e-03,2.003354e-03,1.780729e-03,1.553101e-03,1.346959e-03,1.157727e-03,9.864178e-04,8.365687e-04,7.106381e-04,6.086283e-04,5.295115e-04,4.711095e-04,4.306701e-04,4.053508e-04,3.921378e-04,3.898890e-04,3.977927e-04,4.136367e-04,4.333364e-04,4.531257e-04,4.723325e-04,4.914113e-04,1.816408e-04,1.623898e-04,1.432168e-04,1.231240e-04,1.031251e-04,7.925854e-05,3.811849e-05,-1.987610e-05,-7.378323e-05,-9.598547e-05,-8.674858e-05,-5.781033e-05,-7.101593e-06,8.089212e-05,1.958943e-04,2.994754e-04,3.696382e-04,4.101020e-04,4.252075e-04,4.191788e-04,3.943135e-04,3.617307e-04,3.304136e-04,2.995140e-04,2.643038e-04,2.334419e-04,2.224211e-04,2.450226e-04,3.072555e-04,4.129326e-04,5.419526e-04,6.723778e-04,8.024847e-04,-5.287027e-04,-6.721466e-04,-8.168292e-04,-9.507125e-04,-1.063302e-03,-1.155513e-03,-1.238927e-03,-1.307065e-03,-1.355226e-03,-1.381746e-03,-1.388734e-03,-1.359660e-03,-1.290621e-03,-1.196363e-03,-1.121615e-03,-1.081925e-03,-1.054874e-03,-1.028656e-03,-1.009601e-03,-1.007728e-03,-1.017821e-03,-1.026055e-03,-1.024240e-03,-1.009334e-03,-9.803884e-04,-9.361536e-04,-8.853167e-04,-8.370748e-04,-7.934731e-04,-7.417186e-04,-6.646525e-04,-5.745901e-04,-4.855704e-04
5.330247e-05,-2.245452e-04,-1.248189e-03,2.678476e-03,5.085031e-03,7.490767e-03,9.910443e-03,1.246314e-02,1.527218e-02,1.839511e-02,2.172727e-02,2.500084e-02,2.746403e-02,2.852018e-02,2.578329e-02,2.185509e-02,1.759972e-02,1.387002e-02,1.104092e-02,9.151284e-03,8.028364e-03,7.461561e-03,7.307213e-03,7.404537e-03,7.592034e-03,7.797330e-03,7.941415e-03,8.020191e-03,8.022604e-03,7.923051e-03,7.764163e-03,7.578568e-03,7.391964e-03,7.219357e-03,7.048029e-03,6.875161e-03,-2.238735e-03,-1.811513e-03,-1.384318e-03,-9.570129e-04,-5.301339e-04,-1.014671e-04,3.345936e-04,7.707578e-04,1.164725e-03,1.466959e-03,1.669885e-03,1.794339e-03,1.838272e-03,1.777246e-03,1.627205e-03,1.440849e-03,1.250602e-03,1.059686e-03,8.727210e-04,6.939018e-04,5.274664e-04,3.765655e-04,2.435023e-04,1.299163e-04,3.700973e-05,-3.748509e-05,-9.747622e-05,-1.473587e-04,-1.900751e-04,-2.291978e-04,-2.662743e-04,-3.025876e-04,-3.390310e-04,2.266150e-03,2.297170e-03,2.328007e-03,2.361333e-03,2.398697e-03,2.440497e-03,2.492908e-03,2.543625e-03,2.580073e-03,2.590664e-03,2.567285e-03,2.470151e-03,2.282395e-03,2.027540e-03,1.769106e-03,1.539209e-03,1.327967e-03,1.133826e-03,9.615586e-04,8.152145e-04,6.947391e-04,5.991030e-04,5.260569e-04,4.727975e-04,4.364073e-04,4.138285e-04,4.034792e-04,4.040221e-04,4.128359e-04,4.256823e-04,4.387275e-04,4.512480e-04,4.636406e-04,2.536457e-04,2.257840e-04,1.979996e-04,1.693069e-04,1.403044e-04,1.075500e-04,5.967336e-05,-2.498917e-06,-6.002408e-05,-8.803157e-05,-8.566466e-05,-6.371294e-05,-1.834431e-05,6.820724e-05,1.855564e-04,2.921617e-04,3.644014e-04,4.061916e-04,4.220001e-04,4.161818e-04,3.911639e-04,3.580114e-04,3.257537e-04,2.939030e-04,2.581705e-04,2.270230e-04,2.154605e-04,2.367827e-04,2.967555e-04,3.990296e-04,5.240311e-04,6.504256e-04,7.765073e-04,-5.484249e-04,-6.919511e-04,-8.366403e-04,-9.710219e-04,-1.085047e-03,-1.179405e-03,-1.264103e-03,-1.333092e-03,-1.381645e-03,-1.407582e-03,-1.411995e-03,-1.377943e-03,-1.301526e-03,-1.198499e-03,-1.117649e-03,-1.075808e-03,-1.048394e-03,-1.022483e-03,-1.004177e-03,-1.003502e-03,-1.015002e-03,-1.024947e-03,-1.025200e-03,-1.012621e-03,-9.862690e-04,-9.449853e-04,-8.971151e-04,-8.515733e-04,-8.103639e-04,-7.611016e-04,-6.872208e-04,-6.006951e-04,-5.151804e-04
4.779920e-05,-2.259243e-04,-1.208180e-03,3.921617e-03,5.519412e-03,7.116521e-03,8.725861e-03,1.046409e-02,1.246586e-02,1.485142e-02,1.763748e-02,2.068255e-02,2.361421e-02,2.578329e-02,2.668310e-02,2.385688e-02,2.010139e-02,1.624591e-02,1.303934e-02,1.066575e-02,9.059439e-03,8.065991e-03,7.563473e-03,7.393817e-03,7.396191e-03,7.486809e-03,7.570709e-03,7.625284e-03,7.627921e-03,7.545292e-03,7.414534e-03,7.262890e-03,7.112818e-03,6.977387e-03,6.843391e-03,6.707893e-03,-1.629643e-03,-1.259721e-03,-8.898129e-04,-5.198498e-04,-1.501088e-04,2.204573e-04,5.937206e-04,9.621862e-04,1.291557e-03,1.541778e-03,1.702938e-03,1.789440e-03,1.793534e-03,1.685458e-03,1.483545e-03,1.253574e-03,1.035408e-03,8.304929e-04,6.412933e-04,4.698781e-04,3.184082e-04,1.874915e-04,7.713572e-05,-1.270072e-05,-8.206911e-05,-1.335354e-04,-1.708956e-04,-1.983055e-04,-2.185908e-04,-2.352170e-04,-2.497775e-04,-2.635928e-04,-2.775348e-04,1.899059e-03,1.988692e-03,2.078158e-03,2.169871e-03,2.265059e-03,2.361745e-03,2.460686e-03,2.548940e-03,2.613280e-03,2.641077e-03,2.622565e-03,2.521757e-03,2.323988e-03,2.055974e-03,1.791753e-03,1.565941e-03,1.359894e-03,1.166885e-03,9.932282e-04,8.453695e-04,7.230637e-04,6.249610e-04,5.487354e-04,4.919434e-04,4.519343e-04,4.259728e-04,4.123507e-04,4.094809e-04,4.145900e-04,4.235779e-04,4.328173e-04,4.415797e-04,4.502159e-04,2.616979e-04,2.293290e-04,1.970359e-04,1.638194e-04,1.299774e-04,9.245669e-05,4.141790e-05,-2.204715e-05,-8.106087e-05,-1.133094e-04,-1.165635e-04,-9.947900e-05,-5.646199e-05,3.164480e-05,1.539653e-04,2.654798e-04,3.406776e-04,3.838985e-04,4.000261e-04,3.937643e-04,3.678582e-04,3.335827e-04,3.001672e-04,2.675194e-04,2.317326e-04,2.010105e-04,1.897735e-04,2.107335e-04,2.693343e-04,3.689910e-04,4.907063e-04,6.137883e-04,7.365644e-04,-5.507083e-04,-6.920119e-04,-8.344403e-04,-9.668896e-04,-1.079601e-03,-1.173093e-03,-1.256180e-03,-1.323400e-03,-1.370233e-03,-1.394358e-03,-1.396104e-03,-1.359351e-03,-1.280262e-03,-1.174828e-03,-1.094792e-03,-1.057354e-03,-1.034790e-03,-1.012399e-03,-9.964829e-04,-9.976749e-04,-1.010506e-03,-1.021469e-03,-1.022599e-03,-1.010892e-03,-9.855385e-04,-9.455467e-04,-8.989657e-04,-8.544137e-04,-8.138500e-04,-7.653572e-04,-6.930195e-04,-6.084224e-04,-5.248042e-04
3.799472e-05,-2.203796e-04,-1.175933e-03,5.345923e-03,6.250619e-03,7.154932e-03,8.067718e-03,9.090850e-03,1.034428e-02,1.196947e-02,1.404260e-02,1.652664e-02,1.922328e-02,2.185509e-02,2.385688e-02,2.469533e-02,2.211549e-02,1.884963e-02,1.558718e-02,1.287721e-02,1.080007e-02,9.319837e-03,8.367486e-03,7.813971e-03,7.521968e-03,7.406682e-03,7.359790e-03,7.337039e-03,7.301370e-03,7.209286e-03,7.089602e-03,6.960459e-03,6.837146e-03,6.728354e-03,6.620979e-03,6.512172e-03,-8.276629e-04,-5.579695e-04,-2.882810e-04,-1.857041e-05,2.510416e-04,5.209217e-04,7.908573e-04,1.054155e-03,1.284502e-03,1.450897e-03,1.542014e-03,1.564760e-03,1.507403e-03,1.338632e-03,1.079909e-03,8.091335e-04,5.732091e-04,3.707463e-04,2.005862e-04,6.127208e-05,-4.846655e-05,-1.323682e-04,-1.941034e-04,-2.357446e-04,-2.584272e-04,-2.649021e-04,-2.586968e-04,-2.435041e-04,-2.217255e-04,-1.964055e-04,-1.690765e-04,-1.410409e-04,-1.131242e-04,1.496585e-03,1.594504e-03,1.692316e-03,1.791770e-03,1.893621e-03,1.995280e-03,2.094929e-03,2.181095e-03,2.242028e-03,2.266281e-03,2.244506e-03,2.148207e-03,1.966217e-03,1.725092e-03,1.501944e-03,1.328478e-03,1.173483e-03,1.021947e-03,8.821619e-04,7.640524e-04,6.670290e-04,5.889739e-04,5.275453e-04,4.813780e-04,4.487013e-04,4.277495e-04,4.173075e-04,4.160906e-04,4.216393e-04,4.304474e-04,4.394968e-04,4.481096e-04,4.565988e-04,2.070090e-04,1.744838e-04,1.420297e-04,1.086627e-04,7.457711e-05,3.703603e-05,-1.273866e-05,-7.353155e-05,-1.303352e-04,-1.629859e-04,-1.679534e-04,-1.513108e-04,-1.062283e-04,-1.339335e-05,1.155418e-04,2.322810e-04,3.094434e-04,3.521453e-04,3.661285e-04,3.567848e-04,3.274545e-04,2.900765e-04,2.543478e-04,2.205388e-04,1.849172e-04,1.553386e-04,1.456128e-04,1.678185e-04,2.269930e-04,3.262279e-04,4.469805e-04,5.690662e-04,6.908526e-04,-5.352823e-04,-6.697274e-04,-8.052863e-04,-9.310437e-04,-1.037430e-03,-1.124950e-03,-1.201728e-03,-1.263122e-03,-1.305166e-03,-1.325934e-03,-1.325552e-03,-1.289706e-03,-1.215043e-03,-1.116998e-03,-1.047913e-03,-1.023859e-03,-1.012931e-03,-9.978878e-04,-9.859511e-04,-9.892917e-04,-1.002746e-03,-1.013110e-03,-1.012727e-03,-9.990907e-04,-9.717212e-04,-9.299056e-04,-8.815672e-04,-8.350805e-04,-7.923444e-04,-7.418507e-04,-6.682211e-04,-5.826752e-04,-4.980826e-04
2.667774e-05,-2.109334e-04,-1.157829e-03,6.748073e-03,7.106893e-03,7.465622e-03,7.829084e-03,8.279966e-03,8.910022e-03,9.851585e-03,1.120651e-02,1.299279e-02,1.516329e-02,1.759972e-02,2.010139e-02,2.211549e-02,2.328758e-02,2.127296e-02,1.863366e-02,1.586726e-02,1.342798e-02,1.143585e-02,9.936011e-03,8.864359e-03,8.142652e-03,7.702420e-03,7.428413e-03,7.251962e-03,7.119050e-03,6.974008e-03,6.834193e-03,6.703850e-03,6.585968e-03,6.482223e-03,6.380365e-03,6.277151e-03,1.704320e-04,2.734695e-04,3.765054e-04,4.795501e-04,5.825492e-04,6.856089e-04,7.878482e-04,8.843077e-04,9.566553e-04,9.831062e-04,9.540051e-04,8.716606e-04,7.244559e-04,4.846634e-04,1.761645e-04,-1.160149e-04,-3.409560e-04,-5.044558e-04,-6.133132e-04,-6.744437e-04,-6.944183e-04,-6.838301e-04,-6.519801e-04,-6.034179e-04,-5.399848e-04,-4.643603e-04,-3.794948e-04,-2.882025e-04,-1.918735e-04,-9.255067e-05,8.554289e-06,1.103149e-04,2.119680e-04,1.099123e-03,1.162014e-03,1.224873e-03,1.288720e-03,1.353968e-03,1.418898e-03,1.481584e-03,1.533869e-03,1.567369e-03,1.573774e-03,1.546165e-03,1.465295e-03,1.324519e-03,1.148091e-03,1.007927e-03,9.274297e-04,8.605213e-04,7.817978e-04,7.024990e-04,6.375755e-04,5.857227e-04,5.432633e-04,5.077412e-04,4.796797e-04,4.588584e-04,4.451960e-04,4.386630e-04,4.388604e-04,4.440571e-04,4.517334e-04,4.597998e-04,4.675551e-04,4.751879e-04,9.834820e-05,7.164068e-05,4.499473e-05,1.749390e-05,-1.052539e-05,-4.146832e-05,-8.341563e-05,-1.350866e-04,-1.830220e-04,-2.089076e-04,-2.086069e-04,-1.862333e-04,-1.348007e-04,-3.626418e-05,9.719276e-05,2.153632e-04,2.896822e-04,3.264409e-04,3.327190e-04,3.149744e-04,2.774235e-04,2.332401e-04,1.929593e-04,1.571226e-04,1.218285e-04,9.445551e-05,8.816381e-05,1.143585e-04,1.775272e-04,2.802874e-04,4.042837e-04,5.295771e-04,6.545752e-04,-5.166349e-04,-6.400073e-04,-7.645043e-04,-8.792252e-04,-9.746807e-04,-1.051482e-03,-1.117547e-03,-1.169252e-03,-1.203480e-03,-1.219165e-03,-1.216897e-03,-1.184758e-03,-1.120474e-03,-1.038630e-03,-9.894993e-04,-9.864372e-04,-9.926986e-04,-9.879347e-04,-9.810909e-04,-9.869229e-04,-1.000669e-03,-1.009220e-03,-1.005212e-03,-9.869765e-04,-9.545849e-04,-9.077573e-04,-8.545465e-04,-8.032230e-04,-7.556256e-04,-7.005291e-04,-6.228901e-04,-5.336007e-04,-4.452501e-04
