7.251316e-04,-1.354661e-06,5.655294e-06,-2.594585e-05,-1.702911e-05,-8.046710e-06,5.804081e-08,6.833624e-06,1.136128e-05,1.514428e-05,1.948220e-05,2.563131e-05,3.090669e-05,3.443302e-05,3.547588e-05,3.138183e-05,2.248028e-05,1.043243e-05,-2.744767e-07,-7.249578e-06,-9.998621e-06,-9.429991e-06,-6.206453e-06,-2.700506e-07,6.159141e-06,1.178498e-05,1.505892e-05,1.667059e-05,1.524236e-05,9.410802e-06,-2.263976e-06,-1.987853e-05,-4.321233e-05,-6.912936e-05,-9.527107e-05,-1.211686e-04,-2.144963e-03,-2.154599e-03,-2.164237e-03,-2.173866e-03,-2.183526e-03,-2.193052e-03,-2.202583e-03,-2.212087e-03,-2.220959e-03,-2.229935e-03,-2.238977e-03,-2.247910e-03,-2.256929e-03,-2.265776e-03,-2.274222e-03,-2.282071e-03,-2.289418e-03,-2.296195e-03,-2.302542e-03,-2.308545e-03,-2.314302e-03,-2.319759e-03,-2.325455e-03,-2.331133e-03,-2.337380e-03,-2.344338e-03,-2.351878e-03,-2.360076e-03,-2.368951e-03,-2.378229e-03,-2.387698e-03,-2.397319e-03,-2.406902e-03,-8.110247e-05,-7.257069e-05,-6.403964e-05,-5.559842e-05,-4.747442e-05,-3.974457e-05,-3.278698e-05,-2.680735e-05,-2.159335e-05,-1.701864e-05,-1.297129e-05,-9.317718e-06,-5.572443e-06,-1.796888e-06,1.697471e-06,5.024477e-06,7.941009e-06,1.039090e-05,1.243232e-05,1.407574e-05,1.534022e-05,1.636704e-05,1.680649e-05,1.668244e-05,1.602660e-05,1.476643e-05,1.293792e-05,1.071928e-05,8.103368e-06,5.559653e-06,2.951848e-06,4.207354e-07,-2.097499e-06,3.485284e-03,3.372792e-03,3.260218e-03,3.147375e-03,3.037714e-03,2.933015e-03,2.836610e-03,2.752236e-03,2.679618e-03,2.621587e-03,2.577271e-03,2.545738e-03,2.529383e-03,2.530388e-03,2.547481e-03,2.576680e-03,2.613807e-03,2.649167e-03,2.674379e-03,2.686515e-03,2.685164e-03,2.668365e-03,2.639627e-03,2.599490e-03,2.550763e-03,2.493558e-03,2.428715e-03,2.360391e-03,2.293105e-03,2.226576e-03,2.160432e-03,2.096310e-03,2.031955e-03,-2.621258e-04,-2.375285e-04,-2.129589e-04,-1.878215e-04,-1.602285e-04,-1.286842e-04,-9.342490e-05,-5.717827e-05,-2.333700e-05,5.208533e-06,2.549776e-05,3.660992e-05,4.047314e-05,4.009685e-05,3.489285e-05,2.777562e-05,1.845281e-05,8.263313e-06,7.982367e-08,-3.775871e-06,-6.919584e-07,9.975013e-06,2.654076e-05,4.446245e-05,5.924209e-05,6.626569e-05,6.335655e-05,5.029844e-05,2.915086e-05,3.759019e-06,-2.612863e-05,-5.739429e-05,-8.843941e-05
-1.354661e-06,6.231083e-04,1.704338e-05,-2.727688e-04,-2.480223e-04,-2.223774e-04,-1.982411e-04,-1.767271e-04,-1.603513e-04,-1.488966e-04,-1.442179e-04,-1.448052e-04,-1.498287e-04,-1.564413e-04,-1.637740e-04,-1.707864e-04,-1.788233e-04,-1.844599e-04,-1.870220e-04,-1.895623e-04,-1.897934e-04,-1.882707e-04,-1.831860e-04,-1.747487e-04,-1.645752e-04,-1.543468e-04,-1.453911e-04,-1.384749e-04,-1.341292e-04,-1.317123e-04,-1.328523e-04,-1.366249e-04,-1.446557e-04,-1.564505e-04,-1.689907e-04,-1.809242e-04,1.649026e-06,9.933322e-07,3.371729e-07,-3.288859e-07,-1.058239e-06,-1.721218e-06,-2.471352e-06,-3.391881e-06,-4.117560e-06,-4.331028e-06,-3.918563e-06,-2.790710e-06,-5.930260e-07,2.510399e-06,5.909826e-06,9.248808e-06,1.190288e-05,1.385430e-05,1.526594e-05,1.627069e-05,1.703994e-05,1.766197e-05,1.777278e-05,1.730806e-05,1.608647e-05,1.401919e-05,1.099400e-05,7.095693e-06,2.417277e-06,-2.686281e-06,-8.403096e-06,-1.436585e-05,-2.028359e-05,-1.840917e-03,-1.842404e-03,-1.843824e-03,-1.844984e-03,-1.846458e-03,-1.848108e-03,-1.850183e-03,-1.852837e-03,-1.855860e-03,-1.859141e-03,-1.862505e-03,-1.865769e-03,-1.869012e-03,-1.871744e-03,-1.873823e-03,-1.875304e-03,-1.876346e-03,-1.877635e-03,-1.878839e-03,-1.880363e-03,-1.882356e-03,-1.884756e-03,-1.888041e-03,-1.892280e-03,-1.897589e-03,-1.903971e-03,-1.911389e-03,-1.920015e-03,-1.929264e-03,-1.939018e-03,-1.949046e-03,-1.958897e-03,-1.968707e-03,-2.071620e-04,-1.875986e-04,-1.680659e-04,-1.480684e-04,-1.263380e-04,-1.018037e-04,-7.432228e-05,-4.575748e-05,-1.884004e-05,3.790172e-06,1.993085e-05,2.894486e-05,3.195518e-05,3.068564e-05,2.517477e-05,1.856405e-05,1.157732e-05,5.011207e-06,5.697978e-07,-4.527575e-07,3.625187e-06,1.273035e-05,2.519790e-05,3.803264e-05,4.854770e-05,5.331051e-05,4.998467e-05,3.788226e-05,1.818984e-05,-5.912399e-06,-3.340362e-05,-6.159777e-05,-8.965454e-05,2.311523e-03,2.329029e-03,2.346363e-03,2.362020e-03,2.375939e-03,2.383158e-03,2.380750e-03,2.367341e-03,2.340278e-03,2.303296e-03,2.261022e-03,2.217932e-03,2.182221e-03,2.156691e-03,2.143901e-03,2.145595e-03,2.160879e-03,2.190494e-03,2.227078e-03,2.265210e-03,2.298253e-03,2.319034e-03,2.325511e-03,2.312692e-03,2.281190e-03,2.233854e-03,2.173185e-03,2.105701e-03,2.032989e-03,1.959265e-03,1.886061e-03,1.810823e-03,1.735639e-03
5.655294e-06,1.704338e-05,1.857892e-04,-1.311983e-03,-1.307876e-03,-1.303516e-03,-1.296540e-03,-1.289804e-03,-1.279480e-03,-1.265362e-03,-1.248376e-03,-1.223378e-03,-1.194716e-03,-1.163684e-03,-1.131145e-03,-1.105917e-03,-1.092719e-03,-1.094547e-03,-1.111382e-03,-1.140489e-03,-1.177386e-03,-1.211982e-03,-1.241803e-03,-1.263866e-03,-1.272319e-03,-1.270781e-03,-1.255977e-03,-1.231230e-03,-1.197782e-03,-1.155957e-03,-1.113253e-03,-1.071310e-03,-1.031045e-03,-9.926158e-04,-9.544321e-04,-9.160339e-04,-1.197821e-05,-1.175341e-05,-1.152674e-05,-1.131058e-05,-1.109550e-05,-1.099424e-05,-1.154143e-05,-1.273562e-05,-1.396781e-05,-1.455752e-05,-1.453325e-05,-1.419925e-05,-1.375720e-05,-1.301031e-05,-1.217695e-05,-1.172278e-05,-1.199217e-05,-1.293708e-05,-1.452973e-05,-1.674167e-05,-1.956188e-05,-2.275137e-05,-2.608150e-05,-2.999009e-05,-3.524725e-05,-4.183435e-05,-4.923170e-05,-5.711277e-05,-6.521521e-05,-7.349054e-05,-8.196078e-05,-9.053693e-05,-9.909126e-05,-4.423036e-05,-4.623570e-05,-4.825474e-05,-4.962511e-05,-5.004121e-05,-4.987344e-05,-4.980999e-05,-4.998366e-05,-5.025446e-05,-5.054235e-05,-5.076371e-05,-5.059997e-05,-4.983662e-05,-4.874003e-05,-4.765026e-05,-4.665770e-05,-4.543734e-05,-4.377935e-05,-4.216080e-05,-4.124195e-05,-4.097909e-05,-4.098429e-05,-4.093673e-05,-4.095925e-05,-4.111783e-05,-4.152214e-05,-4.264148e-05,-4.484066e-05,-4.775282e-05,-5.099802e-05,-5.429377e-05,-5.754282e-05,-6.077335e-05,3.143741e-05,3.346692e-05,3.549253e-05,3.756221e-05,3.962329e-05,4.178799e-05,4.547882e-05,5.055051e-05,5.530130e-05,5.730697e-05,5.623848e-05,5.279469e-05,4.697799e-05,3.769463e-05,2.661769e-05,1.795513e-05,1.421509e-05,1.468781e-05,1.840036e-05,2.440388e-05,3.202771e-05,3.928918e-05,4.419122e-05,4.663178e-05,4.770223e-05,4.599777e-05,3.855883e-05,2.348333e-05,-3.847235e-07,-3.115736e-05,-6.461861e-05,-9.803146e-05,-1.314311e-04,6.977271e-05,8.053068e-05,9.145938e-05,1.001731e-04,1.056026e-04,1.083098e-04,1.104867e-04,1.123862e-04,1.138823e-04,1.151036e-04,1.163250e-04,1.162374e-04,1.141615e-04,1.115801e-04,1.117571e-04,1.151098e-04,1.182523e-04,1.191156e-04,1.186485e-04,1.192204e-04,1.205681e-04,1.209933e-04,1.191498e-04,1.152426e-04,1.093678e-04,1.017081e-04,9.427487e-05,8.818097e-05,8.144533e-05,7.061532e-05,5.500316e-05,3.754874e-05,2.024048e-05
-2.594585e-05,-2.727688e-04,-1.311983e-03,1.328051e-01,9.976475e-02,7.016740e-02,4.615681e-02,2.797818e-02,1.523564e-02,7.116349e-03,2.615736e-03,6.733952e-04,4.303368e-04,1.207401e-03,2.443813e-03,3.847276e-03,5.213608e-03,6.445660e-03,7.473736e-03,8.259281e-03,8.823795e-03,9.177521e-03,9.381345e-03,9.460214e-03,9.415229e-03,9.301024e-03,9.105013e-03,8.842335e-03,8.523226e-03,8.161300e-03,7.813180e-03,7.485193e-03,7.177041e-03,6.888321e-03,6.606119e-03,6.322032e-03,8.497815e-03,7.548008e-03,6.598184e-03,5.648401e-03,4.692763e-03,3.735762e-03,2.825161e-03,1.989079e-03,1.251454e-03,6.330101e-04,1.317358e-04,-2.658880e-04,-5.687443e-04,-7.790461e-04,-9.097312e-04,-9.777985e-04,-9.967062e-04,-9.733652e-04,-9.142881e-04,-8.260115e-04,-7.149319e-04,-5.894666e-04,-4.578441e-04,-3.212969e-04,-1.767157e-04,-2.551398e-05,1.284134e-04,2.831282e-04,4.376426e-04,5.924698e-04,7.484460e-04,9.053207e-04,1.062018e-03,-1.214811e-02,-1.012845e-02,-8.097707e-03,-6.234595e-03,-4.644252e-03,-3.311499e-03,-2.199873e-03,-1.285892e-03,-5.505962e-04,2.649642e-05,4.638049e-04,7.925049e-04,1.040926e-03,1.222646e-03,1.343824e-03,1.413326e-03,1.442170e-03,1.440080e-03,1.417119e-03,1.384328e-03,1.343502e-03,1.293242e-03,1.233120e-03,1.166909e-03,1.097861e-03,1.029485e-03,9.669814e-04,9.142037e-04,8.685447e-04,8.272813e-04,7.878813e-04,7.487648e-04,7.094890e-04,-1.028484e-03,-9.069176e-04,-7.853731e-04,-6.664939e-04,-5.484178e-04,-4.317712e-04,-3.388050e-04,-2.740192e-04,-2.312324e-04,-1.981176e-04,-1.688220e-04,-1.409639e-04,-1.099154e-04,-6.693963e-05,-1.862090e-05,1.096912e-05,8.236211e-06,-2.142337e-05,-7.133291e-05,-1.348836e-04,-2.075769e-04,-2.750532e-04,-3.222338e-04,-3.476813e-04,-3.588602e-04,-3.456700e-04,-2.874688e-04,-1.714305e-04,9.565266e-06,2.408083e-04,4.919997e-04,7.430387e-04,9.939503e-04,-3.902595e-04,-7.979682e-04,-1.211809e-03,-1.543998e-03,-1.753651e-03,-1.857152e-03,-1.891594e-03,-1.875084e-03,-1.820724e-03,-1.741976e-03,-1.650396e-03,-1.551392e-03,-1.451819e-03,-1.364802e-03,-1.311405e-03,-1.293868e-03,-1.289073e-03,-1.282615e-03,-1.277844e-03,-1.288844e-03,-1.309664e-03,-1.324126e-03,-1.320639e-03,-1.298825e-03,-1.259361e-03,-1.204417e-03,-1.148784e-03,-1.101902e-03,-1.049919e-03,-9.694223e-04,-8.558361e-04,-7.289825e-04,-6.031633e-04
-1.702911e-05,-2.480223e-04,-1.307876e-03,9.976475e-02,8.084524e-02,6.107820e-02,4.397327e-02,3.001150e-02,1.950787e-02,1.220763e-02,7.581752e-03,4.989710e-03,3.867048e-03,3.719131e-03,4.116240e-03,4.819074e-03,5.646361e-03,6.493732e-03,7.277160e-03,7.938207e-03,8.466966e-03,8.840223e-03,9.090430e-03,9.227595e-03,9.239761e-03,9.173655e-03,9.015540e-03,8.785701e-03,8.495356e-03,8.154777e-03,7.819619e-03,7.498445e-03,7.194047e-03,6.907143e-03,6.625331e-03,6.341731e-03,5.817276e-03,5.133926e-03,4.450542e-03,3.767268e-03,3.078880e-03,2.390512e-03,1.752101e-03,1.185345e-03,6.989947e-04,2.961643e-04,-2.647674e-05,-2.784402e-04,-4.656147e-04,-5.901128e-04,-6.612969e-04,-6.915977e-04,-6.905608e-04,-6.626863e-04,-6.120720e-04,-5.428312e-04,-4.589485e-04,-3.662119e-04,-2.702342e-04,-1.704728e-04,-6.276016e-05,5.210845e-05,1.704299e-04,2.902302e-04,4.103101e-04,5.309370e-04,6.527862e-04,7.754941e-04,8.980308e-04,-8.045103e-03,-6.589750e-03,-5.125234e-03,-3.798836e-03,-2.695650e-03,-1.797825e-03,-1.060687e-03,-4.630416e-04,9.526808e-06,3.733096e-04,6.431617e-04,8.405070e-04,9.845789e-04,1.084999e-03,1.145863e-03,1.173336e-03,1.175289e-03,1.158556e-03,1.130616e-03,1.099774e-03,1.066857e-03,1.029822e-03,9.874518e-04,9.423147e-04,8.965068e-04,8.523910e-04,8.143783e-04,7.857632e-04,7.638128e-04,7.457149e-04,7.290297e-04,7.124394e-04,6.956973e-04,-8.230287e-04,-7.276016e-04,-6.321814e-04,-5.390261e-04,-4.464216e-04,-3.554104e-04,-2.894793e-04,-2.519471e-04,-2.328348e-04,-2.151591e-04,-1.935881e-04,-1.677905e-04,-1.346229e-04,-8.573205e-05,-2.906878e-05,9.996127e-06,1.687717e-05,-3.488283e-06,-4.473976e-05,-1.004814e-04,-1.663228e-04,-2.282145e-04,-2.714147e-04,-2.946574e-04,-3.053450e-04,-2.933365e-04,-2.378495e-04,-1.257804e-04,5.035981e-05,2.762479e-04,5.218262e-04,7.672483e-04,1.012546e-03,-5.961323e-04,-9.189592e-04,-1.247084e-03,-1.505124e-03,-1.657820e-03,-1.720102e-03,-1.730129e-03,-1.703141e-03,-1.648905e-03,-1.578367e-03,-1.501339e-03,-1.419146e-03,-1.335233e-03,-1.261624e-03,-1.219418e-03,-1.210763e-03,-1.212514e-03,-1.210265e-03,-1.207681e-03,-1.218913e-03,-1.238756e-03,-1.251901e-03,-1.247259e-03,-1.224775e-03,-1.185136e-03,-1.130353e-03,-1.075111e-03,-1.028593e-03,-9.770075e-04,-8.968413e-04,-7.835411e-04,-6.570386e-04,-5.315650e-04
-8.046710e-06,-2.223774e-04,-1.303516e-03,7.016740e-02,6.107820e-02,5.227501e-02,4.175616e-02,3.208244e-02,2.378640e-02,1.730427e-02,1.254678e-02,9.302524e-03,7.298804e-03,6.225794e-03,5.784015e-03,5.786737e-03,6.075445e-03,6.538561e-03,7.077720e-03,7.614614e-03,8.107933e-03,8.500984e-03,8.797731e-03,8.993267e-03,9.062623e-03,9.044641e-03,8.924455e-03,8.727533e-03,8.466072e-03,8.146936e-03,7.824766e-03,7.510375e-03,7.209685e-03,6.924547e-03,6.643071e-03,6.359906e-03,3.112484e-03,2.697751e-03,2.282968e-03,1.868368e-03,1.449405e-03,1.031852e-03,6.678169e-04,3.725026e-04,1.393999e-04,-4.603823e-05,-1.884941e-04,-2.934855e-04,-3.638946e-04,-4.017014e-04,-4.126783e-04,-4.046731e-04,-3.833028e-04,-3.506402e-04,-3.083525e-04,-2.581132e-04,-2.014793e-04,-1.415916e-04,-8.142877e-05,-1.865452e-05,5.197167e-05,1.302837e-04,2.127758e-04,2.974406e-04,3.828679e-04,4.690776e-04,5.565829e-04,6.449066e-04,7.330654e-04,-3.884486e-03,-2.999053e-03,-2.106384e-03,-1.322383e-03,-7.119844e-04,-2.545450e-04,1.029354e-04,3.794218e-04,5.848247e-04,7.312876e-04,8.301449e-04,8.930943e-04,9.302760e-04,9.473207e-04,9.462087e-04,9.303582e-04,9.044426e-04,8.723584e-04,8.389605e-04,8.097753e-04,7.846361e-04,7.608287e-04,7.363236e-04,7.124610e-04,6.901582e-04,6.706104e-04,6.574212e-04,6.533117e-04,6.554181e-04,6.608345e-04,6.672113e-04,6.734944e-04,6.796332e-04,-6.175957e-04,-5.482870e-04,-4.789706e-04,-4.115250e-04,-3.443890e-04,-2.790233e-04,-2.401536e-04,-2.299038e-04,-2.344865e-04,-2.322574e-04,-2.184037e-04,-1.946442e-04,-1.593250e-04,-1.044869e-04,-3.944947e-05,9.123596e-06,2.565712e-05,1.462771e-05,-1.792060e-05,-6.580500e-05,-1.247420e-04,-1.809955e-04,-2.201671e-04,-2.411683e-04,-2.513426e-04,-2.405157e-04,-1.877701e-04,-7.972581e-05,9.147732e-05,3.119122e-04,5.517702e-04,7.914672e-04,1.031042e-03,-8.043142e-04,-1.041363e-03,-1.282869e-03,-1.465848e-03,-1.560710e-03,-1.580985e-03,-1.565936e-03,-1.527941e-03,-1.473440e-03,-1.410846e-03,-1.348226e-03,-1.282807e-03,-1.214600e-03,-1.154499e-03,-1.123607e-03,-1.123955e-03,-1.132361e-03,-1.134408e-03,-1.134078e-03,-1.145591e-03,-1.164493e-03,-1.176361e-03,-1.170608e-03,-1.147519e-03,-1.107782e-03,-1.053250e-03,-9.984981e-04,-9.524408e-04,-9.013525e-04,-8.216185e-04,-7.087093e-04,-5.826676e-04,-4.576490e-04
5.804081e-08,-1.982411e-04,-1.296540e-03,4.615681e-02,4.397327e-02,4.175616e-02,3.924853e-02,3.371119e-02,2.785886e-02,2.228138e-02,1.747547e-02,1.362551e-02,1.076428e-02,8.770389e-03,7.484712e-03,6.779764e-03,6.522159e-03,6.593653e-03,6.881833e-03,7.288209e-03,7.739873e-03,8.147419e-03,8.487350e-03,8.739555e-03,8.865471e-03,8.895487e-03,8.813412e-03,8.649231e-03,8.416105e-03,8.118437e-03,7.810316e-03,7.504543e-03,7.209577e-03,6.928198e-03,6.649122e-03,6.368455e-03,7.523316e-04,5.754147e-04,3.984311e-04,2.217074e-04,4.137339e-05,-1.361123e-04,-2.565563e-04,-3.102821e-04,-3.180068e-04,-3.111636e-04,-2.953634e-04,-2.719439e-04,-2.409520e-04,-2.046744e-04,-1.655169e-04,-1.269459e-04,-9.088514e-05,-5.721088e-05,-2.537283e-05,5.178474e-06,3.509811e-05,6.365725e-05,9.024877e-05,1.187134e-04,1.551207e-04,1.997725e-04,2.492934e-04,3.016158e-04,3.551263e-04,4.096260e-04,4.654782e-04,5.221083e-04,5.785796e-04,-6.753164e-04,-2.608465e-04,1.589884e-04,4.979574e-04,7.094445e-04,8.155215e-04,8.759462e-04,9.068883e-04,9.134568e-04,9.032903e-04,8.838455e-04,8.569815e-04,8.239355e-04,7.870685e-04,7.471434e-04,7.056731e-04,6.649291e-04,6.266439e-04,5.936877e-04,5.693859e-04,5.529893e-04,5.414942e-04,5.324193e-04,5.261872e-04,5.228531e-04,5.227549e-04,5.289155e-04,5.436707e-04,5.641132e-04,5.873129e-04,6.110435e-04,6.345015e-04,6.578230e-04,-4.283454e-04,-3.830782e-04,-3.377905e-04,-2.940056e-04,-2.502995e-04,-2.085292e-04,-1.945443e-04,-2.094948e-04,-2.360320e-04,-2.480272e-04,-2.412340e-04,-2.193958e-04,-1.822379e-04,-1.220331e-04,-4.936189e-05,7.928301e-06,3.335616e-05,3.096870e-05,6.502696e-06,-3.407345e-05,-8.659073e-05,-1.376387e-04,-1.731648e-04,-1.922175e-04,-2.020392e-04,-1.924279e-04,-1.423850e-04,-3.831070e-05,1.279686e-04,3.429081e-04,5.769896e-04,8.109079e-04,1.044706e-03,-9.649829e-04,-1.126922e-03,-1.292490e-03,-1.410597e-03,-1.456856e-03,-1.443084e-03,-1.409271e-03,-1.364993e-03,-1.313511e-03,-1.260818e-03,-1.213292e-03,-1.164208e-03,-1.110354e-03,-1.061811e-03,-1.039970e-03,-1.046990e-03,-1.059872e-03,-1.064348e-03,-1.064756e-03,-1.075364e-03,-1.092428e-03,-1.102375e-03,-1.095102e-03,-1.071162e-03,-1.031230e-03,-9.769944e-04,-9.228710e-04,-8.774904e-04,-8.271804e-04,-7.482645e-04,-6.362273e-04,-5.111537e-04,-3.870954e-04
6.833624e-06,-1.767271e-04,-1.289804e-03,2.797818e-02,3.001150e-02,3.208244e-02,3.371119e-02,3.421031e-02,3.102183e-02,2.685224e-02,2.226467e-02,1.799906e-02,1.437498e-02,1.149273e-02,9.356802e-03,7.919494e-03,7.083818e-03,6.731808e-03,6.741477e-03,6.995188e-03,7.387603e-03,7.796838e-03,8.172688e-03,8.478645e-03,8.660654e-03,8.739136e-03,8.695982e-03,8.564867e-03,8.359823e-03,8.083983e-03,7.791681e-03,7.497400e-03,7.211384e-03,6.937029e-03,6.663687e-03,6.388850e-03,-1.331309e-03,-1.287522e-03,-1.243812e-03,-1.199789e-03,-1.158638e-03,-1.113569e-03,-1.010606e-03,-8.449782e-04,-6.501864e-04,-4.732334e-04,-3.198394e-04,-1.864996e-04,-7.037873e-05,2.544815e-05,1.020196e-04,1.605520e-04,2.028988e-04,2.311902e-04,2.480339e-04,2.560348e-04,2.578965e-04,2.550888e-04,2.491078e-04,2.449494e-04,2.492003e-04,2.624033e-04,2.812013e-04,3.034093e-04,3.271983e-04,3.521714e-04,3.785460e-04,4.056589e-04,4.326194e-04,1.146854e-03,1.236931e-03,1.330669e-03,1.368804e-03,1.320862e-03,1.208704e-03,1.095010e-03,9.922251e-04,9.003677e-04,8.221318e-04,7.606924e-04,7.078543e-04,6.562400e-04,6.062573e-04,5.591635e-04,5.160039e-04,4.777262e-04,4.450100e-04,4.197119e-04,4.038358e-04,3.966726e-04,3.954824e-04,3.978394e-04,4.036549e-04,4.125418e-04,4.243915e-04,4.419485e-04,4.674174e-04,4.979515e-04,5.306767e-04,5.635274e-04,5.959350e-04,6.282139e-04,-2.493131e-04,-2.278741e-04,-2.064029e-04,-1.861101e-04,-1.657640e-04,-1.475516e-04,-1.576994e-04,-1.965384e-04,-2.435105e-04,-2.683246e-04,-2.674574e-04,-2.468029e-04,-2.074009e-04,-1.415372e-04,-6.103586e-05,4.985175e-06,3.911674e-05,4.504190e-05,2.822948e-05,-5.543330e-06,-5.221744e-05,-9.867869e-05,-1.311779e-04,-1.488244e-04,-1.586996e-04,-1.505307e-04,-1.032338e-04,-3.013370e-06,1.585728e-04,3.683105e-04,5.969453e-04,8.254186e-04,1.053774e-03,-1.059924e-03,-1.162260e-03,-1.267462e-03,-1.335358e-03,-1.346368e-03,-1.310489e-03,-1.267344e-03,-1.223772e-03,-1.180124e-03,-1.140141e-03,-1.108621e-03,-1.075017e-03,-1.033158e-03,-9.928783e-04,-9.764694e-04,-9.866262e-04,-1.000729e-03,-1.004831e-03,-1.003690e-03,-1.011657e-03,-1.025628e-03,-1.032798e-03,-1.023476e-03,-9.983823e-04,-9.581286e-04,-9.042264e-04,-8.508994e-04,-8.064902e-04,-7.573228e-04,-6.796399e-04,-5.689169e-04,-4.452488e-04,-3.225889e-04
1.136128e-05,-1.603513e-04,-1.279480e-03,1.523564e-02,1.950787e-02,2.378640e-02,2.785886e-02,3.102183e-02,3.275777e-02,3.044594e-02,2.672059e-02,2.237386e-02,1.819178e-02,1.450004e-02,1.151890e-02,9.309940e-03,7.836686e-03,6.998667e-03,6.675705e-03,6.734217e-03,7.035077e-03,7.423449e-03,7.822127e-03,8.176112e-03,8.413130e-03,8.541246e-03,8.539374e-03,8.443852e-03,8.269263e-03,8.018199e-03,7.745707e-03,7.467921e-03,7.196503e-03,6.935095e-03,6.673490e-03,6.410477e-03,-3.284145e-03,-3.014590e-03,-2.745113e-03,-2.475310e-03,-2.207660e-03,-1.935681e-03,-1.609956e-03,-1.230871e-03,-8.433887e-04,-5.084167e-04,-2.309483e-04,-1.620013e-06,1.856570e-04,3.267536e-04,4.266638e-04,4.923286e-04,5.299398e-04,5.435260e-04,5.376872e-04,5.170060e-04,4.861612e-04,4.487007e-04,4.080510e-04,3.700565e-04,3.415070e-04,3.229681e-04,3.109864e-04,3.031702e-04,2.974076e-04,2.930691e-04,2.902025e-04,2.880360e-04,2.857232e-04,1.907717e-03,1.803193e-03,1.700926e-03,1.564037e-03,1.375771e-03,1.157532e-03,9.702305e-04,8.221316e-04,7.085017e-04,6.272285e-04,5.774298e-04,5.409635e-04,5.024643e-04,4.621489e-04,4.240163e-04,3.902682e-04,3.612597e-04,3.374737e-04,3.205046e-04,3.117014e-04,3.108408e-04,3.158288e-04,3.246275e-04,3.368433e-04,3.518691e-04,3.693624e-04,3.919081e-04,4.216730e-04,4.558956e-04,4.917686e-04,5.273917e-04,5.624115e-04,5.973099e-04,-7.084477e-05,-7.520592e-05,-7.952262e-05,-8.479947e-05,-9.017660e-05,-9.814267e-05,-1.338909e-04,-1.968661e-04,-2.636726e-04,-3.003596e-04,-3.042940e-04,-2.837531e-04,-2.411327e-04,-1.685960e-04,-7.926008e-05,-3.726461e-06,3.959287e-05,5.410081e-05,4.503921e-05,1.801194e-05,-2.303645e-05,-6.528799e-05,-9.529169e-05,-1.121211e-04,-1.225903e-04,-1.163163e-04,-7.216536e-05,2.380225e-05,1.802364e-04,3.842429e-04,6.068927e-04,8.293892e-04,1.051769e-03,-1.089698e-03,-1.149747e-03,-1.212021e-03,-1.245571e-03,-1.235302e-03,-1.189954e-03,-1.147172e-03,-1.111183e-03,-1.079812e-03,-1.054804e-03,-1.039620e-03,-1.020057e-03,-9.873361e-04,-9.516806e-04,-9.369924e-04,-9.469583e-04,-9.594427e-04,-9.609561e-04,-9.566627e-04,-9.609241e-04,-9.711803e-04,-9.753043e-04,-9.639616e-04,-9.378884e-04,-8.975714e-04,-8.443221e-04,-7.920991e-04,-7.489568e-04,-7.012282e-04,-6.251644e-04,-5.162441e-04,-3.944891e-04,-2.737330e-04
1.514428e-05,-1.488966e-04,-1.265362e-03,7.116349e-03,1.220763e-02,1.730427e-02,2.228138e-02,2.685224e-02,3.044594e-02,3.246220e-02,3.020198e-02,2.651061e-02,2.214355e-02,1.785258e-02,1.409318e-02,1.109328e-02,8.912407e-03,7.502627e-03,6.767733e-03,6.564924e-03,6.721106e-03,7.048999e-03,7.444363e-03,7.831017e-03,8.115951e-03,8.292590e-03,8.334359e-03,8.277240e-03,8.135584e-03,7.912246e-03,7.663518e-03,7.407929e-03,7.158664e-03,6.918895e-03,6.678048e-03,6.435862e-03,-4.104919e-03,-3.691903e-03,-3.278961e-03,-2.865712e-03,-2.453963e-03,-2.038041e-03,-1.576399e-03,-1.072675e-03,-5.794271e-04,-1.675039e-04,1.594849e-04,4.176354e-04,6.163896e-04,7.498998e-04,8.271837e-04,8.618916e-04,8.647104e-04,8.406752e-04,7.955568e-04,7.350730e-04,6.650347e-04,5.902401e-04,5.152139e-04,4.458481e-04,3.884150e-04,3.430702e-04,3.059942e-04,2.743454e-04,2.454909e-04,2.184308e-04,1.929834e-04,1.682040e-04,1.432841e-04,2.088743e-03,1.900278e-03,1.713014e-03,1.506826e-03,1.274882e-03,1.036606e-03,8.461015e-04,7.077785e-04,6.135226e-04,5.575250e-04,5.360605e-04,5.221795e-04,4.943381e-04,4.553952e-04,4.152928e-04,3.794041e-04,3.477057e-04,3.209256e-04,3.007748e-04,2.882772e-04,2.837085e-04,2.856306e-04,2.924134e-04,3.033597e-04,3.176480e-04,3.347001e-04,3.568045e-04,3.859211e-04,4.192344e-04,4.538632e-04,4.879829e-04,5.213892e-04,5.546786e-04,7.973169e-05,5.209529e-05,2.451175e-05,-3.882153e-06,-3.260236e-05,-6.425925e-05,-1.217505e-04,-2.040438e-04,-2.858928e-04,-3.307158e-04,-3.366877e-04,-3.145007e-04,-2.677344e-04,-1.880709e-04,-8.977779e-05,-5.162522e-06,4.634185e-05,6.806953e-05,6.517334e-05,4.319614e-05,6.053657e-06,-3.366858e-05,-6.275413e-05,-8.013365e-05,-9.225078e-05,-8.863417e-05,-4.820358e-05,4.302958e-05,1.938426e-04,3.916243e-04,6.078021e-04,8.238523e-04,1.039786e-03,-1.049092e-03,-1.088201e-03,-1.129040e-03,-1.147767e-03,-1.132893e-03,-1.091959e-03,-1.058963e-03,-1.035999e-03,-1.019164e-03,-1.008771e-03,-1.007413e-03,-9.976513e-04,-9.687317e-04,-9.321584e-04,-9.143737e-04,-9.205376e-04,-9.288252e-04,-9.261598e-04,-9.179492e-04,-9.184047e-04,-9.252987e-04,-9.270118e-04,-9.144758e-04,-8.883209e-04,-8.488755e-04,-7.972548e-04,-7.470777e-04,-7.060959e-04,-6.606797e-04,-5.871791e-04,-4.811091e-04,-3.623443e-04,-2.445662e-04
1.948220e-05,-1.442179e-04,-1.248376e-03,2.615736e-03,7.581752e-03,1.254678e-02,1.747547e-02,2.226467e-02,2.672059e-02,3.020198e-02,3.203878e-02,2.969747e-02,2.591716e-02,2.140902e-02,1.707555e-02,1.333623e-02,1.041169e-02,8.351818e-03,7.117806e-03,6.572055e-03,6.512845e-03,6.723844e-03,7.075008e-03,7.466732e-03,7.783346e-03,8.001481e-03,8.085814e-03,8.067935e-03,7.960629e-03,7.767499e-03,7.546366e-03,7.318716e-03,7.099230e-03,6.889838e-03,6.678828e-03,6.466528e-03,-3.638795e-03,-3.181784e-03,-2.724833e-03,-2.267623e-03,-1.811332e-03,-1.351504e-03,-8.564932e-04,-3.328404e-04,1.637004e-04,5.586785e-04,8.503359e-04,1.061923e-03,1.205821e-03,1.273402e-03,1.277692e-03,1.240310e-03,1.176705e-03,1.091838e-03,9.915968e-04,8.817640e-04,7.682077e-04,6.559217e-04,5.494882e-04,4.539343e-04,3.742245e-04,3.096554e-04,2.557817e-04,2.090780e-04,1.661620e-04,1.255330e-04,8.672363e-05,4.855687e-05,1.025497e-05,1.874147e-03,1.686475e-03,1.499265e-03,1.304107e-03,1.100979e-03,9.066483e-04,7.653217e-04,6.775491e-04,6.325712e-04,6.214450e-04,6.381897e-04,6.480599e-04,6.250196e-04,5.772141e-04,5.237114e-04,4.747822e-04,4.296411e-04,3.892313e-04,3.556724e-04,3.300347e-04,3.130400e-04,3.038533e-04,3.012352e-04,3.042174e-04,3.117927e-04,3.231678e-04,3.402053e-04,3.644909e-04,3.930311e-04,4.227507e-04,4.518216e-04,4.801197e-04,5.083023e-04,2.041718e-04,1.564235e-04,1.087322e-04,6.033200e-05,1.137512e-05,-4.067200e-05,-1.155713e-04,-2.116362e-04,-3.028516e-04,-3.517345e-04,-3.570654e-04,-3.318055e-04,-2.803504e-04,-1.933942e-04,-8.619036e-05,6.885057e-06,6.527774e-05,9.247868e-05,9.371603e-05,7.461634e-05,3.918469e-05,-1.214846e-07,-3.020722e-05,-4.974108e-05,-6.469311e-05,-6.453144e-05,-2.833544e-05,5.783450e-05,2.027965e-04,3.941564e-04,6.036998e-04,8.131650e-04,1.022511e-03,-9.669480e-04,-1.001333e-03,-1.037086e-03,-1.055541e-03,-1.048095e-03,-1.021335e-03,-1.004754e-03,-9.987075e-04,-9.981118e-04,-1.002116e-03,-1.012611e-03,-1.009225e-03,-9.797933e-04,-9.378958e-04,-9.134782e-04,-9.135730e-04,-9.162786e-04,-9.087439e-04,-8.964639e-04,-8.934089e-04,-8.974795e-04,-8.973923e-04,-8.842748e-04,-8.585740e-04,-8.204731e-04,-7.709394e-04,-7.232084e-04,-6.847417e-04,-6.419726e-04,-5.714345e-04,-4.687126e-04,-3.534551e-04,-2.391696e-04
2.563131e-05,-1.448052e-04,-1.223378e-03,6.733952e-04,4.989710e-03,9.302524e-03,1.362551e-02,1.799906e-02,2.237386e-02,2.651061e-02,2.969747e-02,3.136744e-02,2.884907e-02,2.486373e-02,2.030035e-02,1.598971e-02,1.234901e-02,9.596053e-03,7.786233e-03,6.810870e-03,6.452822e-03,6.475036e-03,6.725259e-03,7.079877e-03,7.400157e-03,7.644131e-03,7.764497e-03,7.784205e-03,7.712381e-03,7.552693e-03,7.363626e-03,7.169316e-03,6.985734e-03,6.813327e-03,6.639031e-03,6.463483e-03,-2.524514e-03,-2.087358e-03,-1.650247e-03,-1.212936e-03,-7.760733e-04,-3.365212e-04,1.276243e-04,6.070963e-04,1.046952e-03,1.375356e-03,1.591202e-03,1.723327e-03,1.785083e-03,1.763021e-03,1.673858e-03,1.548774e-03,1.408579e-03,1.257496e-03,1.100802e-03,9.436104e-04,7.911085e-04,6.477443e-04,5.174374e-04,4.037997e-04,3.100461e-04,2.344595e-04,1.719770e-04,1.183957e-04,6.958622e-05,2.354683e-05,-2.046616e-05,-6.385940e-05,-1.073825e-04,1.473745e-03,1.338910e-03,1.204073e-03,1.068218e-03,9.354507e-04,8.196709e-04,7.545391e-04,7.369619e-04,7.539529e-04,7.938225e-04,8.486344e-04,8.770920e-04,8.501374e-04,7.830142e-04,7.065811e-04,6.369682e-04,5.715257e-04,5.107608e-04,4.573504e-04,4.128178e-04,3.782294e-04,3.532389e-04,3.369262e-04,3.280774e-04,3.255135e-04,3.282369e-04,3.375662e-04,3.545841e-04,3.760699e-04,3.987261e-04,4.206819e-04,4.418468e-04,4.628964e-04,3.058172e-04,2.424087e-04,1.790574e-04,1.150644e-04,5.033257e-05,-1.745900e-05,-1.047852e-04,-2.091218e-04,-3.048494e-04,-3.555282e-04,-3.599202e-04,-3.325675e-04,-2.779131e-04,-1.849579e-04,-6.971503e-05,3.095441e-05,9.519911e-05,1.267330e-04,1.309124e-04,1.135025e-04,7.865301e-05,3.871134e-05,6.689896e-06,-1.574322e-05,-3.398538e-05,-3.752366e-05,-5.785006e-06,7.498259e-05,2.135302e-04,3.976916e-04,5.997566e-04,8.018083e-04,1.003737e-03,-8.658988e-04,-9.057385e-04,-9.466938e-04,-9.736532e-04,-9.801963e-04,-9.721889e-04,-9.746424e-04,-9.866285e-04,-1.002324e-03,-1.019827e-03,-1.040274e-03,-1.040738e-03,-1.008063e-03,-9.583090e-04,-9.256505e-04,-9.191451e-04,-9.163181e-04,-9.042502e-04,-8.883821e-04,-8.824059e-04,-8.842207e-04,-8.828099e-04,-8.695014e-04,-8.445381e-04,-8.080004e-04,-7.607678e-04,-7.156134e-04,-6.797002e-04,-6.396201e-04,-5.722783e-04,-4.733768e-04,-3.621736e-04,-2.519208e-04
3.090669e-05,-1.498287e-04,-1.194716e-03,4.303368e-04,3.867048e-03,7.298804e-03,1.076428e-02,1.437498e-02,1.819178e-02,2.214355e-02,2.591716e-02,2.884907e-02,3.024392e-02,2.745911e-02,2.340399e-02,1.886705e-02,1.469268e-02,1.129832e-02,8.889899e-03,7.418801e-03,6.679258e-03,6.430012e-03,6.505588e-03,6.761695e-03,7.039535e-03,7.278588e-03,7.416894e-03,7.464768e-03,7.424767e-03,7.298322e-03,7.142462e-03,6.982455e-03,6.835117e-03,6.699903e-03,6.562787e-03,6.424449e-03,-1.665679e-03,-1.261677e-03,-8.577071e-04,-4.535899e-04,-4.958685e-05,3.563361e-04,7.780956e-04,1.205230e-03,1.587988e-03,1.862379e-03,2.024654e-03,2.104507e-03,2.112266e-03,2.026813e-03,1.867707e-03,1.677294e-03,1.482544e-03,1.286850e-03,1.094599e-03,9.099693e-04,7.372033e-04,5.798613e-04,4.409013e-04,3.225371e-04,2.263912e-04,1.500221e-04,8.811815e-05,3.613954e-05,-1.045965e-05,-5.399417e-05,-9.537652e-05,-1.361559e-04,-1.770610e-04,1.147141e-03,1.085676e-03,1.023955e-03,9.646804e-04,9.133345e-04,8.803001e-04,8.891156e-04,9.338652e-04,1.000369e-03,1.075233e-03,1.149372e-03,1.177662e-03,1.130003e-03,1.029373e-03,9.199742e-04,8.235762e-04,7.337109e-04,6.490147e-04,5.726951e-04,5.072188e-04,4.537740e-04,4.122027e-04,3.816718e-04,3.607159e-04,3.479486e-04,3.421382e-04,3.439700e-04,3.539498e-04,3.686445e-04,3.845899e-04,3.998564e-04,4.143488e-04,4.287258e-04,3.726397e-04,3.001707e-04,2.277569e-04,1.547335e-04,8.082379e-05,3.927981e-06,-8.961789e-05,-1.968278e-04,-2.938159e-04,-3.468131e-04,-3.534403e-04,-3.282785e-04,-2.745667e-04,-1.787768e-04,-5.743922e-05,4.951426e-05,1.186018e-04,1.536886e-04,1.602469e-04,1.441720e-04,1.097560e-04,6.926436e-05,3.566535e-05,1.096466e-05,-9.672984e-06,-1.582877e-05,1.259584e-05,8.906040e-05,2.221529e-04,3.999385e-04,5.952993e-04,7.907010e-04,9.859764e-04,-7.624849e-04,-8.154200e-04,-8.693109e-04,-9.111562e-04,-9.358103e-04,-9.483150e-04,-9.695933e-04,-9.979777e-04,-1.027449e-03,-1.055394e-03,-1.082297e-03,-1.083595e-03,-1.045671e-03,-9.870311e-04,-9.464764e-04,-9.348622e-04,-9.283183e-04,-9.132970e-04,-8.951016e-04,-8.873139e-04,-8.877615e-04,-8.856180e-04,-8.723956e-04,-8.481646e-04,-8.129564e-04,-7.676230e-04,-7.244637e-04,-6.903779e-04,-6.522044e-04,-5.873675e-04,-4.917101e-04,-3.840151e-04,-2.772468e-04
3.443302e-05,-1.564413e-04,-1.163684e-03,1.207401e-03,3.719131e-03,6.225794e-03,8.770389e-03,1.149273e-02,1.450004e-02,1.785258e-02,2.140902e-02,2.486373e-02,2.745911e-02,2.856418e-02,2.570699e-02,2.168757e-02,1.733430e-02,1.348800e-02,1.052824e-02,8.526962e-03,7.327488e-03,6.712678e-03,6.520177e-03,6.593532e-03,6.761224e-03,6.946550e-03,7.070747e-03,7.127015e-03,7.107861e-03,7.009642e-03,6.885137e-03,6.758506e-03,6.646335e-03,6.547267e-03,6.446634e-03,6.344791e-03,-1.109631e-03,-7.465724e-04,-3.835345e-04,-2.039416e-05,3.428490e-04,7.073726e-04,1.081003e-03,1.453131e-03,1.781572e-03,2.013105e-03,2.141088e-03,2.191521e-03,2.168306e-03,2.041457e-03,1.832932e-03,1.597837e-03,1.370165e-03,1.152235e-03,9.470563e-04,7.574000e-04,5.860952e-04,4.351766e-04,3.060505e-04,1.994793e-04,1.156775e-04,5.177744e-05,2.598521e-06,-3.637226e-05,-6.973621e-05,-9.991847e-05,-1.279032e-04,-1.552943e-04,-1.828083e-04,9.546739e-04,9.736473e-04,9.922691e-04,1.014223e-03,1.044258e-03,1.088742e-03,1.161955e-03,1.255536e-03,1.354434e-03,1.444037e-03,1.514001e-03,1.519730e-03,1.433576e-03,1.286506e-03,1.136571e-03,1.010262e-03,8.947769e-04,7.849821e-04,6.846803e-04,5.980796e-04,5.262501e-04,4.688078e-04,4.246849e-04,3.922290e-04,3.698589e-04,3.561335e-04,3.510716e-04,3.545701e-04,3.630370e-04,3.729398e-04,3.822865e-04,3.909239e-04,3.994453e-04,4.051983e-04,3.292605e-04,2.533745e-04,1.768885e-04,9.941463e-05,1.906789e-05,-7.555249e-05,-1.812629e-04,-2.766292e-04,-3.314815e-04,-3.422657e-04,-3.221054e-04,-2.719265e-04,-1.753057e-04,-4.912129e-05,6.309005e-05,1.359002e-04,1.733522e-04,1.811389e-04,1.653705e-04,1.305523e-04,8.900303e-05,5.376598e-05,2.717913e-05,4.908678e-06,-2.822255e-06,2.347235e-05,9.683811e-05,2.255901e-04,3.980157e-04,5.876485e-04,7.773606e-04,9.669449e-04,-6.569727e-04,-7.283830e-04,-8.006578e-04,-8.618217e-04,-9.072545e-04,-9.410500e-04,-9.805384e-04,-1.023585e-03,-1.064174e-03,-1.099120e-03,-1.128068e-03,-1.126470e-03,-1.081361e-03,-1.013542e-03,-9.664347e-04,-9.522033e-04,-9.445270e-04,-9.284873e-04,-9.092651e-04,-9.006990e-04,-9.005281e-04,-8.980442e-04,-8.849139e-04,-8.611356e-04,-8.267714e-04,-7.827148e-04,-7.408010e-04,-7.076883e-04,-6.705387e-04,-6.074102e-04,-5.142946e-04,-4.094374e-04,-3.054817e-04
3.547588e-05,-1.637740e-04,-1.131145e-03,2.443813e-03,4.116240e-03,5.784015e-03,7.484712e-03,9.356802e-03,1.151890e-02,1.409318e-02,1.707555e-02,2.030035e-02,2.340399e-02,2.570699e-02,2.672295e-02,2.389348e-02,2.008932e-02,1.612197e-02,1.276445e-02,1.024505e-02,8.525289e-03,7.448405e-03,6.879554e-03,6.664622e-03,6.632326e-03,6.695340e-03,6.757149e-03,6.789352e-03,6.770717e-03,6.689648e-03,6.591446e-03,6.495908e-03,6.416861e-03,6.351425e-03,6.284796e-03,6.216971e-03,-6.041671e-04,-2.979605e-04,8.234217e-06,3.144973e-04,6.209845e-04,9.282615e-04,1.239876e-03,1.545837e-03,1.811993e-03,1.995972e-03,2.088162e-03,2.107116e-03,2.049362e-03,1.878517e-03,1.619982e-03,1.343123e-03,1.090041e-03,8.614542e-04,6.580686e-04,4.803515e-04,3.288379e-04,2.028939e-04,1.013002e-04,2.307534e-05,-3.292656e-05,-6.986877e-05,-9.257747e-05,-1.052956e-04,-1.124118e-04,-1.163115e-04,-1.180319e-04,-1.191706e-04,-1.204287e-04,8.077671e-04,8.800701e-04,9.520250e-04,1.026819e-03,1.107825e-03,1.198320e-03,1.305603e-03,1.420199e-03,1.527321e-03,1.612453e-03,1.664749e-03,1.644540e-03,1.528663e-03,1.353383e-03,1.187476e-03,1.058924e-03,9.448673e-04,8.334327e-04,7.291213e-04,6.390652e-04,5.642242e-04,5.037437e-04,4.562068e-04,4.202287e-04,3.944120e-04,3.775033e-04,3.691843e-04,3.690419e-04,3.736284e-04,3.796788e-04,3.853040e-04,3.902867e-04,3.951544e-04,4.099602e-04,3.340556e-04,2.581991e-04,1.817449e-04,1.042446e-04,2.400457e-05,-6.866798e-05,-1.706050e-04,-2.629572e-04,-3.191705e-04,-3.345215e-04,-3.193581e-04,-2.719159e-04,-1.736215e-04,-4.193042e-05,7.562148e-05,1.513481e-04,1.896649e-04,1.967889e-04,1.792892e-04,1.420846e-04,9.783844e-05,5.990688e-05,3.097745e-05,7.131294e-06,-1.710105e-06,2.319049e-05,9.432917e-05,2.196182e-04,3.875242e-04,5.722660e-04,7.571191e-04,9.418433e-04,-5.892294e-04,-6.744593e-04,-7.605112e-04,-8.357670e-04,-8.957347e-04,-9.437363e-04,-9.942988e-04,-1.045198e-03,-1.090729e-03,-1.127574e-03,-1.154771e-03,-1.149618e-03,-1.100454e-03,-1.029225e-03,-9.827256e-04,-9.732530e-04,-9.706879e-04,-9.577691e-04,-9.397846e-04,-9.315320e-04,-9.308751e-04,-9.273185e-04,-9.127734e-04,-8.874383e-04,-8.515968e-04,-8.063315e-04,-7.630874e-04,-7.283325e-04,-6.896188e-04,-6.257333e-04,-5.328049e-04,-4.284581e-04,-3.249864e-04
3.138183e-05,-1.707864e-04,-1.105917e-03,3.847276e-03,4.819074e-03,5.786737e-03,6.779764e-03,7.919494e-03,9.309940e-03,1.109328e-02,1.333623e-02,1.598971e-02,1.886705e-02,2.168757e-02,2.389348e-02,2.495267e-02,2.239211e-02,1.903872e-02,1.560358e-02,1.270475e-02,1.046419e-02,8.851602e-03,7.793437e-03,7.163915e-03,6.814560e-03,6.659812e-03,6.587022e-03,6.542094e-03,6.486464e-03,6.397820e-03,6.310360e-03,6.234851e-03,6.178295e-03,6.135134e-03,6.091231e-03,6.046141e-03,9.410546e-05,3.018409e-04,5.095696e-04,7.173454e-04,9.253897e-04,1.133893e-03,1.343747e-03,1.546415e-03,1.715682e-03,1.819347e-03,1.845869e-03,1.805303e-03,1.688528e-03,1.457542e-03,1.141905e-03,8.244759e-04,5.552341e-04,3.322786e-04,1.524621e-04,1.244385e-05,-9.101794e-05,-1.630715e-04,-2.092879e-04,-2.328515e-04,-2.361396e-04,-2.224762e-04,-1.961185e-04,-1.607418e-04,-1.201510e-04,-7.645129e-05,-3.069235e-05,1.563751e-05,6.185068e-05,6.271411e-04,6.995251e-04,7.716201e-04,8.455543e-04,9.237273e-04,1.008241e-03,1.102562e-03,1.198392e-03,1.283341e-03,1.345240e-03,1.374689e-03,1.340718e-03,1.226450e-03,1.068737e-03,9.393785e-04,8.621729e-04,7.999916e-04,7.306431e-04,6.595333e-04,5.983423e-04,5.480255e-04,5.070027e-04,4.734748e-04,4.471977e-04,4.277128e-04,4.147383e-04,4.083504e-04,4.084683e-04,4.122974e-04,4.173733e-04,4.221723e-04,4.263983e-04,4.305125e-04,3.691799e-04,2.971571e-04,2.251782e-04,1.526294e-04,7.909970e-05,3.119871e-06,-8.378612e-05,-1.786220e-04,-2.649114e-04,-3.193052e-04,-3.361379e-04,-3.225215e-04,-2.744713e-04,-1.726627e-04,-3.527526e-05,8.637973e-05,1.623717e-04,1.978703e-04,2.001434e-04,1.766402e-04,1.330320e-04,8.285245e-05,4.019954e-05,8.094225e-06,-1.721861e-05,-2.623676e-05,-1.034990e-06,7.020897e-05,1.948495e-04,3.613612e-04,5.444698e-04,7.277058e-04,9.108130e-04,-5.869496e-04,-6.747099e-04,-7.632903e-04,-8.409737e-04,-9.032022e-04,-9.529277e-04,-1.002865e-03,-1.051226e-03,-1.093104e-03,-1.125734e-03,-1.148210e-03,-1.141143e-03,-1.094896e-03,-1.031025e-03,-9.970036e-04,-1.003415e-03,-1.014879e-03,-1.010655e-03,-9.966083e-04,-9.896170e-04,-9.880175e-04,-9.816263e-04,-9.626839e-04,-9.320390e-04,-8.904933e-04,-8.395450e-04,-7.904791e-04,-7.496977e-04,-7.051164e-04,-6.361856e-04,-5.390922e-04,-4.308601e-04,-3.234824e-04
2.248028e-05,-1.788233e-04,-1.092719e-03,5.213608e-03,5.646361e-03,6.075445e-03,6.522159e-03,7.083818e-03,7.836686e-03,8.912407e-03,1.041169e-02,1.234901e-02,1.469268e-02,1.733430e-02,2.008932e-02,2.239211e-02,2.379184e-02,2.174502e-02,1.894667e-02,1.596032e-02,1.330832e-02,1.112702e-02,9.472308e-03,8.283644e-03,7.471646e-03,6.973333e-03,6.665783e-03,6.465567e-03,6.313621e-03,6.174679e-03,6.067721e-03,5.988502e-03,5.932374e-03,5.890189e-03,5.848866e-03,5.806296e-03,9.864750e-04,1.028885e-03,1.071290e-03,1.113733e-03,1.156433e-03,1.199418e-03,1.242311e-03,1.278757e-03,1.290426e-03,1.255061e-03,1.162578e-03,1.017875e-03,8.109810e-04,5.085927e-04,1.432362e-04,-1.941083e-04,-4.488601e-04,-6.271379e-04,-7.380170e-04,-7.906798e-04,-7.941375e-04,-7.605986e-04,-7.023991e-04,-6.255071e-04,-5.331561e-04,-4.285085e-04,-3.148307e-04,-1.946556e-04,-7.050138e-05,5.628499e-05,1.848397e-04,3.139849e-04,4.430111e-04,4.424677e-04,4.781080e-04,5.135433e-04,5.496743e-04,5.883706e-04,6.320113e-04,6.827749e-04,7.353587e-04,7.814769e-04,8.130386e-04,8.238160e-04,7.930164e-04,7.106503e-04,6.105026e-04,5.594721e-04,5.723265e-04,5.957300e-04,5.953306e-04,5.784532e-04,5.637318e-04,5.521031e-04,5.406499e-04,5.268822e-04,5.126404e-04,4.991858e-04,4.880273e-04,4.803988e-04,4.771509e-04,4.765022e-04,4.771749e-04,4.780705e-04,4.786146e-04,4.790461e-04,2.726182e-04,2.093992e-04,1.462171e-04,8.255021e-05,1.819880e-05,-4.795332e-05,-1.234861e-04,-2.055500e-04,-2.796338e-04,-3.251224e-04,-3.361914e-04,-3.175461e-04,-2.643680e-04,-1.584272e-04,-1.821701e-05,1.027216e-04,1.730382e-04,1.990913e-04,1.897510e-04,1.537999e-04,9.801763e-05,3.746551e-05,-1.243171e-05,-4.837844e-05,-7.438362e-05,-8.154573e-05,-5.282955e-05,2.274364e-05,1.517452e-04,3.223772e-04,5.095626e-04,6.968582e-04,8.840273e-04,-6.416629e-04,-7.226387e-04,-8.044614e-04,-8.749970e-04,-9.294817e-04,-9.707960e-04,-1.010734e-03,-1.048395e-03,-1.080097e-03,-1.104232e-03,-1.120700e-03,-1.114056e-03,-1.077158e-03,-1.030191e-03,-1.018516e-03,-1.049382e-03,-1.081380e-03,-1.089578e-03,-1.080985e-03,-1.075822e-03,-1.073017e-03,-1.062460e-03,-1.036574e-03,-9.972896e-04,-9.462284e-04,-8.855633e-04,-8.267336e-04,-7.762508e-04,-7.223063e-04,-6.448586e-04,-5.400235e-04,-4.242781e-04,-3.093744e-04
