3.581225e-04,-1.010252e-05,-3.502895e-06,-3.528905e-05,-2.385574e-05,-1.237830e-05,-6.589616e-06,-8.108065e-06,-1.195240e-05,-2.252385e-05,-8.796368e-06,-1.730009e-05,-1.920103e-05,-1.612909e-06,1.596156e-06,-1.307540e-05,-4.779256e-05,-6.055930e-05,-4.152482e-05,-2.869609e-05,-2.747900e-05,-3.129429e-05,-1.797408e-06,-2.552935e-06,6.429566e-06,-2.960994e-05,-3.346024e-05,-5.969782e-06,3.182188e-05,5.601201e-05,6.406301e-05,2.216499e-05,-9.821652e-05,-1.961239e-04,-2.858173e-04,-3.668158e-04,-1.387225e-03,-1.393561e-03,-1.399937e-03,-1.406121e-03,-1.412771e-03,-1.415745e-03,-1.419079e-03,-1.410979e-03,-1.395491e-03,-1.379862e-03,-1.362008e-03,-1.347471e-03,-1.339753e-03,-1.333816e-03,-1.332555e-03,-1.332915e-03,-1.333646e-03,-1.334380e-03,-1.335410e-03,-1.333802e-03,-1.327797e-03,-1.330025e-03,-1.324633e-03,-1.321694e-03,-1.321206e-03,-1.310868e-03,-1.298066e-03,-1.282372e-03,-1.269289e-03,-1.250610e-03,-1.230531e-03,-1.215665e-03,-1.199525e-03,5.634730e-06,1.647373e-05,2.731771e-05,3.732291e-05,4.442496e-05,4.992928e-05,4.879998e-05,4.480908e-05,4.170460e-05,4.111609e-05,3.868829e-05,3.824016e-05,3.737274e-05,3.273113e-05,2.978643e-05,2.516110e-05,2.453958e-05,2.797474e-05,3.566998e-05,4.945098e-05,6.835306e-05,8.126364e-05,8.855502e-05,8.832802e-05,7.823904e-05,5.706189e-05,3.974540e-05,3.358255e-05,4.139696e-05,6.798920e-05,9.868854e-05,1.358107e-04,1.731198e-04,1.943634e-03,1.863788e-03,1.784100e-03,1.692987e-03,1.605857e-03,1.519322e-03,1.452880e-03,1.397772e-03,1.348416e-03,1.292070e-03,1.220594e-03,1.162129e-03,1.152258e-03,1.193631e-03,1.294645e-03,1.420991e-03,1.510468e-03,1.537551e-03,1.527980e-03,1.494048e-03,1.440028e-03,1.399944e-03,1.364664e-03,1.341996e-03,1.313000e-03,1.247654e-03,1.173599e-03,1.107266e-03,1.075881e-03,1.040718e-03,1.017317e-03,1.019735e-03,1.018554e-03,-4.872730e-05,-8.637282e-05,-1.243701e-04,-1.559266e-04,-1.618625e-04,-1.294559e-04,-6.766538e-05,-2.011376e-06,4.868985e-05,6.345117e-05,4.447511e-05,2.031624e-05,8.769324e-06,-7.575845e-06,-2.151793e-05,-6.146625e-05,-1.155821e-04,-1.733907e-04,-2.136566e-04,-2.119929e-04,-1.652779e-04,-8.514605e-05,5.511740e-06,9.064797e-05,1.458081e-04,1.616165e-04,1.355508e-04,7.505288e-05,1.388402e-05,-4.046425e-05,-1.245380e-04,-2.123019e-04,-2.987184e-04
-1.010252e-05,3.032614e-04,8.985319e-06,-7.767222e-05,-8.795952e-05,-7.965313e-05,-7.171830e-05,-8.514460e-05,-8.246243e-05,-8.736820e-05,-9.263254e-05,-9.890879e-05,-8.409377e-05,-7.262361e-05,-6.568184e-05,-7.911190e-05,-7.270544e-05,-5.442712e-05,-4.349317e-05,-7.390329e-05,-7.084235e-05,-8.411201e-05,-7.558262e-05,-7.868315e-05,-8.535291e-05,-9.472805e-05,-7.882212e-05,-8.033888e-05,-6.160402e-05,-5.050155e-05,-1.792000e-05,9.400039e-06,1.832704e-05,-4.218489e-05,-8.701002e-05,-1.173495e-04,-5.017539e-05,-3.451916e-05,-1.892182e-05,-3.821189e-06,1.014187e-05,2.341859e-05,2.876414e-05,2.874113e-05,2.809626e-05,2.778835e-05,2.546778e-05,2.834010e-05,3.627020e-05,4.287087e-05,5.096111e-05,5.296908e-05,5.089833e-05,4.604586e-05,3.930303e-05,3.483997e-05,3.868137e-05,4.782400e-05,6.506625e-05,8.537083e-05,1.015441e-04,1.058338e-04,1.023294e-04,8.338732e-05,5.452562e-05,1.914097e-05,-3.244642e-05,-8.993063e-05,-1.463573e-04,-1.071514e-03,-1.084857e-03,-1.097319e-03,-1.098006e-03,-1.095416e-03,-1.088973e-03,-1.087178e-03,-1.089065e-03,-1.094999e-03,-1.103048e-03,-1.108189e-03,-1.115029e-03,-1.116451e-03,-1.118114e-03,-1.116920e-03,-1.114027e-03,-1.106508e-03,-1.088822e-03,-1.079066e-03,-1.072081e-03,-1.064919e-03,-1.063275e-03,-1.063831e-03,-1.065335e-03,-1.065298e-03,-1.061383e-03,-1.062728e-03,-1.066296e-03,-1.065072e-03,-1.070032e-03,-1.072564e-03,-1.065663e-03,-1.057685e-03,-1.179557e-04,-1.283408e-04,-1.387304e-04,-1.467372e-04,-1.419522e-04,-1.139047e-04,-6.431222e-05,-9.733624e-06,3.263810e-05,4.809000e-05,3.942636e-05,2.211033e-05,3.154947e-06,-2.426774e-05,-4.643668e-05,-7.877395e-05,-1.150411e-04,-1.492547e-04,-1.686272e-04,-1.578095e-04,-1.177710e-04,-5.898665e-05,4.970375e-06,6.895703e-05,1.160811e-04,1.352175e-04,1.207800e-04,7.472752e-05,1.348933e-05,-5.140620e-05,-1.341848e-04,-2.157536e-04,-2.967924e-04,9.122646e-04,1.016748e-03,1.119936e-03,1.206033e-03,1.290437e-03,1.344575e-03,1.367420e-03,1.337116e-03,1.260118e-03,1.154906e-03,1.039510e-03,9.609483e-04,9.111589e-04,8.948197e-04,8.964565e-04,9.359719e-04,1.010063e-03,1.085677e-03,1.175946e-03,1.256427e-03,1.317488e-03,1.360919e-03,1.351417e-03,1.294511e-03,1.211624e-03,1.098929e-03,9.920287e-04,9.136775e-04,8.520544e-04,8.426812e-04,8.469192e-04,8.264902e-04,8.072234e-04
-3.502895e-06,8.985319e-06,7.472651e-05,-5.904498e-04,-6.261063e-04,-6.573767e-04,-6.285876e-04,-6.443836e-04,-6.296111e-04,-6.561075e-04,-6.524452e-04,-6.409620e-04,-6.264204e-04,-5.635607e-04,-5.287271e-04,-5.052000e-04,-5.157543e-04,-5.474863e-04,-6.037372e-04,-6.537569e-04,-6.190611e-04,-6.197156e-04,-6.243091e-04,-5.943664e-04,-6.369428e-04,-6.380237e-04,-6.376132e-04,-6.463857e-04,-5.796527e-04,-5.384179e-04,-5.118033e-04,-5.026605e-04,-5.167455e-04,-5.350991e-04,-5.481911e-04,-5.546750e-04,-2.928249e-05,-1.363542e-05,2.074767e-06,1.690257e-05,3.180917e-05,3.997622e-05,3.228084e-05,1.740544e-05,1.046531e-05,1.516023e-05,1.937109e-05,1.930337e-05,1.749186e-05,1.507779e-05,1.244126e-05,1.079358e-05,8.850678e-06,5.021327e-06,-1.833645e-06,-1.235245e-05,-9.765002e-06,1.333982e-05,4.418033e-05,5.772435e-05,5.291006e-05,4.182747e-05,3.310090e-05,2.431135e-05,1.813186e-05,1.186306e-05,4.149363e-06,-6.978108e-06,-1.738965e-05,9.986120e-06,-1.637249e-05,-4.329796e-05,-5.504210e-05,-4.427914e-05,-2.575734e-05,-1.326110e-05,-7.557394e-06,-1.115061e-05,-2.606576e-05,-3.937171e-05,-4.605281e-05,-4.942752e-05,-5.105851e-05,-4.802318e-05,-3.449512e-05,-9.366918e-06,7.481674e-06,5.228757e-06,-1.292397e-05,-2.843891e-05,-3.410732e-05,-3.265059e-05,-2.494060e-05,-1.139626e-05,-1.782160e-06,-3.153124e-06,-1.064379e-05,-1.884038e-05,-2.215960e-05,-2.294245e-05,-1.975165e-05,-1.611728e-05,-1.067625e-05,-1.375164e-05,-1.692377e-05,-1.930490e-05,-2.214838e-05,-1.957398e-05,-3.018534e-06,2.111917e-05,3.723722e-05,4.152844e-05,4.146567e-05,3.059889e-05,-2.737575e-06,-4.517113e-05,-6.756780e-05,-6.897184e-05,-6.047028e-05,-4.759645e-05,-3.125874e-05,-9.681833e-06,2.775430e-06,1.917188e-06,-3.967244e-06,8.847533e-06,3.841867e-05,6.861274e-05,8.138651e-05,6.499991e-05,8.318663e-06,-7.098568e-05,-1.469231e-04,-2.141206e-04,-2.820346e-04,-8.559719e-05,-3.241043e-05,2.243462e-05,5.898764e-05,6.844807e-05,6.459806e-05,6.212450e-05,5.994425e-05,6.109359e-05,6.934877e-05,6.846755e-05,5.175319e-05,3.086065e-05,3.479400e-05,5.108342e-05,5.065165e-05,3.273798e-05,2.279828e-05,3.080770e-05,5.307854e-05,6.814316e-05,7.240208e-05,6.896630e-05,5.969308e-05,4.344616e-05,3.461866e-05,4.448479e-05,7.394383e-05,9.496887e-05,7.214738e-05,6.165278e-06,-7.516105e-05,-1.551138e-04
-3.528905e-05,-7.767222e-05,-5.904498e-04,1.911747e-01,7.823540e-02,2.438481e-03,-1.701582e-02,-5.025788e-03,3.378501e-03,5.796311e-03,5.889886e-03,4.782879e-03,5.385460e-03,6.119778e-03,5.933531e-03,4.567723e-03,3.718135e-03,3.677243e-03,4.330975e-03,5.186858e-03,5.115555e-03,5.055840e-03,4.951499e-03,4.662235e-03,5.008819e-03,5.050259e-03,5.061703e-03,5.118463e-03,4.572896e-03,4.242067e-03,4.039163e-03,3.974977e-03,4.108852e-03,4.279033e-03,4.403873e-03,4.474716e-03,-1.558615e-03,-1.450000e-03,-1.342127e-03,-1.159168e-03,-5.487020e-04,3.344243e-04,1.015374e-03,1.684316e-03,2.127341e-03,2.071697e-03,1.718779e-03,1.284370e-03,9.006665e-04,5.699137e-04,3.382382e-04,1.871361e-04,1.087196e-04,1.006744e-04,1.547816e-04,2.585396e-04,2.639824e-04,1.073290e-04,-1.162965e-04,-2.091885e-04,-1.648776e-04,-8.037122e-05,-2.005319e-05,3.872411e-05,7.924144e-05,1.211857e-04,1.756718e-04,2.581735e-04,3.347744e-04,-5.400396e-02,-3.958439e-02,-2.492807e-02,-1.274243e-02,-4.182009e-03,1.473697e-03,4.233596e-03,5.006269e-03,4.510116e-03,3.527555e-03,2.343928e-03,1.275532e-03,5.169798e-04,1.092853e-04,-4.192780e-05,-1.036814e-04,-1.833863e-04,-1.936523e-04,-8.004374e-05,1.324914e-04,2.935420e-04,3.529730e-04,3.395529e-04,2.671984e-04,1.468098e-04,5.995668e-05,6.231165e-05,1.154142e-04,1.741123e-04,1.918980e-04,1.884727e-04,1.520479e-04,1.120553e-04,-1.536306e-03,-1.168100e-03,-7.934102e-04,-4.689115e-04,-2.635701e-04,-2.104059e-04,-2.965070e-04,-4.749222e-04,-5.989883e-04,-6.065531e-04,-5.656569e-04,-4.456519e-04,-1.677330e-04,1.668908e-04,3.261919e-04,3.121645e-04,2.253927e-04,1.150302e-04,-1.639354e-05,-1.847868e-04,-2.766837e-04,-2.648584e-04,-2.135468e-04,-3.119444e-04,-5.409947e-04,-7.677398e-04,-8.543952e-04,-7.112411e-04,-2.556722e-04,3.792659e-04,9.858635e-04,1.518766e-03,2.057954e-03,1.820381e-03,7.386669e-04,-3.880676e-04,-1.073019e-03,-1.225945e-03,-1.137684e-03,-9.263519e-04,-7.023970e-04,-5.328075e-04,-4.849658e-04,-4.195024e-04,-2.819904e-04,-1.476321e-04,-2.230647e-04,-3.947892e-04,-4.187152e-04,-2.895670e-04,-2.101530e-04,-2.660200e-04,-4.380095e-04,-5.596651e-04,-6.018734e-04,-5.854063e-04,-5.223694e-04,-3.998389e-04,-3.293739e-04,-4.003375e-04,-6.214478e-04,-7.762087e-04,-5.867033e-04,-5.080169e-05,6.078351e-04,1.255336e-03
-2.385574e-05,-8.795952e-05,-6.261063e-04,7.823540e-02,4.762561e-02,8.290760e-03,-3.212182e-03,6.284714e-04,3.840118e-03,5.401561e-03,5.655624e-03,5.108452e-03,5.489805e-03,5.647042e-03,5.386773e-03,4.561160e-03,4.136520e-03,4.230025e-03,4.814532e-03,5.490150e-03,5.311689e-03,5.282236e-03,5.242917e-03,4.963604e-03,5.325237e-03,5.354529e-03,5.358856e-03,5.423936e-03,4.852207e-03,4.502411e-03,4.282042e-03,4.211203e-03,4.347682e-03,4.522354e-03,4.649964e-03,4.720320e-03,1.766432e-03,1.262391e-03,7.561845e-04,3.040461e-04,1.290208e-04,2.553718e-04,5.033462e-04,8.496204e-04,1.112234e-03,1.082339e-03,8.978516e-04,6.812439e-04,4.896919e-04,3.229620e-04,2.080359e-04,1.322539e-04,9.660891e-05,1.067419e-04,1.631768e-04,2.617887e-04,2.534207e-04,7.376163e-05,-1.744467e-04,-2.809151e-04,-2.376301e-04,-1.471134e-04,-7.929052e-05,-1.172984e-05,3.571080e-05,8.420240e-05,1.458514e-04,2.371325e-04,3.221814e-04,-2.891215e-02,-2.063571e-02,-1.219151e-02,-5.381166e-03,-9.697304e-04,1.737867e-03,2.934833e-03,3.112861e-03,2.688819e-03,2.107126e-03,1.464675e-03,8.929933e-04,4.934201e-04,2.840623e-04,1.960261e-04,1.127397e-04,-2.967184e-05,-1.026888e-04,-3.164116e-05,1.572911e-04,3.069112e-04,3.614535e-04,3.475894e-04,2.765720e-04,1.561502e-04,7.054527e-05,7.829980e-05,1.381381e-04,2.030236e-04,2.249540e-04,2.247042e-04,1.896511e-04,1.508037e-04,-1.189219e-03,-8.963506e-04,-5.983363e-04,-3.374311e-04,-1.532257e-04,-9.520988e-05,-1.952300e-04,-3.900829e-04,-5.300740e-04,-5.579687e-04,-5.381936e-04,-4.293386e-04,-1.431364e-04,2.100489e-04,3.834960e-04,3.761815e-04,2.910266e-04,1.784302e-04,4.165535e-05,-1.363515e-04,-2.354783e-04,-2.252618e-04,-1.734997e-04,-2.801320e-04,-5.253062e-04,-7.689168e-04,-8.637240e-04,-7.139825e-04,-2.313262e-04,4.415045e-04,1.085118e-03,1.651564e-03,2.224528e-03,1.292564e-03,4.530101e-04,-4.236337e-04,-9.489434e-04,-1.032899e-03,-9.331385e-04,-7.897172e-04,-6.502959e-04,-5.606381e-04,-5.695270e-04,-5.323859e-04,-3.922665e-04,-2.361274e-04,-2.938738e-04,-4.534983e-04,-4.634626e-04,-3.188358e-04,-2.336241e-04,-2.967176e-04,-4.833062e-04,-6.151389e-04,-6.610669e-04,-6.426606e-04,-5.733497e-04,-4.408094e-04,-3.637933e-04,-4.378893e-04,-6.726250e-04,-8.373482e-04,-6.379561e-04,-7.290223e-05,6.224879e-04,1.306108e-03
-1.237830e-05,-7.965313e-05,-6.573767e-04,2.438481e-03,8.290760e-03,1.727186e-02,1.007469e-02,6.438942e-03,4.165713e-03,4.991837e-03,5.366221e-03,5.371815e-03,5.545212e-03,5.156507e-03,4.848881e-03,4.555210e-03,4.527554e-03,4.738267e-03,5.252291e-03,5.752744e-03,5.474301e-03,5.474877e-03,5.498256e-03,5.228430e-03,5.602328e-03,5.619834e-03,5.618790e-03,5.691584e-03,5.098028e-03,4.732146e-03,4.498112e-03,4.422461e-03,4.560974e-03,4.735544e-03,4.862450e-03,4.930078e-03,4.073755e-03,3.105698e-03,2.134381e-03,1.199058e-03,3.970680e-04,-7.033039e-05,-1.132952e-04,3.373488e-06,1.382482e-04,1.525858e-04,1.327103e-04,1.184374e-04,1.018815e-04,8.430969e-05,7.594456e-05,6.959493e-05,7.408976e-05,1.021229e-04,1.619563e-04,2.571075e-04,2.379376e-04,3.929293e-05,-2.292263e-04,-3.463089e-04,-3.029193e-04,-2.067926e-04,-1.325281e-04,-5.828180e-05,-6.369570e-06,4.593038e-05,1.110205e-04,2.068167e-04,2.961527e-04,-3.037614e-03,-9.481992e-04,1.235140e-03,2.554900e-03,2.676750e-03,2.304007e-03,1.827281e-03,1.319611e-03,8.969965e-04,6.660708e-04,5.310907e-04,4.354672e-04,3.852617e-04,3.721218e-04,3.507169e-04,2.517750e-04,5.350460e-05,-7.598376e-05,-4.392811e-05,1.226077e-04,2.609947e-04,3.101497e-04,2.950024e-04,2.244610e-04,1.035559e-04,1.894505e-05,3.123934e-05,9.684897e-05,1.674259e-04,1.929775e-04,1.956441e-04,1.624752e-04,1.253728e-04,-7.556112e-04,-5.584148e-04,-3.579394e-04,-1.785861e-04,-2.857045e-05,2.605650e-05,-9.139039e-05,-3.026430e-04,-4.571271e-04,-5.042491e-04,-5.052476e-04,-4.079616e-04,-1.154034e-04,2.530973e-04,4.385322e-04,4.360401e-04,3.507056e-04,2.342873e-04,9.159260e-05,-9.450830e-05,-1.980455e-04,-1.860837e-04,-1.304037e-04,-2.407876e-04,-4.977497e-04,-7.556180e-04,-8.589073e-04,-7.063039e-04,-2.032178e-04,4.994384e-04,1.171123e-03,1.762751e-03,2.361119e-03,7.969823e-04,2.044191e-04,-4.166087e-04,-7.683966e-04,-7.674102e-04,-6.452738e-04,-5.645683e-04,-5.101584e-04,-5.051147e-04,-5.778005e-04,-5.771985e-04,-4.410728e-04,-2.680405e-04,-3.094797e-04,-4.565064e-04,-4.504363e-04,-2.869585e-04,-1.919948e-04,-2.564409e-04,-4.514802e-04,-5.887891e-04,-6.353015e-04,-6.153970e-04,-5.434407e-04,-4.065407e-04,-3.301415e-04,-4.133452e-04,-6.650609e-04,-8.425349e-04,-6.351505e-04,-4.430666e-05,6.822017e-04,1.396450e-03
-6.589616e-06,-7.171830e-05,-6.285876e-04,-1.701582e-02,-3.212182e-03,1.007469e-02,2.293062e-02,1.055276e-02,4.398026e-03,3.977943e-03,4.565781e-03,5.041102e-03,5.219096e-03,4.459172e-03,4.011416e-03,4.093412e-03,4.410807e-03,4.737473e-03,5.175557e-03,5.505127e-03,5.167349e-03,5.180702e-03,5.251010e-03,5.014735e-03,5.369996e-03,5.374786e-03,5.366802e-03,5.439023e-03,4.876217e-03,4.526788e-03,4.299037e-03,4.226860e-03,4.357739e-03,4.519884e-03,4.637807e-03,4.699312e-03,1.238836e-02,9.988817e-03,7.584371e-03,5.216894e-03,2.864623e-03,9.361521e-04,-9.797474e-05,-6.157483e-04,-7.839131e-04,-7.744333e-04,-6.263001e-04,-4.117453e-04,-2.248462e-04,-7.724270e-05,2.710403e-05,8.820476e-05,1.243581e-04,1.565498e-04,2.023463e-04,2.746106e-04,2.365175e-04,2.932509e-05,-2.400969e-04,-3.602188e-04,-3.219256e-04,-2.288858e-04,-1.540469e-04,-7.841925e-05,-2.527045e-05,2.741076e-05,9.159807e-05,1.850041e-04,2.722620e-04,7.006338e-03,6.523400e-03,6.084800e-03,5.102805e-03,3.337911e-03,1.565660e-03,4.396926e-04,-2.230990e-04,-4.647084e-04,-3.666528e-04,-1.039772e-04,1.560049e-04,3.532401e-04,4.679672e-04,4.770844e-04,3.575925e-04,1.209251e-04,-5.045729e-05,-5.711679e-05,7.691523e-05,1.965876e-04,2.408343e-04,2.303794e-04,1.707845e-04,6.369299e-05,-9.727696e-06,7.640066e-06,7.363793e-05,1.431885e-04,1.694652e-04,1.741515e-04,1.449189e-04,1.119438e-04,-5.024049e-04,-3.740780e-04,-2.439005e-04,-1.237555e-04,8.048221e-06,7.633599e-05,-3.231036e-05,-2.330761e-04,-3.860569e-04,-4.447630e-04,-4.613322e-04,-3.801254e-04,-1.050492e-04,2.471304e-04,4.277885e-04,4.299021e-04,3.521629e-04,2.433145e-04,1.084823e-04,-6.847152e-05,-1.670890e-04,-1.553983e-04,-1.020932e-04,-2.075141e-04,-4.535198e-04,-7.013286e-04,-8.018568e-04,-6.578849e-04,-1.782220e-04,4.923132e-04,1.133201e-03,1.697934e-03,2.269066e-03,6.685334e-04,1.880247e-04,-3.127448e-04,-5.968444e-04,-5.676788e-04,-4.404925e-04,-4.031317e-04,-4.006531e-04,-4.440014e-04,-5.476739e-04,-5.699390e-04,-4.483992e-04,-2.786109e-04,-3.069113e-04,-4.344866e-04,-4.182928e-04,-2.549932e-04,-1.609858e-04,-2.221060e-04,-4.091265e-04,-5.410510e-04,-5.858857e-04,-5.673665e-04,-4.992835e-04,-3.693626e-04,-2.979206e-04,-3.793186e-04,-6.217118e-04,-7.928530e-04,-5.951573e-04,-3.111558e-05,6.621973e-04,1.343825e-03
-8.108065e-06,-8.514460e-05,-6.443836e-04,-5.025788e-03,6.284714e-04,6.438942e-03,1.055276e-02,1.701742e-02,8.451309e-03,6.103442e-03,4.671331e-03,5.088570e-03,5.179936e-03,4.228496e-03,3.731517e-03,3.990872e-03,4.516064e-03,4.978222e-03,5.415684e-03,5.658525e-03,5.262969e-03,5.279224e-03,5.377139e-03,5.149998e-03,5.515189e-03,5.513019e-03,5.498368e-03,5.573580e-03,4.998865e-03,4.640131e-03,4.401916e-03,4.327920e-03,4.462603e-03,4.629676e-03,4.751620e-03,4.815097e-03,1.215695e-02,9.674725e-03,7.187415e-03,4.728906e-03,2.210123e-03,8.322368e-05,-1.010202e-03,-1.443297e-03,-1.545648e-03,-1.399029e-03,-1.081812e-03,-7.023104e-04,-3.798317e-04,-1.266221e-04,4.956690e-05,1.515950e-04,2.047283e-04,2.364133e-04,2.711929e-04,3.284585e-04,2.715573e-04,4.359513e-05,-2.442824e-04,-3.753753e-04,-3.396021e-04,-2.436222e-04,-1.636676e-04,-8.151369e-05,-2.282038e-05,3.490888e-05,1.046150e-04,2.045271e-04,2.980887e-04,4.913647e-03,3.785870e-03,2.663939e-03,1.342470e-03,-3.361688e-04,-1.765839e-03,-2.304944e-03,-2.273460e-03,-1.820418e-03,-1.149393e-03,-4.419460e-04,1.212878e-04,4.864703e-04,6.642995e-04,6.653312e-04,5.048237e-04,2.178589e-04,2.626868e-06,-3.249733e-05,8.770911e-05,2.029867e-04,2.486539e-04,2.433739e-04,1.904252e-04,8.887027e-05,2.050517e-05,4.349291e-05,1.140625e-04,1.866810e-04,2.147544e-04,2.207518e-04,1.916946e-04,1.587608e-04,-3.082656e-04,-2.384126e-04,-1.675635e-04,-9.988614e-05,2.019913e-06,6.018040e-05,-5.675706e-05,-2.601401e-04,-4.072354e-04,-4.632392e-04,-4.794708e-04,-3.966381e-04,-1.150107e-04,2.458473e-04,4.309969e-04,4.341942e-04,3.563118e-04,2.468781e-04,1.104195e-04,-7.045085e-05,-1.723765e-04,-1.623995e-04,-1.102570e-04,-2.208903e-04,-4.749569e-04,-7.296206e-04,-8.319945e-04,-6.825717e-04,-1.886168e-04,5.011640e-04,1.161253e-03,1.743137e-03,2.331576e-03,5.900891e-04,1.704702e-04,-2.637494e-04,-5.271252e-04,-5.190861e-04,-4.238805e-04,-4.304107e-04,-4.641452e-04,-5.310703e-04,-6.408957e-04,-6.573024e-04,-5.219368e-04,-3.356855e-04,-3.541961e-04,-4.772095e-04,-4.574835e-04,-2.911395e-04,-1.977728e-04,-2.654634e-04,-4.623709e-04,-6.020736e-04,-6.516368e-04,-6.338222e-04,-5.629242e-04,-4.271147e-04,-3.496174e-04,-4.285333e-04,-6.731849e-04,-8.454941e-04,-6.420507e-04,-6.373785e-05,6.479647e-04,1.347645e-03
-1.195240e-05,-8.246243e-05,-6.296111e-04,3.378501e-03,3.840118e-03,4.165713e-03,4.398026e-03,8.451309e-03,2.041969e-02,1.110242e-02,5.581971e-03,4.459754e-03,4.599090e-03,3.925559e-03,3.747525e-03,4.043692e-03,4.411926e-03,4.808832e-03,5.255633e-03,5.522138e-03,5.149975e-03,5.167839e-03,5.255054e-03,5.027339e-03,5.384147e-03,5.386808e-03,5.374836e-03,5.447423e-03,4.884528e-03,4.533887e-03,4.302376e-03,4.229987e-03,4.362494e-03,4.527104e-03,4.647258e-03,4.710226e-03,1.834495e-03,6.735323e-04,-4.919609e-04,-1.633463e-03,-2.850383e-03,-3.714787e-03,-3.543794e-03,-2.697018e-03,-1.994100e-03,-1.382932e-03,-8.760831e-04,-4.842727e-04,-2.178135e-04,-3.493356e-05,8.715925e-05,1.561909e-04,1.916759e-04,2.173783e-04,2.535204e-04,3.155064e-04,2.675186e-04,5.200530e-05,-2.239647e-04,-3.486045e-04,-3.121353e-04,-2.185680e-04,-1.417210e-04,-6.317287e-05,-7.253590e-06,4.789821e-05,1.148657e-04,2.113943e-04,3.017059e-04,2.179581e-03,1.330455e-03,4.741008e-04,-4.725898e-04,-1.665618e-03,-2.665600e-03,-2.909577e-03,-2.670660e-03,-2.082190e-03,-1.334389e-03,-5.758077e-04,2.331995e-05,4.115662e-04,6.025966e-04,6.182193e-04,4.734941e-04,2.048913e-04,4.600077e-06,-2.243976e-05,9.878342e-05,2.121452e-04,2.553142e-04,2.473329e-04,1.922034e-04,8.987096e-05,2.069105e-05,4.151322e-05,1.096196e-04,1.801166e-04,2.070005e-04,2.122151e-04,1.830852e-04,1.501665e-04,-1.810733e-04,-1.578214e-04,-1.338778e-04,-1.118152e-04,-5.658554e-05,-3.843653e-05,-1.743524e-04,-3.779467e-04,-4.990866e-04,-5.244174e-04,-5.113712e-04,-4.064613e-04,-1.170442e-04,2.408818e-04,4.205888e-04,4.192628e-04,3.384558e-04,2.279453e-04,9.215798e-05,-8.588229e-05,-1.857539e-04,-1.757966e-04,-1.242738e-04,-2.317534e-04,-4.792705e-04,-7.270400e-04,-8.260234e-04,-6.791947e-04,-1.962291e-04,4.780611e-04,1.123136e-03,1.691502e-03,2.266315e-03,6.304129e-04,2.136742e-04,-2.152168e-04,-4.944447e-04,-5.251749e-04,-4.596497e-04,-4.726666e-04,-4.993919e-04,-5.503905e-04,-6.417794e-04,-6.458205e-04,-5.064102e-04,-3.216611e-04,-3.391078e-04,-4.601434e-04,-4.415094e-04,-2.794618e-04,-1.884564e-04,-2.546671e-04,-4.472540e-04,-5.842005e-04,-6.333042e-04,-6.167341e-04,-5.483430e-04,-4.163055e-04,-3.409367e-04,-4.179982e-04,-6.566352e-04,-8.245502e-04,-6.252349e-04,-5.921644e-05,6.371469e-04,1.321749e-03
-2.252385e-05,-8.736820e-05,-6.561075e-04,5.796311e-03,5.401561e-03,4.991837e-03,3.977943e-03,6.103442e-03,1.110242e-02,1.850523e-02,8.887883e-03,6.151843e-03,4.674594e-03,4.162230e-03,4.398623e-03,4.612686e-03,4.737005e-03,4.929209e-03,5.343710e-03,5.715543e-03,5.395597e-03,5.436001e-03,5.489334e-03,5.223811e-03,5.589978e-03,5.608220e-03,5.608841e-03,5.683490e-03,5.091362e-03,4.725686e-03,4.491553e-03,4.413995e-03,4.553622e-03,4.731621e-03,4.860975e-03,4.930523e-03,-2.470669e-03,-2.638977e-03,-2.809647e-03,-2.965174e-03,-3.155872e-03,-3.154432e-03,-2.430378e-03,-1.093378e-03,-3.002233e-04,4.435933e-05,1.238386e-04,8.605782e-05,2.648449e-05,-1.408102e-05,-2.811281e-05,-2.451653e-05,1.800687e-07,5.360888e-05,1.392932e-04,2.561676e-04,2.556146e-04,7.155403e-05,-1.885607e-04,-3.015659e-04,-2.574594e-04,-1.627788e-04,-9.086908e-05,-1.899215e-05,3.143983e-05,8.263172e-05,1.472171e-04,2.427656e-04,3.317999e-04,3.042527e-05,1.934699e-04,3.533696e-04,4.100760e-04,1.773224e-04,-2.384703e-04,-5.331783e-04,-6.944242e-04,-6.756792e-04,-4.547099e-04,-1.748040e-04,7.104213e-05,2.744934e-04,4.123659e-04,4.646817e-04,3.844151e-04,1.769034e-04,3.217407e-05,5.097381e-05,2.017527e-04,3.256386e-04,3.630357e-04,3.385133e-04,2.609883e-04,1.354672e-04,4.807775e-05,5.891826e-05,1.242126e-04,1.947473e-04,2.201113e-04,2.223723e-04,1.883625e-04,1.503909e-04,-1.506316e-04,-1.635623e-04,-1.756400e-04,-1.920258e-04,-1.895550e-04,-2.220450e-04,-3.801831e-04,-5.916844e-04,-6.902037e-04,-6.691401e-04,-6.082162e-04,-4.630920e-04,-1.434606e-04,2.346456e-04,4.188278e-04,4.102633e-04,3.187167e-04,1.983655e-04,5.353032e-05,-1.334781e-04,-2.374332e-04,-2.263552e-04,-1.713736e-04,-2.822693e-04,-5.387255e-04,-7.943228e-04,-8.945975e-04,-7.389991e-04,-2.343958e-04,4.694976e-04,1.142593e-03,1.735018e-03,2.334258e-03,7.946108e-04,3.021399e-04,-2.033635e-04,-5.554361e-04,-6.608262e-04,-6.356272e-04,-6.252344e-04,-6.059134e-04,-6.051587e-04,-6.654728e-04,-6.459316e-04,-4.917310e-04,-3.062554e-04,-3.375393e-04,-4.774027e-04,-4.667263e-04,-3.016420e-04,-2.073695e-04,-2.750425e-04,-4.739728e-04,-6.157488e-04,-6.670138e-04,-6.503560e-04,-5.799131e-04,-4.428360e-04,-3.640209e-04,-4.433333e-04,-6.906007e-04,-8.642420e-04,-6.554427e-04,-6.348562e-05,6.646277e-04,1.380436e-03
-8.796368e-06,-9.263254e-05,-6.524452e-04,5.889886e-03,5.655624e-03,5.366221e-03,4.565781e-03,4.671331e-03,5.581971e-03,8.887883e-03,2.012408e-02,1.171423e-02,5.636786e-03,3.391994e-03,4.089953e-03,4.689609e-03,5.151066e-03,5.281163e-03,5.437180e-03,5.622744e-03,5.276771e-03,5.398711e-03,5.469652e-03,5.190083e-03,5.539552e-03,5.562136e-03,5.575355e-03,5.656891e-03,5.069690e-03,4.707646e-03,4.481353e-03,4.396159e-03,4.526365e-03,4.702548e-03,4.828021e-03,4.894214e-03,-3.376973e-03,-2.556394e-03,-1.736085e-03,-9.086290e-04,-7.900162e-05,7.977851e-04,1.891487e-03,2.974901e-03,2.965102e-03,2.094670e-03,1.066907e-03,2.370611e-04,-2.639144e-04,-4.924527e-04,-5.712237e-04,-5.607230e-04,-4.745533e-04,-3.294144e-04,-1.437147e-04,6.018324e-05,1.326206e-04,3.405891e-06,-2.220070e-04,-3.160197e-04,-2.670790e-04,-1.769144e-04,-1.145979e-04,-5.365471e-05,-1.147261e-05,3.375224e-05,9.383032e-05,1.845847e-04,2.688969e-04,6.244609e-05,7.605074e-05,9.384528e-05,-2.907601e-05,-3.603410e-04,-7.719161e-04,-1.106578e-03,-1.265431e-03,-1.167337e-03,-7.082995e-04,-3.298915e-04,-6.883300e-05,1.886578e-04,3.971313e-04,5.241356e-04,4.936443e-04,3.093419e-04,1.842103e-04,2.193752e-04,3.673617e-04,4.770033e-04,4.934678e-04,4.444138e-04,3.420897e-04,1.950418e-04,9.006424e-05,8.838464e-05,1.477478e-04,2.163923e-04,2.417117e-04,2.436974e-04,2.093848e-04,1.711187e-04,7.936176e-06,-1.829368e-05,-4.360245e-05,-7.622451e-05,-1.091649e-04,-1.914119e-04,-3.858432e-04,-6.156420e-04,-7.087160e-04,-6.527727e-04,-5.620760e-04,-4.021377e-04,-8.307513e-05,2.879149e-04,4.690017e-04,4.614949e-04,3.711075e-04,2.509605e-04,1.062373e-04,-8.052524e-05,-1.855689e-04,-1.757263e-04,-1.219378e-04,-2.329210e-04,-4.887794e-04,-7.449025e-04,-8.466385e-04,-6.934540e-04,-1.921570e-04,5.069765e-04,1.176169e-03,1.766142e-03,2.362743e-03,7.304172e-04,2.459991e-04,-2.526586e-04,-5.906959e-04,-6.908613e-04,-6.672885e-04,-6.428115e-04,-6.076823e-04,-5.976434e-04,-6.725741e-04,-6.512364e-04,-4.875425e-04,-3.031972e-04,-3.390046e-04,-4.843653e-04,-4.795730e-04,-3.198961e-04,-2.311509e-04,-3.035026e-04,-5.029822e-04,-6.428754e-04,-6.909272e-04,-6.700179e-04,-5.951453e-04,-4.550134e-04,-3.739607e-04,-4.520296e-04,-6.992326e-04,-8.736223e-04,-6.683540e-04,-8.337156e-05,6.373232e-04,1.345815e-03
-1.730009e-05,-9.890879e-05,-6.409620e-04,4.782879e-03,5.108452e-03,5.371815e-03,5.041102e-03,5.088570e-03,4.459754e-03,6.151843e-03,1.171423e-02,1.928036e-02,7.379960e-03,3.652836e-03,3.231412e-03,4.083763e-03,5.030795e-03,5.468099e-03,5.576312e-03,5.557434e-03,5.120597e-03,5.248991e-03,5.363953e-03,5.115215e-03,5.459815e-03,5.468691e-03,5.471405e-03,5.554087e-03,4.981294e-03,4.624445e-03,4.395088e-03,4.313002e-03,4.444179e-03,4.618105e-03,4.742899e-03,4.808769e-03,-3.239110e-05,3.178276e-04,6.681837e-04,1.024886e-03,1.392707e-03,1.780672e-03,2.287664e-03,2.813199e-03,2.652297e-03,1.575305e-03,4.993998e-04,-2.237958e-04,-5.658080e-04,-6.171749e-04,-5.623924e-04,-4.708534e-04,-3.442681e-04,-1.909044e-04,-1.881988e-05,1.594640e-04,2.038573e-04,5.212120e-05,-1.885285e-04,-2.939546e-04,-2.515526e-04,-1.623193e-04,-9.626370e-05,-2.978769e-05,1.727825e-05,6.622136e-05,1.294519e-04,2.231244e-04,3.104031e-04,1.064541e-03,6.341352e-04,2.108681e-04,-3.826630e-04,-1.183501e-03,-2.021402e-03,-2.716747e-03,-3.044102e-03,-2.818024e-03,-1.769479e-03,-7.678454e-04,-7.155478e-05,4.262919e-04,7.119784e-04,8.043943e-04,6.971991e-04,4.305435e-04,2.350489e-04,2.196255e-04,3.347645e-04,4.293419e-04,4.456537e-04,4.065232e-04,3.198266e-04,1.895192e-04,9.855579e-05,1.058843e-04,1.691259e-04,2.387476e-04,2.648992e-04,2.682111e-04,2.356041e-04,1.990821e-04,-3.273180e-05,-5.361061e-05,-7.357069e-05,-1.010825e-04,-1.331135e-04,-2.181364e-04,-4.176762e-04,-6.639489e-04,-7.917483e-04,-7.345194e-04,-6.323553e-04,-4.610427e-04,-1.356314e-04,2.356002e-04,4.174190e-04,4.129492e-04,3.268579e-04,2.118066e-04,7.226094e-05,-1.094988e-04,-2.118849e-04,-2.028859e-04,-1.514016e-04,-2.621814e-04,-5.147255e-04,-7.658358e-04,-8.640752e-04,-7.110860e-04,-2.163578e-04,4.730456e-04,1.133322e-03,1.715112e-03,2.303488e-03,6.427803e-04,1.777083e-04,-3.019142e-04,-6.170239e-04,-6.915750e-04,-6.379806e-04,-5.769543e-04,-5.160732e-04,-5.081011e-04,-6.365725e-04,-6.659860e-04,-5.287825e-04,-3.508825e-04,-3.774523e-04,-5.078324e-04,-4.936009e-04,-3.314534e-04,-2.425902e-04,-3.159829e-04,-5.163112e-04,-6.589586e-04,-7.115520e-04,-6.947391e-04,-6.229154e-04,-4.849272e-04,-4.027273e-04,-4.755531e-04,-7.141297e-04,-8.816394e-04,-6.780088e-04,-1.012380e-04,6.095297e-04,1.308250e-03
-1.920103e-05,-8.409377e-05,-6.264204e-04,5.385460e-03,5.489805e-03,5.545212e-03,5.219096e-03,5.179936e-03,4.599090e-03,4.674594e-03,5.636786e-03,7.379960e-03,1.677146e-02,1.038908e-02,6.236031e-03,2.931176e-03,2.637859e-03,3.777098e-03,4.931598e-03,5.762051e-03,5.542792e-03,5.311134e-03,5.202950e-03,4.965653e-03,5.379136e-03,5.380955e-03,5.347414e-03,5.405589e-03,4.839508e-03,4.486661e-03,4.247426e-03,4.193771e-03,4.339674e-03,4.506028e-03,4.631539e-03,4.699847e-03,-2.980020e-04,-1.820563e-04,-6.639988e-05,5.515995e-05,1.783536e-04,3.439229e-04,5.920993e-04,8.011612e-04,7.930165e-04,2.793948e-04,1.474001e-04,4.185856e-04,7.223057e-04,9.468479e-04,1.068787e-03,1.059332e-03,9.656384e-04,8.343354e-04,7.089528e-04,6.262456e-04,4.448008e-04,1.225864e-04,-2.194982e-04,-3.823023e-04,-3.585928e-04,-2.593968e-04,-1.662583e-04,-6.803166e-05,3.314685e-06,7.042264e-05,1.472254e-04,2.535420e-04,3.536460e-04,-3.365059e-04,-6.162263e-05,2.182738e-04,3.811241e-04,4.077583e-04,4.694576e-04,7.033674e-04,1.145265e-03,1.820004e-03,2.839506e-03,3.195880e-03,2.775733e-03,1.980561e-03,1.214060e-03,5.763462e-04,1.045160e-04,-2.707890e-04,-4.875425e-04,-4.923800e-04,-3.048250e-04,-1.135717e-04,6.637905e-06,7.176368e-05,8.091392e-05,2.915544e-05,-3.798637e-06,3.900226e-05,1.148008e-04,1.849615e-04,2.097846e-04,2.136231e-04,1.836266e-04,1.498670e-04,-1.001643e-04,-8.832370e-05,-7.561126e-05,-6.930603e-05,-6.564350e-05,-1.158541e-04,-2.883837e-04,-5.195875e-04,-6.619023e-04,-6.403089e-04,-5.920000e-04,-4.728772e-04,-1.764389e-04,1.868684e-04,3.705754e-04,3.764801e-04,3.036981e-04,1.996504e-04,6.776386e-05,-1.083718e-04,-2.065508e-04,-1.964798e-04,-1.466394e-04,-2.553054e-04,-5.030654e-04,-7.498680e-04,-8.477933e-04,-7.005608e-04,-2.187595e-04,4.538613e-04,1.097494e-03,1.664244e-03,2.237479e-03,6.251013e-04,2.062464e-04,-2.266841e-04,-5.055068e-04,-5.610011e-04,-5.121350e-04,-4.849496e-04,-4.761171e-04,-5.223320e-04,-6.867096e-04,-7.136982e-04,-5.384644e-04,-3.062056e-04,-2.993937e-04,-4.176420e-04,-4.148772e-04,-2.749526e-04,-1.980121e-04,-2.687781e-04,-4.631216e-04,-5.997302e-04,-6.476080e-04,-6.303117e-04,-5.616731e-04,-4.293176e-04,-3.528358e-04,-4.274072e-04,-6.620003e-04,-8.264648e-04,-6.265324e-04,-6.162438e-05,6.331040e-04,1.316096e-03
-1.612909e-06,-7.262361e-05,-5.635607e-04,6.119778e-03,5.647042e-03,5.156507e-03,4.459172e-03,4.228496e-03,3.925559e-03,4.162230e-03,3.391994e-03,3.652836e-03,1.038908e-02,2.318538e-02,1.254745e-02,3.641253e-03,-7.773704e-04,5.071386e-04,3.118032e-03,5.518469e-03,5.874059e-03,5.220036e-03,4.654297e-03,4.338967e-03,4.812299e-03,4.870542e-03,4.834607e-03,4.851738e-03,4.318899e-03,3.998809e-03,3.788031e-03,3.762473e-03,3.904303e-03,4.056496e-03,4.175037e-03,4.242847e-03,-5.396198e-03,-4.527969e-03,-3.660650e-03,-2.787345e-03,-1.925273e-03,-9.829178e-04,1.199649e-04,1.248423e-03,2.358925e-03,2.963883e-03,3.618965e-03,4.108840e-03,4.023463e-03,3.535861e-03,3.018308e-03,2.467121e-03,1.917398e-03,1.422318e-03,1.022606e-03,7.523932e-04,4.433982e-04,5.372752e-05,-3.021785e-04,-4.694735e-04,-4.489810e-04,-3.491192e-04,-2.502828e-04,-1.463507e-04,-7.079445e-05,-1.399546e-06,7.502043e-05,1.775737e-04,2.746294e-04,-2.179011e-03,-1.013940e-03,1.523208e-04,1.267227e-03,2.295590e-03,3.354295e-03,4.546859e-03,5.747146e-03,6.848340e-03,7.795517e-03,7.587044e-03,5.859767e-03,3.296434e-03,1.154298e-03,-2.906696e-04,-1.023549e-03,-1.297002e-03,-1.322389e-03,-1.155006e-03,-7.946422e-04,-4.597320e-04,-2.278165e-04,-7.710519e-05,-4.678991e-06,-1.048563e-05,-1.666878e-05,3.258873e-05,1.005205e-04,1.580821e-04,1.748438e-04,1.734113e-04,1.424069e-04,1.080598e-04,-1.661777e-05,3.987810e-07,1.825239e-05,3.001924e-05,4.048506e-05,-1.129463e-06,-1.639006e-04,-3.931987e-04,-5.585965e-04,-5.823072e-04,-5.681737e-04,-4.572351e-04,-1.568533e-04,2.111632e-04,4.000483e-04,4.198583e-04,3.621940e-04,2.684105e-04,1.435015e-04,-2.403782e-05,-1.192870e-04,-1.142403e-04,-7.291336e-05,-1.722043e-04,-3.962588e-04,-6.208628e-04,-7.119295e-04,-5.823131e-04,-1.501730e-04,4.533718e-04,1.031129e-03,1.540828e-03,2.056209e-03,5.611365e-04,2.015637e-04,-1.702225e-04,-4.110131e-04,-4.596348e-04,-4.247589e-04,-4.299189e-04,-4.654605e-04,-5.551912e-04,-7.417307e-04,-7.836650e-04,-5.713673e-04,-2.553829e-04,-1.909300e-04,-2.886619e-04,-3.136306e-04,-2.295699e-04,-1.892120e-04,-2.627199e-04,-4.392752e-04,-5.557145e-04,-5.873595e-04,-5.611257e-04,-4.911328e-04,-3.671020e-04,-2.971271e-04,-3.660043e-04,-5.803590e-04,-7.316801e-04,-5.546245e-04,-5.057684e-05,5.697411e-04,1.179572e-03
1.596156e-06,-6.568184e-05,-5.287271e-04,5.933531e-03,5.386773e-03,4.848881e-03,4.011416e-03,3.731517e-03,3.747525e-03,4.398623e-03,4.089953e-03,3.231412e-03,6.236031e-03,1.254745e-02,2.124685e-02,7.911687e-03,-2.234681e-04,-1.577018e-03,1.359034e-03,4.894114e-03,5.838435e-03,5.214570e-03,4.425833e-03,3.964577e-03,4.394492e-03,4.555474e-03,4.588632e-03,4.583138e-03,4.050030e-03,3.753603e-03,3.595260e-03,3.558399e-03,3.683134e-03,3.842643e-03,3.962251e-03,4.034983e-03,-8.189860e-03,-6.876519e-03,-5.564491e-03,-4.245037e-03,-2.942184e-03,-1.534018e-03,1.319647e-04,1.973076e-03,3.941890e-03,5.564394e-03,6.880354e-03,7.393124e-03,6.495725e-03,4.745532e-03,3.236430e-03,2.078163e-03,1.212269e-03,6.326125e-04,3.056304e-04,1.954872e-04,9.259675e-05,-9.366828e-05,-2.913238e-04,-3.576182e-04,-2.995539e-04,-2.110611e-04,-1.518199e-04,-9.809836e-05,-6.238221e-05,-2.486647e-05,2.384638e-05,9.687426e-05,1.647951e-04,-2.613599e-03,-1.173732e-03,2.657598e-04,1.663868e-03,2.929738e-03,4.096429e-03,5.235071e-03,6.167669e-03,6.747992e-03,6.843614e-03,5.875707e-03,3.660858e-03,9.072242e-04,-9.902104e-04,-1.873318e-03,-1.994214e-03,-1.696049e-03,-1.277257e-03,-8.266925e-04,-3.250061e-04,4.538332e-05,2.403038e-04,3.070227e-04,2.749122e-04,1.722926e-04,8.625748e-05,7.553292e-05,1.091646e-04,1.489530e-04,1.548055e-04,1.420580e-04,1.006995e-04,5.619832e-05,-3.927927e-05,-1.131995e-05,1.742226e-05,4.095115e-05,6.715716e-05,4.857915e-05,-8.621338e-05,-2.931096e-04,-4.584393e-04,-5.264360e-04,-5.573579e-04,-4.740882e-04,-1.668763e-04,2.312205e-04,4.361334e-04,4.569384e-04,3.932794e-04,2.912045e-04,1.585356e-04,-1.219688e-05,-1.114302e-04,-1.113857e-04,-7.250539e-05,-1.629450e-04,-3.689171e-04,-5.755438e-04,-6.576696e-04,-5.341661e-04,-1.287088e-04,4.362485e-04,9.762889e-04,1.452712e-03,1.934439e-03,6.054534e-04,2.483682e-04,-1.197318e-04,-3.688392e-04,-4.402524e-04,-4.327989e-04,-4.643728e-04,-5.212311e-04,-6.134856e-04,-7.596181e-04,-7.718042e-04,-5.483251e-04,-2.206492e-04,-1.570740e-04,-2.670296e-04,-3.054542e-04,-2.378907e-04,-2.039696e-04,-2.675747e-04,-4.240206e-04,-5.232355e-04,-5.435371e-04,-5.114287e-04,-4.408026e-04,-3.226681e-04,-2.578981e-04,-3.256098e-04,-5.314989e-04,-6.780185e-04,-5.148763e-04,-4.397023e-05,5.361208e-04,1.106379e-03
-1.307540e-05,-7.911190e-05,-5.052000e-04,4.567723e-03,4.561160e-03,4.555210e-03,4.093412e-03,3.990872e-03,4.043692e-03,4.612686e-03,4.689609e-03,4.083763e-03,2.931176e-03,3.641253e-03,7.911687e-03,1.681644e-02,6.406408e-03,1.465169e-03,1.220155e-03,3.650231e-03,4.527402e-03,4.717791e-03,4.393551e-03,3.891248e-03,4.088540e-03,4.266260e-03,4.407356e-03,4.439830e-03,3.922765e-03,3.648617e-03,3.548495e-03,3.455831e-03,3.545896e-03,3.725065e-03,3.846871e-03,3.923404e-03,-3.922877e-03,-3.338484e-03,-2.755026e-03,-2.164190e-03,-1.581389e-03,-9.213884e-04,-6.793813e-05,9.164207e-04,1.954731e-03,2.906724e-03,3.639472e-03,3.714440e-03,2.577885e-03,6.776313e-04,-7.516694e-04,-1.538751e-03,-1.832706e-03,-1.735888e-03,-1.377385e-03,-8.837510e-04,-4.431784e-04,-1.924271e-04,-1.100204e-04,-1.407008e-05,9.174005e-05,1.440970e-04,1.211060e-04,7.881311e-05,4.096692e-05,2.140911e-05,2.344897e-05,4.921924e-05,7.002403e-05,-1.133936e-03,-3.267685e-04,4.820676e-04,1.210273e-03,1.754757e-03,2.127565e-03,2.367360e-03,2.345183e-03,1.958138e-03,1.090132e-03,-3.562713e-04,-2.272263e-03,-3.867286e-03,-3.936782e-03,-2.855945e-03,-1.630472e-03,-5.987750e-04,2.166936e-04,8.267151e-04,1.246803e-03,1.421131e-03,1.370474e-03,1.168665e-03,8.788065e-04,5.641055e-04,3.187232e-04,2.016433e-04,1.865282e-04,2.103109e-04,2.088477e-04,1.859192e-04,1.325095e-04,7.597689e-05,-1.366775e-04,-9.878779e-05,-6.018766e-05,-2.609630e-05,1.018357e-05,5.600657e-06,-1.068239e-04,-2.859568e-04,-4.283472e-04,-5.070020e-04,-5.529630e-04,-4.863048e-04,-1.931441e-04,2.055032e-04,4.138966e-04,4.244178e-04,3.434091e-04,2.288953e-04,9.046385e-05,-7.865582e-05,-1.792735e-04,-1.832524e-04,-1.445438e-04,-2.290907e-04,-4.216238e-04,-6.116172e-04,-6.814907e-04,-5.554287e-04,-1.639997e-04,3.783988e-04,8.965915e-04,1.352990e-03,1.814567e-03,5.939181e-04,2.204520e-04,-1.635394e-04,-4.298115e-04,-5.242753e-04,-5.391404e-04,-5.774958e-04,-6.207308e-04,-6.703935e-04,-7.268503e-04,-6.617313e-04,-4.176320e-04,-1.336974e-04,-1.530505e-04,-3.469253e-04,-4.121823e-04,-3.335410e-04,-2.823010e-04,-3.296974e-04,-4.650840e-04,-5.538206e-04,-5.745193e-04,-5.448053e-04,-4.770326e-04,-3.635560e-04,-2.986830e-04,-3.601825e-04,-5.559140e-04,-6.954161e-04,-5.402432e-04,-8.866513e-05,4.693271e-04,1.017789e-03
-4.779256e-05,-7.270544e-05,-5.157543e-04,3.718135e-03,4.136520e-03,4.527554e-03,4.410807e-03,4.516064e-03,4.411926e-03,4.737005e-03,5.151066e-03,5.030795e-03,2.637859e-03,-7.773704e-04,-2.234681e-04,6.406408e-03,1.903909e-02,1.042231e-02,5.643477e-03,2.892468e-03,2.446099e-03,3.989281e-03,4.564572e-03,4.139821e-03,4.110962e-03,4.215156e-03,4.436850e-03,4.584594e-03,4.112317e-03,3.838551e-03,3.765124e-03,3.599828e-03,3.652344e-03,3.835090e-03,3.939961e-03,3.998353e-03,9.249690e-04,7.718259e-04,6.183151e-04,4.712412e-04,3.262011e-04,2.215537e-04,2.156361e-04,2.326362e-04,8.754525e-05,-2.285196e-04,-9.090159e-04,-2.145877e-03,-4.204239e-03,-6.399919e-03,-7.492760e-03,-7.406989e-03,-6.503266e-03,-5.096442e-03,-3.513409e-03,-2.067237e-03,-8.974857e-04,-1.454834e-04,2.106916e-04,4.426489e-04,5.755487e-04,5.823077e-04,4.765206e-04,3.407639e-04,2.302451e-04,1.529522e-04,1.065602e-04,8.492682e-05,5.810294e-05,3.142253e-04,3.725291e-04,4.352755e-04,3.781216e-04,1.312624e-04,-2.336621e-04,-6.520606e-04,-1.139564e-03,-1.697726e-03,-2.348972e-03,-2.936476e-03,-3.332056e-03,-3.168025e-03,-1.843839e-03,1.486380e-04,1.473861e-03,2.062710e-03,2.455904e-03,2.782469e-03,2.837777e-03,2.654464e-03,2.283235e-03,1.800417e-03,1.276779e-03,7.833298e-04,4.100726e-04,2.137167e-04,1.728405e-04,1.988772e-04,2.017610e-04,1.784969e-04,1.208828e-04,6.004269e-05,-3.187110e-04,-2.767285e-04,-2.340826e-04,-1.950070e-04,-1.553074e-04,-1.559604e-04,-2.614439e-04,-4.280951e-04,-5.490701e-04,-6.045975e-04,-6.168436e-04,-5.185938e-04,-2.023017e-04,1.986046e-04,3.837000e-04,3.443395e-04,2.072587e-04,5.067965e-05,-1.089735e-04,-2.778030e-04,-3.673695e-04,-3.548080e-04,-2.957096e-04,-3.674941e-04,-5.525037e-04,-7.350351e-04,-7.974580e-04,-6.631868e-04,-2.639376e-04,2.888861e-04,8.149505e-04,1.275617e-03,1.741919e-03,6.188276e-04,2.362701e-04,-1.575069e-04,-4.256648e-04,-5.138678e-04,-5.191729e-04,-5.380025e-04,-5.531152e-04,-5.714372e-04,-5.969887e-04,-5.357750e-04,-3.488497e-04,-1.403621e-04,-2.024642e-04,-4.171539e-04,-4.421908e-04,-2.921725e-04,-2.024673e-04,-2.529329e-04,-3.946052e-04,-4.949682e-04,-5.304462e-04,-5.141702e-04,-4.576533e-04,-3.511994e-04,-2.899365e-04,-3.534568e-04,-5.522748e-04,-6.934434e-04,-5.314726e-04,-6.200891e-05,5.165005e-04,1.085163e-03
