5.918333e-05,-3.928333e-07,-3.541007e-08,6.773362e-06,2.495661e-06,-1.544153e-06,-3.622482e-06,-6.649346e-06,-8.118157e-06,-8.645664e-06,-8.334762e-06,-4.243938e-06,-1.001583e-06,-7.300183e-07,-1.520599e-06,-4.583475e-06,-7.317555e-06,-1.168450e-05,-1.351493e-05,-1.327510e-05,-1.160259e-05,-7.296176e-06,-4.864744e-06,-2.360505e-06,-9.089212e-07,-7.258468e-07,2.246392e-06,4.223390e-06,4.935102e-06,4.255401e-06,1.143845e-06,-7.033927e-06,-1.406993e-05,-2.089731e-05,-2.737900e-05,-3.378329e-05,-2.287362e-04,-2.288835e-04,-2.290316e-04,-2.288419e-04,-2.283207e-04,-2.276042e-04,-2.266146e-04,-2.250324e-04,-2.229645e-04,-2.207389e-04,-2.184947e-04,-2.167744e-04,-2.154807e-04,-2.147538e-04,-2.150782e-04,-2.158992e-04,-2.169374e-04,-2.180804e-04,-2.188940e-04,-2.193419e-04,-2.195890e-04,-2.195391e-04,-2.189594e-04,-2.180325e-04,-2.171335e-04,-2.162291e-04,-2.155269e-04,-2.148885e-04,-2.137742e-04,-2.122213e-04,-2.106787e-04,-2.091958e-04,-2.076959e-04,-3.414371e-07,-9.250428e-07,-1.509688e-06,-1.756263e-06,-1.684669e-06,-1.423145e-06,-9.945434e-07,-7.430145e-07,-5.696403e-07,-1.773895e-07,5.917142e-07,1.467995e-06,2.256087e-06,3.007702e-06,3.500111e-06,3.378887e-06,2.839151e-06,1.980064e-06,6.048330e-07,-1.093412e-06,-2.730116e-06,-4.136855e-06,-4.914235e-06,-5.107308e-06,-4.932156e-06,-4.252900e-06,-3.051700e-06,-1.042430e-06,1.748134e-06,4.645832e-06,7.506982e-06,1.050672e-05,1.349745e-05,2.719823e-04,2.658930e-04,2.598692e-04,2.530142e-04,2.453121e-04,2.369546e-04,2.278388e-04,2.173465e-04,2.064156e-04,1.962041e-04,1.879902e-04,1.832511e-04,1.816100e-04,1.832649e-04,1.889569e-04,1.972494e-04,2.062395e-04,2.148354e-04,2.213205e-04,2.252130e-04,2.266092e-04,2.252167e-04,2.204249e-04,2.131931e-04,2.049787e-04,1.966253e-04,1.894039e-04,1.835625e-04,1.777002e-04,1.716332e-04,1.664693e-04,1.618008e-04,1.570660e-04,-5.526621e-05,-4.406991e-05,-3.284011e-05,-2.204250e-05,-1.199091e-05,-3.390496e-06,2.765468e-06,6.573127e-06,8.278850e-06,8.914555e-06,9.599907e-06,1.004494e-05,1.040059e-05,1.172439e-05,1.370657e-05,1.500625e-05,1.508122e-05,1.350032e-05,1.038892e-05,6.119872e-06,1.618450e-06,-1.709807e-06,-3.484267e-06,-3.639850e-06,-2.986824e-06,-3.022916e-06,-4.572959e-06,-7.078462e-06,-1.033702e-05,-1.509188e-05,-2.103532e-05,-2.705386e-05,-3.305588e-05
-3.928333e-07,5.356588e-05,-1.540656e-06,-4.125474e-06,-6.430880e-06,-8.502454e-06,-8.626313e-06,-9.787067e-06,-1.061789e-05,-1.045586e-05,-7.835396e-06,-6.199159e-06,-4.992638e-06,-5.716965e-06,-4.524038e-06,-3.842988e-06,-4.394993e-06,-3.388180e-06,-4.437554e-06,-6.350613e-06,-8.007986e-06,-9.789578e-06,-8.920831e-06,-8.252002e-06,-8.667946e-06,-9.971660e-06,-7.344808e-06,-5.311308e-06,-4.962699e-06,-1.926548e-06,1.918789e-06,4.409114e-06,5.933301e-06,7.028541e-06,1.054917e-05,1.410686e-05,-9.642027e-08,-5.596610e-07,-1.021674e-06,-1.153218e-06,-9.491352e-07,-5.082442e-07,1.481543e-07,6.979914e-07,1.215449e-06,1.807081e-06,2.315482e-06,2.340773e-06,2.002220e-06,1.830826e-06,2.027870e-06,2.246082e-06,2.397826e-06,2.559364e-06,2.535230e-06,2.465644e-06,2.597905e-06,2.961441e-06,3.662106e-06,4.385274e-06,4.535801e-06,3.718195e-06,1.537792e-06,-1.819093e-06,-5.965654e-06,-1.083256e-05,-1.614907e-05,-2.148717e-05,-2.681670e-05,-1.929151e-04,-1.943095e-04,-1.957024e-04,-1.967672e-04,-1.975008e-04,-1.980355e-04,-1.983297e-04,-1.980900e-04,-1.974132e-04,-1.963919e-04,-1.949976e-04,-1.935457e-04,-1.927112e-04,-1.926385e-04,-1.927516e-04,-1.928028e-04,-1.928734e-04,-1.929854e-04,-1.928523e-04,-1.925273e-04,-1.921909e-04,-1.917237e-04,-1.910459e-04,-1.904575e-04,-1.905841e-04,-1.917066e-04,-1.931213e-04,-1.945415e-04,-1.957230e-04,-1.966152e-04,-1.970793e-04,-1.971295e-04,-1.971779e-04,-4.418503e-05,-3.540626e-05,-2.660370e-05,-1.809516e-05,-1.013003e-05,-3.257126e-06,1.766717e-06,5.007610e-06,6.659350e-06,7.432868e-06,8.109223e-06,8.517762e-06,8.808541e-06,9.778151e-06,1.123534e-05,1.223141e-05,1.237476e-05,1.134557e-05,9.198463e-06,6.134964e-06,2.789086e-06,1.478909e-07,-1.487758e-06,-2.045781e-06,-2.100904e-06,-2.699172e-06,-4.382329e-06,-6.708258e-06,-9.516955e-06,-1.331006e-05,-1.782456e-05,-2.233247e-05,-2.683484e-05,2.452929e-04,2.390379e-04,2.328334e-04,2.258884e-04,2.185315e-04,2.109276e-04,2.028532e-04,1.936896e-04,1.845399e-04,1.769013e-04,1.710243e-04,1.669210e-04,1.658315e-04,1.677702e-04,1.714854e-04,1.769439e-04,1.841255e-04,1.916515e-04,1.976353e-04,2.014333e-04,2.031661e-04,2.025825e-04,1.988470e-04,1.926593e-04,1.855558e-04,1.786158e-04,1.714434e-04,1.639112e-04,1.569907e-04,1.506834e-04,1.435582e-04,1.357233e-04,1.279413e-04
-3.541007e-08,-1.540656e-06,1.286267e-05,-1.056867e-04,-1.084612e-04,-1.114764e-04,-1.113974e-04,-1.108043e-04,-1.107777e-04,-1.102495e-04,-1.051856e-04,-9.883806e-05,-9.336341e-05,-8.809268e-05,-8.481781e-05,-8.428810e-05,-8.638587e-05,-9.041513e-05,-9.478694e-05,-9.964069e-05,-1.054134e-04,-1.080282e-04,-1.084216e-04,-1.089557e-04,-1.097266e-04,-1.064176e-04,-1.013128e-04,-9.759087e-05,-9.447702e-05,-9.174712e-05,-8.993795e-05,-8.865291e-05,-8.807152e-05,-8.770061e-05,-8.672956e-05,-8.571304e-05,-9.310287e-06,-9.325716e-06,-9.351591e-06,-9.109221e-06,-8.234807e-06,-6.705054e-06,-4.707909e-06,-2.659313e-06,-1.031094e-06,9.306037e-09,5.567613e-07,8.023054e-07,6.858470e-07,2.903923e-07,-4.783371e-07,-1.452490e-06,-2.581351e-06,-3.930968e-06,-5.178493e-06,-5.869170e-06,-5.811267e-06,-4.994800e-06,-3.825731e-06,-2.752048e-06,-1.999711e-06,-1.496219e-06,-1.145870e-06,-8.156768e-07,-6.298220e-07,-4.943207e-07,-4.941607e-07,-5.157972e-07,-5.308414e-07,3.055330e-05,2.595933e-05,2.135510e-05,1.701782e-05,1.331157e-05,1.026166e-05,7.704930e-06,5.808345e-06,4.754517e-06,4.438761e-06,4.443018e-06,4.622872e-06,4.722135e-06,4.702172e-06,4.742318e-06,4.881013e-06,5.405639e-06,6.499553e-06,7.967448e-06,9.475769e-06,1.093730e-05,1.250140e-05,1.381588e-05,1.451807e-05,1.444408e-05,1.378292e-05,1.279990e-05,1.156797e-05,1.029069e-05,9.111370e-06,7.978385e-06,6.981384e-06,5.982222e-06,-4.268332e-06,-1.363616e-06,1.565945e-06,4.244922e-06,6.152410e-06,7.226330e-06,7.445095e-06,7.062048e-06,6.384831e-06,5.045184e-06,2.535657e-06,-1.164643e-06,-5.271686e-06,-8.693881e-06,-1.051816e-05,-1.052142e-05,-8.994537e-06,-6.185604e-06,-2.580375e-06,1.000402e-06,4.194320e-06,6.696422e-06,8.537933e-06,9.954169e-06,1.057603e-05,9.827879e-06,7.120642e-06,2.316124e-06,-3.966747e-06,-1.079816e-05,-1.748120e-05,-2.400421e-05,-3.054208e-05,-1.874096e-05,-1.535834e-05,-1.194988e-05,-8.803302e-06,-6.418641e-06,-4.629810e-06,-3.115238e-06,-2.086865e-06,-2.085424e-06,-3.142480e-06,-4.813765e-06,-6.008705e-06,-5.847455e-06,-4.337429e-06,-2.346283e-06,-9.531454e-07,-6.516831e-07,-1.352311e-06,-2.720354e-06,-4.069126e-06,-5.357295e-06,-6.732623e-06,-7.823970e-06,-7.943449e-06,-6.997693e-06,-5.041220e-06,-2.727046e-06,-1.270970e-06,-1.743833e-06,-4.356370e-06,-8.328258e-06,-1.266322e-05,-1.696360e-05
6.773362e-06,-4.125474e-06,-1.056867e-04,1.117885e-02,6.488720e-03,2.684612e-03,3.260645e-04,-5.308336e-04,-3.856595e-04,1.594829e-04,6.287311e-04,8.577964e-04,9.095438e-04,8.508681e-04,7.372813e-04,6.280488e-04,5.744926e-04,5.984764e-04,6.630325e-04,7.403616e-04,8.329520e-04,8.949196e-04,9.170184e-04,9.234565e-04,9.227688e-04,8.866403e-04,8.371276e-04,8.016204e-04,7.734842e-04,7.500910e-04,7.367260e-04,7.294280e-04,7.289991e-04,7.297778e-04,7.244507e-04,7.187956e-04,-3.512454e-03,-2.940641e-03,-2.366601e-03,-1.818971e-03,-1.344902e-03,-9.452456e-04,-6.096184e-04,-3.395513e-04,-1.419034e-04,-7.283452e-06,7.539018e-05,1.176487e-04,1.321304e-04,1.297707e-04,1.220736e-04,1.110029e-04,9.803045e-05,8.665308e-05,7.612032e-05,6.405904e-05,4.905609e-05,3.075548e-05,1.227274e-05,-2.790113e-06,-1.282479e-05,-1.878135e-05,-2.185517e-05,-2.363917e-05,-2.341775e-05,-2.223945e-05,-1.978488e-05,-1.716822e-05,-1.460327e-05,-1.564041e-03,-1.218218e-03,-8.701638e-04,-5.485020e-04,-3.004891e-04,-1.263324e-04,-1.793352e-05,4.027070e-05,7.084889e-05,8.022697e-05,7.407473e-05,5.851894e-05,4.101560e-05,2.673324e-05,1.581043e-05,9.036039e-06,4.688737e-06,-1.784581e-06,-1.067523e-05,-2.063747e-05,-3.110844e-05,-4.305520e-05,-5.346269e-05,-5.904045e-05,-5.829506e-05,-5.280289e-05,-4.494412e-05,-3.533097e-05,-2.566024e-05,-1.710519e-05,-9.202105e-06,-2.591864e-06,4.039979e-06,1.631366e-04,1.093855e-04,5.516651e-05,5.437795e-06,-3.062545e-05,-5.347935e-05,-6.489778e-05,-6.711485e-05,-6.168752e-05,-4.706903e-05,-2.071551e-05,1.639782e-05,5.674588e-05,9.036663e-05,1.093350e-04,1.122677e-04,1.018424e-04,8.024067e-05,5.150604e-05,2.244507e-05,-3.965809e-06,-2.532654e-05,-4.189095e-05,-5.544579e-05,-6.256569e-05,-5.804779e-05,-3.670952e-05,2.462782e-06,5.411444e-05,1.106662e-04,1.663715e-04,2.208229e-04,2.753865e-04,1.606665e-04,1.051027e-04,4.897533e-05,-1.250876e-06,-3.469384e-05,-5.359649e-05,-6.239406e-05,-6.246183e-05,-5.393290e-05,-3.757116e-05,-1.706550e-05,-1.777993e-06,3.710934e-07,-1.069473e-05,-2.730847e-05,-4.056672e-05,-4.635001e-05,-4.443681e-05,-3.661552e-05,-2.806896e-05,-1.907682e-05,-8.279972e-06,1.501477e-06,4.302525e-06,-1.238085e-06,-1.517685e-05,-3.211154e-05,-4.192363e-05,-3.606624e-05,-1.288942e-05,2.164277e-05,5.939094e-05,9.683839e-05
2.495661e-06,-6.430880e-06,-1.084612e-04,6.488720e-03,4.543083e-03,2.387061e-03,9.380395e-04,3.220787e-04,3.027072e-04,5.396118e-04,7.536671e-04,8.581574e-04,8.769528e-04,8.277027e-04,7.467741e-04,6.786170e-04,6.547770e-04,6.830657e-04,7.362702e-04,7.991279e-04,8.737865e-04,9.185730e-04,9.318237e-04,9.371118e-04,9.403298e-04,9.085378e-04,8.611419e-04,8.266561e-04,7.987985e-04,7.745091e-04,7.591426e-04,7.493865e-04,7.461975e-04,7.445974e-04,7.368453e-04,7.287203e-04,-2.019244e-03,-1.657705e-03,-1.294375e-03,-9.515814e-04,-6.667559e-04,-4.391884e-04,-2.594623e-04,-1.235932e-04,-3.005372e-05,2.957643e-05,6.341962e-05,7.823679e-05,8.090322e-05,7.697276e-05,7.287603e-05,6.878856e-05,6.514277e-05,6.389938e-05,6.323203e-05,5.988223e-05,5.211524e-05,3.951319e-05,2.528568e-05,1.319008e-05,5.108213e-06,3.182264e-07,-2.124764e-06,-3.633314e-06,-3.385960e-06,-2.319951e-06,6.075199e-08,2.623794e-06,5.130022e-06,-1.199246e-03,-9.302635e-04,-6.594858e-04,-4.092395e-04,-2.170029e-04,-8.167683e-05,4.853025e-06,5.251064e-05,7.492515e-05,7.886717e-05,7.141546e-05,5.749806e-05,4.344480e-05,3.278341e-05,2.466282e-05,1.922549e-05,1.424197e-05,6.388752e-06,-3.908543e-06,-1.475901e-05,-2.562274e-05,-3.778770e-05,-4.828072e-05,-5.382732e-05,-5.282189e-05,-4.678256e-05,-3.816770e-05,-2.764314e-05,-1.696855e-05,-7.337023e-06,1.681721e-06,9.376778e-06,1.709168e-05,1.215522e-04,7.426453e-05,2.654597e-05,-1.708079e-05,-4.819822e-05,-6.698984e-05,-7.464117e-05,-7.382306e-05,-6.709430e-05,-5.259567e-05,-2.734898e-05,8.128312e-06,4.669188e-05,7.846661e-05,9.558527e-05,9.668332e-05,8.452833e-05,6.140824e-05,3.150803e-05,1.781930e-06,-2.482208e-05,-4.595571e-05,-6.192634e-05,-7.468436e-05,-8.082503e-05,-7.504992e-05,-5.212324e-05,-1.103908e-05,4.282174e-05,1.017298e-04,1.597024e-04,2.163414e-04,2.731012e-04,1.365423e-04,8.701882e-05,3.698724e-05,-7.892881e-06,-3.810580e-05,-5.593269e-05,-6.565528e-05,-6.751734e-05,-6.000958e-05,-4.414058e-05,-2.408426e-05,-9.338328e-06,-8.034706e-06,-2.020255e-05,-3.787116e-05,-5.178793e-05,-5.767323e-05,-5.545038e-05,-4.702973e-05,-3.782479e-05,-2.818341e-05,-1.674892e-05,-6.382917e-06,-3.213758e-06,-8.640705e-06,-2.266271e-05,-3.965182e-05,-4.925205e-05,-4.274208e-05,-1.836842e-05,1.778434e-05,5.727149e-05,9.644670e-05
-1.544153e-06,-8.502454e-06,-1.114764e-04,2.684612e-03,2.387061e-03,2.166036e-03,1.543987e-03,1.186928e-03,9.945342e-04,9.227341e-04,8.800941e-04,8.599028e-04,8.459311e-04,8.063539e-04,7.583596e-04,7.314822e-04,7.373597e-04,7.697561e-04,8.114078e-04,8.597379e-04,9.164634e-04,9.440275e-04,9.483977e-04,9.525589e-04,9.597561e-04,9.323035e-04,8.869926e-04,8.534925e-04,8.258718e-04,8.006513e-04,7.832435e-04,7.709563e-04,7.649378e-04,7.608952e-04,7.506577e-04,7.400018e-04,-5.086411e-04,-3.600121e-04,-2.100570e-04,-7.478170e-05,1.838856e-05,7.179048e-05,9.383675e-05,9.404066e-05,8.232937e-05,6.613136e-05,5.057302e-05,3.758352e-05,2.822660e-05,2.262960e-05,2.210962e-05,2.504100e-05,3.080414e-05,3.980511e-05,4.912326e-05,5.459775e-05,5.416142e-05,4.732831e-05,3.740856e-05,2.831960e-05,2.221807e-05,1.860995e-05,1.679932e-05,1.555631e-05,1.581658e-05,1.675459e-05,1.904599e-05,2.154020e-05,2.397243e-05,-8.210447e-04,-6.311491e-04,-4.399215e-04,-2.633827e-04,-1.289399e-04,-3.411625e-05,2.919240e-05,6.524127e-05,7.867694e-05,7.661243e-05,6.752281e-05,5.508528e-05,4.445072e-05,3.745271e-05,3.221455e-05,2.819732e-05,2.263611e-05,1.344475e-05,1.771992e-06,-9.940745e-06,-2.117711e-05,-3.355246e-05,-4.412713e-05,-4.963684e-05,-4.836102e-05,-4.175893e-05,-3.236701e-05,-2.090237e-05,-9.189120e-06,1.554854e-06,1.172672e-05,2.054420e-05,2.937972e-05,7.951625e-05,3.893391e-05,-2.039362e-06,-3.932865e-05,-6.530389e-05,-7.988138e-05,-8.365420e-05,-7.973398e-05,-7.167819e-05,-5.729343e-05,-3.314137e-05,7.335715e-07,3.756023e-05,6.753971e-05,8.285194e-05,8.213716e-05,6.824856e-05,4.358014e-05,1.246029e-05,-1.799567e-05,-4.485907e-05,-6.582555e-05,-8.125863e-05,-9.327293e-05,-9.847439e-05,-9.145964e-05,-6.692628e-05,-2.387111e-05,3.228259e-05,9.363556e-05,1.539623e-04,2.128744e-04,2.719162e-04,1.128873e-04,6.951099e-05,2.568676e-05,-1.373033e-05,-4.062529e-05,-5.732939e-05,-6.797140e-05,-7.165257e-05,-6.519605e-05,-4.984219e-05,-3.024953e-05,-1.606647e-05,-1.564233e-05,-2.895016e-05,-4.770461e-05,-6.228822e-05,-6.825403e-05,-6.568296e-05,-5.662281e-05,-4.673243e-05,-3.642465e-05,-2.433780e-05,-1.338377e-05,-9.863909e-06,-1.521481e-05,-2.937924e-05,-4.649648e-05,-5.594903e-05,-4.881694e-05,-2.324210e-05,1.455218e-05,5.580272e-05,9.672976e-05
-3.622482e-06,-8.626313e-06,-1.113974e-04,3.260645e-04,9.380395e-04,1.543987e-03,2.097517e-03,1.945194e-03,1.631926e-03,1.268018e-03,9.848153e-04,8.447600e-04,7.973700e-04,7.639759e-04,7.436672e-04,7.535004e-04,7.875611e-04,8.256576e-04,8.579400e-04,8.925996e-04,9.318273e-04,9.432461e-04,9.395533e-04,9.425517e-04,9.529406e-04,9.298581e-04,8.876668e-04,8.560178e-04,8.292874e-04,8.038394e-04,7.849995e-04,7.706119e-04,7.621129e-04,7.558734e-04,7.436231e-04,7.309280e-04,7.440667e-04,7.213842e-04,6.996447e-04,6.664499e-04,6.016676e-04,5.089079e-04,3.962826e-04,2.790333e-04,1.756774e-04,9.319464e-05,3.443018e-05,-2.702943e-06,-2.233573e-05,-2.913151e-05,-2.640004e-05,-1.740510e-05,-3.659270e-06,1.391842e-05,3.154955e-05,4.439436e-05,5.016924e-05,4.836847e-05,4.232663e-05,3.599898e-05,3.170508e-05,2.915059e-05,2.785475e-05,2.677613e-05,2.694318e-05,2.764501e-05,2.968943e-05,3.194728e-05,3.414087e-05,-6.402643e-04,-4.943687e-04,-3.475231e-04,-2.121463e-04,-1.082716e-04,-3.241447e-05,2.418073e-05,6.077366e-05,7.385224e-05,7.128319e-05,6.337485e-05,5.324290e-05,4.554519e-05,4.109070e-05,3.739899e-05,3.361573e-05,2.672960e-05,1.575871e-05,2.457907e-06,-1.029276e-05,-2.200951e-05,-3.455241e-05,-4.509080e-05,-5.048067e-05,-4.899324e-05,-4.203602e-05,-3.214599e-05,-2.006246e-05,-7.624381e-06,3.941439e-06,1.499472e-05,2.471398e-05,3.444917e-05,4.473997e-05,1.057979e-05,-2.393072e-05,-5.502136e-05,-7.577511e-05,-8.591911e-05,-8.566353e-05,-7.860002e-05,-6.921886e-05,-5.507360e-05,-3.237363e-05,-7.093745e-07,3.368546e-05,6.138483e-05,7.485246e-05,7.273439e-05,5.783820e-05,3.255615e-05,1.196397e-06,-2.916520e-05,-5.567152e-05,-7.609623e-05,-9.085057e-05,-1.021167e-04,-1.065756e-04,-9.887528e-05,-7.377105e-05,-3.026841e-05,2.627709e-05,8.799449e-05,1.486337e-04,2.078350e-04,2.671688e-04,9.812132e-05,5.969544e-05,2.088288e-05,-1.397804e-05,-3.797808e-05,-5.351756e-05,-6.475463e-05,-6.990099e-05,-6.434747e-05,-4.953180e-05,-3.048959e-05,-1.681803e-05,-1.685648e-05,-3.051920e-05,-4.947234e-05,-6.404415e-05,-6.975330e-05,-6.683300e-05,-5.742627e-05,-4.726495e-05,-3.677628e-05,-2.459493e-05,-1.361379e-05,-1.010701e-05,-1.548461e-05,-2.964713e-05,-4.670831e-05,-5.607762e-05,-4.885263e-05,-2.315026e-05,1.480437e-05,5.621522e-05,9.730231e-05
-6.649346e-06,-9.787067e-06,-1.108043e-04,-5.308336e-04,3.220787e-04,1.186928e-03,1.945194e-03,2.491569e-03,2.118783e-03,1.582896e-03,1.099125e-03,8.424103e-04,7.443563e-04,7.042680e-04,7.037648e-04,7.463042e-04,8.105659e-04,8.627978e-04,8.941936e-04,9.191630e-04,9.439491e-04,9.424338e-04,9.325602e-04,9.344070e-04,9.458251e-04,9.245273e-04,8.839608e-04,8.536132e-04,8.275329e-04,8.018035e-04,7.820369e-04,7.667945e-04,7.574431e-04,7.505235e-04,7.376134e-04,7.242469e-04,1.462052e-03,1.333323e-03,1.205206e-03,1.068638e-03,9.094228e-04,7.309595e-04,5.401508e-04,3.560520e-04,2.035050e-04,8.827927e-05,1.071692e-05,-3.408482e-05,-5.359614e-05,-5.575528e-05,-4.699268e-05,-3.165466e-05,-1.162168e-05,1.165373e-05,3.409091e-05,5.057716e-05,5.895723e-05,5.901464e-05,5.420383e-05,4.858830e-05,4.463353e-05,4.216931e-05,4.085332e-05,3.970329e-05,3.972550e-05,4.024825e-05,4.212284e-05,4.421636e-05,4.624430e-05,-7.776497e-04,-6.328685e-04,-4.874671e-04,-3.505343e-04,-2.361122e-04,-1.412023e-04,-5.745297e-05,9.114000e-06,4.703028e-05,6.341391e-05,6.964668e-05,6.939001e-05,6.787283e-05,6.629052e-05,6.271072e-05,5.710074e-05,4.702127e-05,3.229341e-05,1.525920e-05,-6.473437e-07,-1.480337e-05,-2.907124e-05,-4.072150e-05,-4.674113e-05,-4.549031e-05,-3.848739e-05,-2.836027e-05,-1.593218e-05,-3.107013e-06,8.884149e-06,2.038356e-05,3.054680e-05,4.072535e-05,1.621654e-05,-1.335833e-05,-4.324628e-05,-6.997869e-05,-8.729322e-05,-9.464220e-05,-9.182426e-05,-8.274515e-05,-7.264090e-05,-5.884471e-05,-3.729392e-05,-7.317895e-06,2.521006e-05,5.113147e-05,6.311841e-05,5.989120e-05,4.425617e-05,1.859896e-05,-1.277777e-05,-4.284943e-05,-6.885139e-05,-8.865282e-05,-1.026837e-04,-1.131871e-04,-1.169310e-04,-1.086138e-04,-8.307004e-05,-3.932356e-05,1.738045e-05,7.924244e-05,1.399893e-04,1.992766e-04,2.586995e-04,8.678497e-05,5.174744e-05,1.637819e-05,-1.549140e-05,-3.802863e-05,-5.354567e-05,-6.613502e-05,-7.318623e-05,-6.884956e-05,-5.464742e-05,-3.589792e-05,-2.224957e-05,-2.212844e-05,-3.554765e-05,-5.421811e-05,-6.851779e-05,-7.398361e-05,-7.085096e-05,-6.124816e-05,-5.092552e-05,-4.034018e-05,-2.815866e-05,-1.722153e-05,-1.375878e-05,-1.915063e-05,-3.323094e-05,-5.008505e-05,-5.920340e-05,-5.176438e-05,-2.586281e-05,1.231591e-05,5.395483e-05,9.526949e-05
-8.118157e-06,-1.061789e-05,-1.107777e-04,-3.856595e-04,3.027072e-04,9.945342e-04,1.631926e-03,2.118783e-03,2.348924e-03,1.803140e-03,1.274814e-03,9.292464e-04,7.600186e-04,6.762939e-04,6.609343e-04,7.098805e-04,7.918890e-04,8.615995e-04,9.027840e-04,9.287269e-04,9.513199e-04,9.480351e-04,9.372605e-04,9.383143e-04,9.482173e-04,9.254555e-04,8.843717e-04,8.541861e-04,8.280723e-04,8.019133e-04,7.818176e-04,7.667774e-04,7.578911e-04,7.513659e-04,7.386943e-04,7.255734e-04,1.587360e-03,1.423883e-03,1.260743e-03,1.092042e-03,9.091222e-04,7.143579e-04,5.120473e-04,3.219186e-04,1.713200e-04,6.334295e-05,-5.064302e-06,-4.060132e-05,-5.149109e-05,-4.644336e-05,-3.257645e-05,-1.438056e-05,6.675264e-06,2.972627e-05,5.109573e-05,6.590530e-05,7.230866e-05,7.040618e-05,6.379531e-05,5.666638e-05,5.153688e-05,4.822371e-05,4.636970e-05,4.490053e-05,4.472804e-05,4.512966e-05,4.690490e-05,4.889729e-05,5.082422e-05,-9.363706e-04,-7.835718e-04,-6.304281e-04,-4.828677e-04,-3.493575e-04,-2.281224e-04,-1.127624e-04,-1.404060e-05,4.982958e-05,8.399111e-05,1.001206e-04,1.038210e-04,1.021796e-04,9.780082e-05,8.984520e-05,7.960074e-05,6.537345e-05,4.677277e-05,2.617127e-05,7.183170e-06,-9.467798e-06,-2.552405e-05,-3.831021e-05,-4.488316e-05,-4.374500e-05,-3.662909e-05,-2.628399e-05,-1.361362e-05,-5.934497e-07,1.154499e-05,2.316081e-05,3.341527e-05,4.368628e-05,2.452857e-06,-2.421879e-05,-5.116952e-05,-7.525266e-05,-9.086633e-05,-9.723544e-05,-9.374391e-05,-8.436333e-05,-7.469925e-05,-6.175031e-05,-4.108939e-05,-1.190709e-05,1.995601e-05,4.534922e-05,5.695530e-05,5.352615e-05,3.784711e-05,1.224923e-05,-1.898309e-05,-4.883863e-05,-7.459006e-05,-9.413996e-05,-1.079111e-04,-1.181703e-04,-1.217044e-04,-1.132031e-04,-8.751335e-05,-4.365837e-05,1.315784e-05,7.515157e-05,1.360216e-04,1.954211e-04,2.549575e-04,7.937620e-05,4.700620e-05,1.435071e-05,-1.525472e-05,-3.698098e-05,-5.300246e-05,-6.717180e-05,-7.618621e-05,-7.317074e-05,-5.950804e-05,-4.063340e-05,-2.648201e-05,-2.573732e-05,-3.858381e-05,-5.679281e-05,-7.082611e-05,-7.624213e-05,-7.314379e-05,-6.357546e-05,-5.327507e-05,-4.271540e-05,-3.058965e-05,-1.971641e-05,-1.632699e-05,-2.178887e-05,-3.589290e-05,-5.269309e-05,-6.169612e-05,-5.410423e-05,-2.800273e-05,1.042761e-05,5.233447e-05,9.391557e-05
-8.645664e-06,-1.045586e-05,-1.102495e-04,1.594829e-04,5.396118e-04,9.227341e-04,1.268018e-03,1.582896e-03,1.803140e-03,1.968318e-03,1.539879e-03,1.200656e-03,9.259586e-04,7.322814e-04,6.292202e-04,6.277113e-04,6.952201e-04,7.783530e-04,8.421335e-04,8.879569e-04,9.319751e-04,9.480895e-04,9.458857e-04,9.465757e-04,9.518868e-04,9.245744e-04,8.809750e-04,8.496876e-04,8.228310e-04,7.964457e-04,7.771033e-04,7.635884e-04,7.563066e-04,7.508441e-04,7.389514e-04,7.266421e-04,1.063632e-03,9.513806e-04,8.392798e-04,7.238373e-04,6.004179e-04,4.695893e-04,3.325229e-04,2.061271e-04,1.151679e-04,5.826871e-05,2.787256e-05,1.640803e-05,1.813975e-05,2.725054e-05,3.939870e-05,5.130540e-05,6.298717e-05,7.565076e-05,8.691664e-05,9.282128e-05,9.176629e-05,8.373592e-05,7.227199e-05,6.155432e-05,5.394494e-05,4.905526e-05,4.630402e-05,4.437081e-05,4.400270e-05,4.434640e-05,4.606696e-05,4.799354e-05,4.985678e-05,-7.330249e-04,-5.976529e-04,-4.621224e-04,-3.299566e-04,-2.056064e-04,-8.914706e-05,2.279322e-05,1.166838e-04,1.711742e-04,1.897892e-04,1.844403e-04,1.646524e-04,1.411794e-04,1.185119e-04,9.650516e-05,7.729505e-05,5.912648e-05,3.937759e-05,1.905827e-05,7.652266e-07,-1.510557e-05,-3.026503e-05,-4.210853e-05,-4.767496e-05,-4.560166e-05,-3.781230e-05,-2.707188e-05,-1.427452e-05,-1.367735e-06,1.049744e-05,2.174660e-05,3.159701e-05,4.146754e-05,2.024904e-06,-2.359078e-05,-4.945677e-05,-7.273552e-05,-8.843533e-05,-9.565176e-05,-9.350279e-05,-8.574876e-05,-7.783354e-05,-6.632167e-05,-4.635067e-05,-1.709048e-05,1.534086e-05,4.153890e-05,5.398582e-05,5.143175e-05,3.660737e-05,1.171018e-05,-1.902731e-05,-4.863659e-05,-7.435695e-05,-9.400907e-05,-1.079469e-04,-1.184068e-04,-1.221795e-04,-1.139634e-04,-8.862389e-05,-4.517894e-05,1.120087e-05,7.276077e-05,1.332132e-04,1.922042e-04,2.513313e-04,7.833152e-05,4.730105e-05,1.601849e-05,-1.258743e-05,-3.441818e-05,-5.136722e-05,-6.682178e-05,-7.708041e-05,-7.478634e-05,-6.108690e-05,-4.138964e-05,-2.611224e-05,-2.434317e-05,-3.644951e-05,-5.426360e-05,-6.836352e-05,-7.430274e-05,-7.186103e-05,-6.288807e-05,-5.298470e-05,-4.263788e-05,-3.062414e-05,-1.979843e-05,-1.640881e-05,-2.181173e-05,-3.577634e-05,-5.239033e-05,-6.122481e-05,-5.352573e-05,-2.738509e-05,1.103862e-05,5.292489e-05,9.448663e-05
-8.334762e-06,-7.835396e-06,-1.051856e-04,6.287311e-04,7.536671e-04,8.800941e-04,9.848153e-04,1.099125e-03,1.274814e-03,1.539879e-03,1.854010e-03,1.571550e-03,1.228442e-03,8.720123e-04,6.146066e-04,5.020873e-04,5.174432e-04,6.020694e-04,6.935244e-04,7.723661e-04,8.546534e-04,9.050793e-04,9.181465e-04,9.187789e-04,9.181977e-04,8.866649e-04,8.415855e-04,8.095983e-04,7.824479e-04,7.570235e-04,7.398531e-04,7.289044e-04,7.236487e-04,7.193257e-04,7.085971e-04,6.975104e-04,3.732804e-04,3.466406e-04,3.200623e-04,2.915461e-04,2.588396e-04,2.202109e-04,1.735374e-04,1.324650e-04,1.172572e-04,1.213840e-04,1.315575e-04,1.399689e-04,1.453032e-04,1.474127e-04,1.469420e-04,1.423015e-04,1.352800e-04,1.296324e-04,1.246008e-04,1.175022e-04,1.067124e-04,9.148872e-05,7.490315e-05,6.075970e-05,5.098447e-05,4.487191e-05,4.150041e-05,3.930820e-05,3.886400e-05,3.920495e-05,4.083730e-05,4.265327e-05,4.441130e-05,-3.967606e-04,-2.806780e-04,-1.645285e-04,-5.033419e-05,5.978926e-05,1.635835e-04,2.606943e-04,3.343706e-04,3.613380e-04,3.433879e-04,2.939294e-04,2.294694e-04,1.672609e-04,1.146730e-04,7.186919e-05,4.127628e-05,2.038724e-05,3.049095e-06,-1.221544e-05,-2.500335e-05,-3.576149e-05,-4.637902e-05,-5.448029e-05,-5.715423e-05,-5.317550e-05,-4.446035e-05,-3.352684e-05,-2.111284e-05,-8.944383e-06,2.025324e-06,1.229834e-05,2.120253e-05,3.013043e-05,6.893171e-06,-1.791471e-05,-4.294485e-05,-6.569566e-05,-8.179912e-05,-9.027214e-05,-9.007807e-05,-8.470749e-05,-7.912816e-05,-6.955495e-05,-5.071030e-05,-2.182695e-05,1.078093e-05,3.763560e-05,5.117255e-05,5.018135e-05,3.722202e-05,1.423722e-05,-1.476341e-05,-4.314006e-05,-6.813238e-05,-8.744764e-05,-1.013133e-04,-1.118189e-04,-1.158975e-04,-1.085117e-04,-8.476935e-05,-4.371303e-05,9.717425e-06,6.809076e-05,1.254073e-04,1.813381e-04,2.373980e-04,8.864206e-05,5.802984e-05,2.719594e-05,-1.343646e-06,-2.409869e-05,-4.258924e-05,-5.954938e-05,-7.092267e-05,-6.924890e-05,-5.529027e-05,-3.437874e-05,-1.741601e-05,-1.385355e-05,-2.428875e-05,-4.087811e-05,-5.462824e-05,-6.118460e-05,-5.989832e-05,-5.229549e-05,-4.351837e-05,-3.402462e-05,-2.274460e-05,-1.252135e-05,-9.378128e-06,-1.458276e-05,-2.789650e-05,-4.373307e-05,-5.217156e-05,-4.483121e-05,-1.989334e-05,1.672051e-05,5.660921e-05,9.619040e-05
-4.243938e-06,-6.199159e-06,-9.883806e-05,8.577964e-04,8.581574e-04,8.599028e-04,8.447600e-04,8.424103e-04,9.292464e-04,1.200656e-03,1.571550e-03,1.950407e-03,1.601296e-03,1.152681e-03,7.132935e-04,4.386774e-04,3.480268e-04,3.991936e-04,5.049929e-04,6.205691e-04,7.497134e-04,8.403990e-04,8.714780e-04,8.736769e-04,8.700279e-04,8.374392e-04,7.920044e-04,7.587959e-04,7.312454e-04,7.075402e-04,6.932494e-04,6.846443e-04,6.807704e-04,6.771503e-04,6.674494e-04,6.574359e-04,-1.124980e-04,-5.494036e-05,2.677131e-06,5.884730e-05,1.120220e-04,1.579494e-04,1.912830e-04,2.201773e-04,2.580956e-04,2.952755e-04,3.153692e-04,3.133902e-04,2.943328e-04,2.662478e-04,2.364648e-04,2.046626e-04,1.731764e-04,1.468803e-04,1.256738e-04,1.076003e-04,9.025976e-05,7.141722e-05,5.325189e-05,3.882810e-05,2.946932e-05,2.416258e-05,2.165082e-05,2.029618e-05,2.065642e-05,2.176257e-05,2.403803e-05,2.647703e-05,2.886364e-05,-1.698993e-04,-6.228411e-05,4.539396e-05,1.516151e-04,2.549116e-04,3.506766e-04,4.347420e-04,4.892608e-04,4.914259e-04,4.391492e-04,3.468690e-04,2.396519e-04,1.423697e-04,6.573227e-05,9.386096e-06,-2.527005e-05,-4.210341e-05,-5.037253e-05,-5.414200e-05,-5.568619e-05,-5.656776e-05,-5.917446e-05,-6.133494e-05,-6.010539e-05,-5.412306e-05,-4.483218e-05,-3.426237e-05,-2.283511e-05,-1.190184e-05,-2.215354e-06,6.751491e-06,1.443134e-05,2.213527e-05,3.418012e-05,8.134756e-06,-1.810913e-05,-4.236326e-05,-6.074992e-05,-7.221163e-05,-7.560478e-05,-7.384054e-05,-7.097090e-05,-6.308470e-05,-4.477961e-05,-1.557461e-05,1.791853e-05,4.603149e-05,6.115329e-05,6.214230e-05,5.139940e-05,3.068560e-05,3.737438e-06,-2.321973e-05,-4.742033e-05,-6.647633e-05,-8.052832e-05,-9.144060e-05,-9.624054e-05,-9.016890e-05,-6.856439e-05,-3.052409e-05,1.919439e-05,7.356532e-05,1.270064e-04,1.791811e-04,2.314727e-04,9.269096e-05,6.269620e-05,3.249972e-05,4.318291e-06,-1.876240e-05,-3.792032e-05,-5.527381e-05,-6.679892e-05,-6.540524e-05,-5.106939e-05,-2.878166e-05,-1.001791e-05,-4.655380e-06,-1.350545e-05,-2.901086e-05,-4.261881e-05,-5.008712e-05,-5.043320e-05,-4.481772e-05,-3.777788e-05,-2.965946e-05,-1.943678e-05,-9.881217e-06,-6.745865e-06,-1.131175e-05,-2.350228e-05,-3.818661e-05,-4.603469e-05,-3.914776e-05,-1.585392e-05,1.829562e-05,5.549603e-05,9.241008e-05
-1.001583e-06,-4.992638e-06,-9.336341e-05,9.095438e-04,8.769528e-04,8.459311e-04,7.973700e-04,7.443563e-04,7.600186e-04,9.259586e-04,1.228442e-03,1.601296e-03,1.904908e-03,1.476389e-03,9.691706e-04,5.347527e-04,2.977843e-04,2.608268e-04,3.425807e-04,4.790456e-04,6.465079e-04,7.698317e-04,8.167409e-04,8.232201e-04,8.214936e-04,7.915278e-04,7.463463e-04,7.112166e-04,6.835364e-04,6.627644e-04,6.523974e-04,6.465239e-04,6.442118e-04,6.419863e-04,6.342947e-04,6.263006e-04,-4.030542e-04,-2.813525e-04,-1.595581e-04,-3.930650e-05,7.757775e-05,1.854921e-04,2.777188e-04,3.566285e-04,4.278563e-04,4.788312e-04,4.907384e-04,4.610615e-04,4.028808e-04,3.341055e-04,2.702309e-04,2.123788e-04,1.618048e-04,1.222220e-04,9.276586e-05,7.141730e-05,5.454114e-05,3.821467e-05,2.361163e-05,1.293819e-05,6.979760e-06,4.539979e-06,4.190357e-06,4.481169e-06,6.156044e-06,8.373766e-06,1.163048e-05,1.504359e-05,1.840724e-05,1.410526e-05,9.422575e-05,1.744394e-04,2.531102e-04,3.284369e-04,3.946613e-04,4.455409e-04,4.658343e-04,4.374427e-04,3.581373e-04,2.419487e-04,1.178604e-04,1.396425e-05,-5.890652e-05,-1.036712e-04,-1.227115e-04,-1.220649e-04,-1.117871e-04,-9.726832e-05,-8.276106e-05,-7.058951e-05,-6.356672e-05,-5.944783e-05,-5.501725e-05,-4.834929e-05,-3.991879e-05,-3.110492e-05,-2.192936e-05,-1.330028e-05,-5.807847e-06,1.036558e-06,6.712027e-06,1.240854e-05,5.751659e-05,3.017989e-05,2.660597e-06,-2.306560e-05,-4.345761e-05,-5.753708e-05,-6.427229e-05,-6.592669e-05,-6.550307e-05,-5.895413e-05,-4.073371e-05,-1.054351e-05,2.450733e-05,5.430742e-05,7.095202e-05,7.331707e-05,6.385512e-05,4.441556e-05,1.864654e-05,-7.547423e-06,-3.137956e-05,-5.038398e-05,-6.464159e-05,-7.583556e-05,-8.109997e-05,-7.594267e-05,-5.592884e-05,-2.023441e-05,2.653190e-05,7.769522e-05,1.280242e-04,1.771820e-04,2.264471e-04,9.074833e-05,6.163220e-05,3.232211e-05,4.912555e-06,-1.759673e-05,-3.606174e-05,-5.208624e-05,-6.207846e-05,-5.983055e-05,-4.504341e-05,-2.228387e-05,-3.143409e-06,2.454464e-06,-6.260683e-06,-2.182108e-05,-3.574875e-05,-4.385409e-05,-4.521968e-05,-4.088651e-05,-3.493163e-05,-2.762426e-05,-1.796232e-05,-8.658669e-06,-5.228629e-06,-8.990098e-06,-2.004271e-05,-3.363577e-05,-4.093344e-05,-3.444827e-05,-1.261125e-05,1.936734e-05,5.419973e-05,8.876425e-05
-7.300183e-07,-5.716965e-06,-8.809268e-05,8.508681e-04,8.277027e-04,8.063539e-04,7.639759e-04,7.042680e-04,6.762939e-04,7.322814e-04,8.720123e-04,1.152681e-03,1.476389e-03,1.740721e-03,1.298979e-03,8.300497e-04,4.493388e-04,2.774121e-04,2.780401e-04,3.946803e-04,5.649945e-04,6.929235e-04,7.446995e-04,7.572423e-04,7.638258e-04,7.419449e-04,6.998832e-04,6.645608e-04,6.386445e-04,6.219959e-04,6.152630e-04,6.110072e-04,6.089717e-04,6.074953e-04,6.013928e-04,5.949574e-04,-5.064534e-04,-3.663064e-04,-2.260439e-04,-8.767472e-05,4.639479e-05,1.711323e-04,2.811446e-04,3.753096e-04,4.539541e-04,5.036990e-04,5.053481e-04,4.538158e-04,3.674856e-04,2.726904e-04,1.916063e-04,1.272326e-04,7.840679e-05,4.523106e-05,2.475853e-05,1.416180e-05,8.687956e-06,3.334788e-06,-1.427011e-06,-4.037319e-06,-3.879912e-06,-1.988635e-06,4.485455e-07,2.528231e-06,5.335062e-06,8.322413e-06,1.223124e-05,1.630486e-05,2.032859e-05,1.893564e-04,2.153630e-04,2.414834e-04,2.657197e-04,2.856455e-04,2.962435e-04,2.919518e-04,2.629406e-04,1.983923e-04,9.929686e-05,-1.890508e-05,-1.279481e-04,-2.025670e-04,-2.372547e-04,-2.407364e-04,-2.228292e-04,-1.928228e-04,-1.579549e-04,-1.227220e-04,-9.161693e-05,-6.690090e-05,-5.143135e-05,-4.260118e-05,-3.678067e-05,-3.117173e-05,-2.498406e-05,-1.895615e-05,-1.275803e-05,-6.905966e-06,-1.906234e-06,2.611093e-06,6.100763e-06,9.604822e-06,6.121029e-05,3.411588e-05,6.847931e-06,-1.871117e-05,-3.921775e-05,-5.388634e-05,-6.196587e-05,-6.520826e-05,-6.584380e-05,-5.994492e-05,-4.213904e-05,-1.172512e-05,2.400540e-05,5.451224e-05,7.159285e-05,7.403903e-05,6.452664e-05,4.526853e-05,1.999498e-05,-5.654943e-06,-2.895781e-05,-4.750737e-05,-6.137296e-05,-7.213681e-05,-7.710934e-05,-7.207810e-05,-5.288779e-05,-1.883182e-05,2.569315e-05,7.438452e-05,1.222905e-04,1.690849e-04,2.159813e-04,7.380863e-05,4.709345e-05,2.018515e-05,-4.792831e-06,-2.472914e-05,-4.025375e-05,-5.266298e-05,-5.905847e-05,-5.445088e-05,-3.891745e-05,-1.700145e-05,1.929127e-07,3.346236e-06,-7.716388e-06,-2.526165e-05,-4.040997e-05,-4.894301e-05,-5.055000e-05,-4.648260e-05,-4.061566e-05,-3.325418e-05,-2.346533e-05,-1.387303e-05,-9.744538e-06,-1.243971e-05,-2.219147e-05,-3.452249e-05,-4.106226e-05,-3.474379e-05,-1.404259e-05,1.619948e-05,4.913209e-05,8.181214e-05
-1.520599e-06,-4.524038e-06,-8.481781e-05,7.372813e-04,7.467741e-04,7.583596e-04,7.436672e-04,7.037648e-04,6.609343e-04,6.292202e-04,6.146066e-04,7.132935e-04,9.691706e-04,1.298979e-03,1.606651e-03,1.241075e-03,8.474175e-04,5.401300e-04,4.147737e-04,4.511402e-04,5.578837e-04,6.355874e-04,6.672993e-04,6.837840e-04,7.068750e-04,7.023757e-04,6.709010e-04,6.407603e-04,6.191272e-04,6.054401e-04,5.978117e-04,5.891432e-04,5.811652e-04,5.750249e-04,5.654437e-04,5.554444e-04,-3.724405e-04,-2.696076e-04,-1.666447e-04,-6.608122e-05,2.892876e-05,1.148158e-04,1.886919e-04,2.481605e-04,2.908944e-04,3.064966e-04,2.805914e-04,2.098289e-04,1.130308e-04,1.882130e-05,-5.007207e-05,-9.007670e-05,-1.061338e-04,-1.042850e-04,-9.103947e-05,-7.130310e-05,-5.064946e-05,-3.415472e-05,-2.142080e-05,-1.106319e-05,-2.049456e-06,5.289601e-06,1.057430e-05,1.385601e-05,1.676439e-05,1.926032e-05,2.256970e-05,2.607268e-05,2.952105e-05,2.263856e-04,2.092659e-04,1.922731e-04,1.728965e-04,1.479422e-04,1.139489e-04,6.746910e-05,4.239613e-06,-7.945302e-05,-1.810313e-04,-2.851304e-04,-3.651029e-04,-3.976444e-04,-3.827314e-04,-3.377075e-04,-2.819652e-04,-2.287023e-04,-1.786874e-04,-1.331181e-04,-9.447224e-05,-6.432508e-05,-4.559904e-05,-3.541359e-05,-3.005579e-05,-2.605117e-05,-2.158606e-05,-1.700432e-05,-1.182238e-05,-6.394572e-06,-1.314241e-06,3.584795e-06,7.633460e-06,1.168536e-05,5.225004e-05,2.637160e-05,3.220460e-07,-2.401000e-05,-4.329063e-05,-5.689530e-05,-6.434729e-05,-6.702065e-05,-6.659608e-05,-5.952194e-05,-4.102750e-05,-1.053121e-05,2.490927e-05,5.477801e-05,7.094130e-05,7.200682e-05,6.092364e-05,4.046071e-05,1.456737e-05,-1.119096e-05,-3.418665e-05,-5.217715e-05,-6.530968e-05,-7.516074e-05,-7.924459e-05,-7.362072e-05,-5.438996e-05,-2.093177e-05,2.253490e-05,6.994556e-05,1.165236e-04,1.620066e-04,2.075908e-04,6.681303e-05,4.218748e-05,1.736816e-05,-5.443775e-06,-2.292278e-05,-3.562464e-05,-4.482093e-05,-4.833671e-05,-4.227378e-05,-2.684023e-05,-6.411208e-06,8.358805e-06,8.467921e-06,-5.746886e-06,-2.583453e-05,-4.201508e-05,-4.984615e-05,-5.017139e-05,-4.487395e-05,-3.803209e-05,-3.000480e-05,-1.984164e-05,-1.007100e-05,-5.690898e-06,-8.011634e-06,-1.729503e-05,-2.920736e-05,-3.566652e-05,-2.983719e-05,-1.020179e-05,1.858379e-05,4.993062e-05,8.103649e-05
-4.583475e-06,-3.842988e-06,-8.428810e-05,6.280488e-04,6.786170e-04,7.314822e-04,7.535004e-04,7.463042e-04,7.098805e-04,6.277113e-04,5.020873e-04,4.386774e-04,5.347527e-04,8.300497e-04,1.241075e-03,1.640710e-03,1.359193e-03,1.034929e-03,7.845786e-04,6.925282e-04,6.603812e-04,6.227275e-04,6.028101e-04,6.175444e-04,6.627889e-04,6.835673e-04,6.694969e-04,6.491079e-04,6.320025e-04,6.171516e-04,6.022520e-04,5.830689e-04,5.639963e-04,5.491000e-04,5.321110e-04,5.145581e-04,-4.892155e-05,-1.390265e-05,2.125416e-05,5.356946e-05,7.928107e-05,9.629042e-05,1.040030e-04,9.984620e-05,8.045395e-05,3.969852e-05,-3.106764e-05,-1.315486e-04,-2.394769e-04,-3.256657e-04,-3.697034e-04,-3.698634e-04,-3.363877e-04,-2.831833e-04,-2.217049e-04,-1.607312e-04,-1.063887e-04,-6.272378e-05,-2.891537e-05,-3.414424e-06,1.564937e-05,2.900664e-05,3.740627e-05,4.194618e-05,4.483619e-05,4.664693e-05,4.923124e-05,5.206036e-05,5.482504e-05,7.416797e-05,5.374056e-05,3.344768e-05,1.033184e-05,-1.940907e-05,-5.774022e-05,-1.059454e-04,-1.639299e-04,-2.302207e-04,-3.017382e-04,-3.665746e-04,-4.046550e-04,-3.981180e-04,-3.474585e-04,-2.753485e-04,-2.080696e-04,-1.601059e-04,-1.233454e-04,-9.354795e-05,-6.865539e-05,-4.915986e-05,-3.840296e-05,-3.383129e-05,-3.250236e-05,-3.100566e-05,-2.733908e-05,-2.201043e-05,-1.479178e-05,-6.309227e-06,2.539224e-06,1.163639e-05,2.006164e-05,2.847487e-05,3.192679e-05,7.107312e-06,-1.788944e-05,-4.106732e-05,-5.896519e-05,-7.103963e-05,-7.696740e-05,-7.784892e-05,-7.505320e-05,-6.544917e-05,-4.484903e-05,-1.303509e-05,2.266744e-05,5.170973e-05,6.608736e-05,6.443745e-05,5.019670e-05,2.688737e-05,-1.090805e-06,-2.790335e-05,-5.104741e-05,-6.857368e-05,-8.077946e-05,-8.935664e-05,-9.202170e-05,-8.502516e-05,-6.465299e-05,-3.034418e-05,1.380170e-05,6.178190e-05,1.088044e-04,1.546886e-04,2.006799e-04,6.496310e-05,4.134651e-05,1.753141e-05,-4.161638e-06,-2.019666e-05,-3.118525e-05,-3.854148e-05,-4.070656e-05,-3.460754e-05,-2.059505e-05,-2.675443e-06,9.379334e-06,7.197074e-06,-9.159537e-06,-3.067796e-05,-4.660332e-05,-5.232042e-05,-4.994759e-05,-4.216251e-05,-3.363500e-05,-2.474931e-05,-1.437763e-05,-4.855841e-06,-9.158732e-07,-3.747671e-06,-1.351697e-05,-2.584020e-05,-3.269987e-05,-2.730461e-05,-8.107383e-06,2.022489e-05,5.108557e-05,8.170784e-05
-7.317555e-06,-4.394993e-06,-8.638587e-05,5.744926e-04,6.547770e-04,7.373597e-04,7.875611e-04,8.105659e-04,7.918890e-04,6.952201e-04,5.174432e-04,3.480268e-04,2.977843e-04,4.493388e-04,8.474175e-04,1.359193e-03,1.843470e-03,1.608780e-03,1.331735e-03,1.089462e-03,8.677138e-04,6.675251e-04,5.735249e-04,5.805371e-04,6.446995e-04,6.870163e-04,6.881812e-04,6.761912e-04,6.608619e-04,6.414381e-04,6.177865e-04,5.897407e-04,5.639773e-04,5.455584e-04,5.262244e-04,5.061723e-04,2.953406e-04,2.649037e-04,2.345985e-04,2.013027e-04,1.610696e-04,1.132034e-04,5.903682e-05,-3.336112e-06,-7.696402e-05,-1.643534e-04,-2.695702e-04,-3.915247e-04,-5.073791e-04,-5.890264e-04,-6.151720e-04,-5.838648e-04,-5.104659e-04,-4.152893e-04,-3.145304e-04,-2.220018e-04,-1.436574e-04,-8.107408e-05,-3.269019e-05,3.262503e-06,2.940302e-05,4.730271e-05,5.853803e-05,6.481098e-05,6.867741e-05,7.111586e-05,7.440439e-05,7.798908e-05,8.149931e-05,-1.717356e-04,-1.661924e-04,-1.605207e-04,-1.578210e-04,-1.620698e-04,-1.738433e-04,-1.924668e-04,-2.148043e-04,-2.361523e-04,-2.526593e-04,-2.567191e-04,-2.375440e-04,-1.859823e-04,-1.081035e-04,-2.827070e-05,2.543472e-05,4.146243e-05,3.713265e-05,2.375784e-05,1.088514e-05,9.329465e-08,-1.192801e-05,-2.333441e-05,-3.267499e-05,-3.743406e-05,-3.643729e-05,-3.099761e-05,-2.159070e-05,-9.595202e-06,3.541368e-06,1.739901e-05,3.072998e-05,4.403348e-05,1.478508e-05,-9.468838e-06,-3.390965e-05,-5.640797e-05,-7.331337e-05,-8.412727e-05,-8.860735e-05,-8.776849e-05,-8.293743e-05,-7.128375e-05,-4.901058e-05,-1.592872e-05,2.051949e-05,4.968207e-05,6.312195e-05,5.924904e-05,4.205783e-05,1.573703e-05,-1.476991e-05,-4.299839e-05,-6.657331e-05,-8.395066e-05,-9.559417e-05,-1.033275e-04,-1.049417e-04,-9.669393e-05,-7.488072e-05,-3.895023e-05,6.984269e-06,5.679734e-05,1.055366e-04,1.530702e-04,2.007184e-04,6.108607e-05,3.827548e-05,1.525872e-05,-5.519103e-06,-2.034868e-05,-3.000736e-05,-3.616829e-05,-3.771382e-05,-3.210242e-05,-2.001941e-05,-5.237685e-06,3.385586e-06,-1.695401e-06,-1.988982e-05,-4.189275e-05,-5.638076e-05,-5.890779e-05,-5.270000e-05,-4.129213e-05,-3.036959e-05,-2.035576e-05,-9.838325e-06,-8.635556e-07,2.084833e-06,-2.020088e-06,-1.316184e-05,-2.672880e-05,-3.451467e-05,-2.958567e-05,-1.036054e-05,1.831666e-05,4.959367e-05,8.062541e-05
