4.698752e-04,-9.283134e-06,1.312597e-06,-1.512611e-05,-1.453619e-05,-1.388622e-05,-1.457254e-05,-1.420700e-05,-1.492330e-05,-6.616529e-06,-5.350661e-07,4.285986e-06,9.217608e-06,6.414676e-07,-2.176197e-06,-5.775207e-06,-1.335568e-05,-1.756669e-05,-1.595717e-05,-1.529816e-05,-1.187731e-05,-7.688005e-06,-5.250550e-06,-1.847905e-06,-3.369983e-06,-1.167861e-05,-1.924362e-05,-2.198700e-05,-1.684198e-05,-8.351030e-06,-1.209020e-06,-1.218349e-06,-1.027494e-05,-2.474755e-05,-4.098895e-05,-5.678483e-05,-1.939609e-03,-1.924237e-03,-1.908870e-03,-1.893485e-03,-1.878175e-03,-1.862498e-03,-1.847163e-03,-1.834565e-03,-1.823597e-03,-1.815289e-03,-1.806453e-03,-1.796546e-03,-1.787145e-03,-1.780361e-03,-1.777491e-03,-1.778535e-03,-1.784425e-03,-1.793209e-03,-1.803725e-03,-1.814611e-03,-1.824524e-03,-1.831659e-03,-1.836258e-03,-1.837426e-03,-1.836730e-03,-1.833864e-03,-1.828265e-03,-1.821403e-03,-1.813219e-03,-1.804377e-03,-1.794571e-03,-1.785068e-03,-1.775521e-03,-4.858630e-06,7.076569e-06,1.901944e-05,3.077372e-05,4.201558e-05,5.361604e-05,6.508229e-05,7.483260e-05,8.141869e-05,8.337338e-05,7.914682e-05,6.949648e-05,5.773250e-05,4.643003e-05,3.567562e-05,2.703108e-05,1.988771e-05,1.394738e-05,9.252828e-06,6.071172e-06,4.915550e-06,6.678045e-06,1.048575e-05,1.543686e-05,2.064338e-05,2.510762e-05,2.804496e-05,3.055634e-05,3.214067e-05,3.333274e-05,3.430314e-05,3.492706e-05,3.566880e-05,2.464436e-03,2.368234e-03,2.272117e-03,2.175118e-03,2.080766e-03,1.990505e-03,1.907825e-03,1.837670e-03,1.778894e-03,1.733006e-03,1.696068e-03,1.667410e-03,1.652859e-03,1.658658e-03,1.686911e-03,1.733659e-03,1.793767e-03,1.852883e-03,1.898739e-03,1.929154e-03,1.943535e-03,1.940276e-03,1.923359e-03,1.893163e-03,1.852757e-03,1.801116e-03,1.736443e-03,1.664186e-03,1.588060e-03,1.512612e-03,1.436436e-03,1.362552e-03,1.288523e-03,-2.274816e-04,-2.118824e-04,-1.963453e-04,-1.801720e-04,-1.609189e-04,-1.365206e-04,-1.073684e-04,-7.770976e-05,-5.128507e-05,-3.119097e-05,-2.064431e-05,-1.940801e-05,-2.380776e-05,-2.940221e-05,-3.895908e-05,-4.867539e-05,-5.896999e-05,-6.871807e-05,-7.472318e-05,-7.409275e-05,-6.321800e-05,-4.162578e-05,-1.266758e-05,1.864902e-05,4.684271e-05,6.571375e-05,7.122600e-05,6.242196e-05,4.052350e-05,9.511926e-06,-2.730054e-05,-6.730236e-05,-1.067894e-04
-9.283134e-06,4.594579e-04,-2.813138e-06,3.333540e-05,1.373439e-05,-5.552923e-06,-2.168751e-05,-4.002376e-05,-5.526558e-05,-6.950504e-05,-7.750195e-05,-8.091478e-05,-8.409181e-05,-7.600618e-05,-7.129406e-05,-6.232402e-05,-4.959903e-05,-3.869523e-05,-3.146998e-05,-2.519971e-05,-2.735790e-05,-3.405928e-05,-4.231514e-05,-4.911132e-05,-5.359926e-05,-5.764998e-05,-5.522245e-05,-4.972965e-05,-4.873767e-05,-4.837961e-05,-4.993531e-05,-4.736732e-05,-3.303718e-05,-1.605744e-05,7.279091e-06,3.241355e-05,8.226293e-05,7.891320e-05,7.556084e-05,7.221848e-05,6.883547e-05,6.560680e-05,6.246018e-05,6.058556e-05,6.022210e-05,6.029032e-05,5.837820e-05,5.365884e-05,4.715144e-05,4.012492e-05,3.271187e-05,2.693786e-05,2.285066e-05,1.996988e-05,1.842266e-05,1.816557e-05,1.923031e-05,2.225797e-05,2.608126e-05,2.947760e-05,3.188590e-05,3.219135e-05,2.974542e-05,2.522143e-05,1.739441e-05,5.937965e-06,-7.888829e-06,-2.260948e-05,-3.717195e-05,-2.058862e-03,-2.028588e-03,-1.998405e-03,-1.967268e-03,-1.935370e-03,-1.903693e-03,-1.873242e-03,-1.844023e-03,-1.815793e-03,-1.788364e-03,-1.761572e-03,-1.736458e-03,-1.716573e-03,-1.703121e-03,-1.696941e-03,-1.697962e-03,-1.703149e-03,-1.711252e-03,-1.719603e-03,-1.729746e-03,-1.740208e-03,-1.748821e-03,-1.755153e-03,-1.759137e-03,-1.760628e-03,-1.759381e-03,-1.755629e-03,-1.750859e-03,-1.744726e-03,-1.736250e-03,-1.725503e-03,-1.712776e-03,-1.699930e-03,-2.295658e-04,-2.135586e-04,-1.975999e-04,-1.809316e-04,-1.610587e-04,-1.359497e-04,-1.064465e-04,-7.601847e-05,-4.835961e-05,-2.676686e-05,-1.377885e-05,-9.462158e-06,-1.111134e-05,-1.534767e-05,-2.405460e-05,-3.321960e-05,-4.263651e-05,-5.138514e-05,-5.667084e-05,-5.633865e-05,-4.743553e-05,-2.949884e-05,-5.406229e-06,2.062818e-05,4.420630e-05,5.969328e-05,6.345866e-05,5.444285e-05,3.344300e-05,3.692930e-06,-3.126792e-05,-6.859060e-05,-1.055196e-04,2.117791e-03,2.109607e-03,2.101580e-03,2.091401e-03,2.078263e-03,2.057674e-03,2.026761e-03,1.983457e-03,1.923494e-03,1.851552e-03,1.772316e-03,1.693057e-03,1.629123e-03,1.588877e-03,1.575052e-03,1.588670e-03,1.624884e-03,1.681483e-03,1.746931e-03,1.815117e-03,1.876208e-03,1.920924e-03,1.944657e-03,1.939915e-03,1.908209e-03,1.853413e-03,1.776788e-03,1.686354e-03,1.588814e-03,1.487889e-03,1.389019e-03,1.288133e-03,1.187103e-03
1.312597e-06,-2.813138e-06,9.892269e-05,-9.202241e-04,-9.086738e-04,-8.978477e-04,-8.806133e-04,-8.663541e-04,-8.513634e-04,-8.407014e-04,-8.427806e-04,-8.404259e-04,-8.382412e-04,-8.194526e-04,-7.762230e-04,-7.337910e-04,-7.058838e-04,-7.006297e-04,-7.198864e-04,-7.585004e-04,-8.047643e-04,-8.320171e-04,-8.505364e-04,-8.602591e-04,-8.568249e-04,-8.549116e-04,-8.460600e-04,-8.381755e-04,-8.276034e-04,-7.995322e-04,-7.685760e-04,-7.375792e-04,-7.093423e-04,-6.838449e-04,-6.597543e-04,-6.348857e-04,2.075908e-05,1.881309e-05,1.687450e-05,1.490625e-05,1.305612e-05,1.070652e-05,6.018550e-06,-1.718763e-06,-9.845786e-06,-1.484101e-05,-1.723951e-05,-1.734589e-05,-1.563928e-05,-1.211799e-05,-7.541708e-06,-3.212982e-06,-2.377992e-07,1.691563e-06,2.727525e-06,3.084411e-06,2.891085e-06,3.404848e-06,5.427470e-06,7.451901e-06,6.356737e-06,2.331354e-06,-3.179242e-06,-8.741251e-06,-1.436117e-05,-1.974643e-05,-2.529829e-05,-3.119368e-05,-3.703706e-05,4.276103e-05,3.397635e-05,2.512194e-05,1.699741e-05,1.090848e-05,6.650192e-06,2.766473e-06,-5.261484e-07,-3.037062e-06,-4.504205e-06,-4.729532e-06,-3.310471e-06,4.775178e-07,6.150155e-06,1.235512e-05,1.850020e-05,2.515921e-05,3.242722e-05,3.836955e-05,4.110538e-05,4.125525e-05,4.044939e-05,3.967498e-05,3.891004e-05,3.831342e-05,3.814086e-05,3.720889e-05,3.448722e-05,3.035034e-05,2.521881e-05,1.976087e-05,1.441796e-05,9.148928e-06,2.394786e-05,2.447424e-05,2.498899e-05,2.564970e-05,2.628715e-05,2.741293e-05,3.100991e-05,3.728238e-05,4.406054e-05,4.801838e-05,4.878260e-05,4.681310e-05,4.130590e-05,3.032808e-05,1.555286e-05,2.788598e-06,-4.883088e-06,-8.290473e-06,-8.455782e-06,-6.246889e-06,-2.096820e-06,2.222678e-06,5.375299e-06,7.935132e-06,1.142859e-05,1.453320e-05,1.425249e-05,7.699949e-06,-6.549066e-06,-2.941969e-05,-5.691787e-05,-8.449718e-05,-1.120384e-04,-6.189112e-05,-4.872271e-05,-3.536547e-05,-2.338314e-05,-1.414674e-05,-7.419919e-06,-1.365150e-06,3.504084e-06,6.932770e-06,8.870895e-06,9.546676e-06,7.365751e-06,1.582377e-06,-6.765046e-06,-1.186398e-05,-1.211696e-05,-1.127080e-05,-1.156743e-05,-1.158499e-05,-8.746706e-06,-3.825566e-06,1.015195e-06,4.543017e-06,6.469936e-06,6.616630e-06,4.624009e-06,2.186926e-06,6.029344e-07,-4.221062e-07,-3.343347e-06,-1.188610e-05,-2.318478e-05,-3.421601e-05
-1.512611e-05,3.333540e-05,-9.202241e-04,7.132896e-02,4.493648e-02,2.365899e-02,1.080526e-02,5.061803e-03,3.458070e-03,3.964416e-03,5.598002e-03,7.005514e-03,7.780212e-03,7.962244e-03,7.605578e-03,7.050580e-03,6.569368e-03,6.443799e-03,6.665586e-03,7.064297e-03,7.507719e-03,7.758575e-03,7.924388e-03,8.002206e-03,7.961224e-03,7.942145e-03,7.862541e-03,7.792323e-03,7.700257e-03,7.445097e-03,7.158646e-03,6.866909e-03,6.597326e-03,6.351791e-03,6.118844e-03,5.878737e-03,7.571908e-03,6.710836e-03,5.849707e-03,4.988808e-03,4.128502e-03,3.276994e-03,2.449421e-03,1.718293e-03,1.130639e-03,7.006380e-04,3.981526e-04,1.987521e-04,7.627918e-05,-8.108288e-07,-5.549015e-05,-8.892780e-05,-1.034674e-04,-1.043280e-04,-9.481578e-05,-7.885220e-05,-5.961028e-05,-5.005324e-05,-5.809630e-05,-6.952353e-05,-5.467747e-05,-1.407152e-05,3.965813e-05,9.354918e-05,1.477552e-04,1.996150e-04,2.528810e-04,3.093149e-04,3.652692e-04,-1.520760e-02,-1.245221e-02,-9.671004e-03,-7.090514e-03,-4.938184e-03,-3.184697e-03,-1.839139e-03,-8.486725e-04,-1.633359e-04,2.642422e-04,4.793742e-04,5.284611e-04,4.573055e-04,3.161832e-04,1.560232e-04,4.104602e-06,-1.391914e-04,-2.697544e-04,-3.708359e-04,-4.271285e-04,-4.479727e-04,-4.512692e-04,-4.481234e-04,-4.397447e-04,-4.291041e-04,-4.201301e-04,-4.029487e-04,-3.686623e-04,-3.211961e-04,-2.646208e-04,-2.051533e-04,-1.467967e-04,-8.912226e-05,-3.613759e-03,-3.123272e-03,-2.632419e-03,-2.148933e-03,-1.687476e-03,-1.281464e-03,-9.589991e-04,-7.286215e-04,-5.760494e-04,-4.671927e-04,-3.845205e-04,-3.201516e-04,-2.545500e-04,-1.579749e-04,-3.616090e-05,6.258853e-05,1.132815e-04,1.254100e-04,1.097826e-04,7.494346e-05,2.503257e-05,-2.349642e-05,-5.856662e-05,-8.589913e-05,-1.201840e-04,-1.496693e-04,-1.469227e-04,-8.540846e-05,4.788555e-05,2.614171e-04,5.179961e-04,7.752943e-04,1.032244e-03,2.822476e-03,2.383585e-03,1.941694e-03,1.512208e-03,1.119612e-03,7.857021e-04,5.063910e-04,2.865032e-04,1.269299e-04,2.158917e-05,-3.906344e-05,-4.735486e-05,-4.475816e-06,7.250215e-05,1.234334e-04,1.301756e-04,1.267589e-04,1.333141e-04,1.363124e-04,1.118070e-04,6.715907e-05,2.255165e-05,-1.047823e-05,-2.920845e-05,-3.181519e-05,-1.475807e-05,6.320797e-06,1.949092e-05,2.755711e-05,5.335679e-05,1.315667e-04,2.354157e-04,3.367707e-04
-1.453619e-05,1.373439e-05,-9.086738e-04,4.493648e-02,3.347500e-02,2.082033e-02,1.233653e-02,7.672654e-03,5.734672e-03,5.482317e-03,6.250060e-03,7.041727e-03,7.535025e-03,7.644982e-03,7.322294e-03,6.856291e-03,6.474285e-03,6.392327e-03,6.602918e-03,6.981950e-03,7.413984e-03,7.662169e-03,7.826809e-03,7.906356e-03,7.867728e-03,7.848328e-03,7.767712e-03,7.697119e-03,7.604860e-03,7.351729e-03,7.068876e-03,6.782065e-03,6.517653e-03,6.277077e-03,6.048630e-03,5.813036e-03,5.579450e-03,4.902948e-03,4.226321e-03,3.550196e-03,2.873336e-03,2.208675e-03,1.596728e-03,1.086498e-03,6.973146e-04,4.215419e-04,2.349719e-04,1.161697e-04,4.562742e-05,-2.733255e-07,-3.654940e-05,-6.071901e-05,-7.113481e-05,-7.165908e-05,-6.465674e-05,-5.302870e-05,-3.893654e-05,-3.445543e-05,-4.682019e-05,-6.165248e-05,-4.963594e-05,-1.154814e-05,3.994977e-05,9.190902e-05,1.444517e-04,1.949084e-04,2.469017e-04,3.020607e-04,3.567391e-04,-9.758436e-03,-7.878869e-03,-5.979419e-03,-4.233743e-03,-2.818282e-03,-1.702737e-03,-8.620882e-04,-2.594023e-04,1.408794e-04,3.723595e-04,4.673683e-04,4.584561e-04,3.744081e-04,2.483126e-04,1.154177e-04,-6.976196e-06,-1.221711e-04,-2.292812e-04,-3.122443e-04,-3.555505e-04,-3.674333e-04,-3.648892e-04,-3.583569e-04,-3.486302e-04,-3.382275e-04,-3.305974e-04,-3.156320e-04,-2.842331e-04,-2.400705e-04,-1.870893e-04,-1.313645e-04,-7.682624e-05,-2.296654e-05,-2.810691e-03,-2.435345e-03,-2.059693e-03,-1.689815e-03,-1.336818e-03,-1.028013e-03,-7.907884e-04,-6.309203e-04,-5.318256e-04,-4.594905e-04,-3.997342e-04,-3.472581e-04,-2.856798e-04,-1.885914e-04,-6.398474e-05,3.891466e-05,9.450165e-05,1.116862e-04,1.007375e-04,6.989257e-05,2.310040e-05,-2.340070e-05,-5.750406e-05,-8.461424e-05,-1.189506e-04,-1.485420e-04,-1.460365e-04,-8.511067e-05,4.711772e-05,2.589116e-04,5.134192e-04,7.687345e-04,1.023689e-03,2.260818e-03,1.890636e-03,1.517731e-03,1.157522e-03,8.317309e-04,5.572871e-04,3.262801e-04,1.441906e-04,1.269030e-05,-7.288395e-05,-1.205390e-04,-1.216002e-04,-7.603617e-05,5.230876e-07,5.004370e-05,5.528175e-05,5.002298e-05,5.433900e-05,5.523562e-05,2.917442e-05,-1.637056e-05,-6.121776e-05,-9.384377e-05,-1.113006e-04,-1.118626e-04,-9.219723e-05,-6.779884e-05,-5.075863e-05,-3.855448e-05,-8.753624e-06,7.269296e-05,1.795393e-04,2.839292e-04
-1.388622e-05,-5.552923e-06,-8.978477e-04,2.365899e-02,2.082033e-02,1.842941e-02,1.383115e-02,1.034019e-02,8.017322e-03,7.008465e-03,6.905054e-03,7.079472e-03,7.291758e-03,7.332007e-03,7.045532e-03,6.669894e-03,6.387015e-03,6.347082e-03,6.544811e-03,6.903778e-03,7.325125e-03,7.571478e-03,7.735393e-03,7.816861e-03,7.780575e-03,7.760789e-03,7.679014e-03,7.607945e-03,7.515401e-03,7.264096e-03,6.984621e-03,6.702534e-03,6.443141e-03,6.207381e-03,5.983281e-03,5.752044e-03,3.489854e-03,3.010014e-03,2.529984e-03,2.050719e-03,1.569417e-03,1.103621e-03,7.187890e-04,4.392398e-04,2.561012e-04,1.399911e-04,7.283951e-05,3.654055e-05,1.864744e-05,3.911789e-06,-1.437149e-05,-2.982786e-05,-3.662758e-05,-3.727718e-05,-3.320161e-05,-2.628340e-05,-1.767424e-05,-1.856742e-05,-3.551525e-05,-5.395784e-05,-4.489818e-05,-9.386168e-06,3.987320e-05,8.992425e-05,1.408457e-04,1.899469e-04,2.407182e-04,2.946540e-04,3.481084e-04,-4.126683e-03,-3.147222e-03,-2.153899e-03,-1.267163e-03,-6.111126e-04,-1.536712e-04,1.647827e-04,3.651693e-04,4.685074e-04,4.944794e-04,4.622948e-04,3.903935e-04,2.901985e-04,1.772469e-04,7.070730e-05,-2.240347e-05,-1.093342e-04,-1.926528e-04,-2.571017e-04,-2.870425e-04,-2.896068e-04,-2.809059e-04,-2.707186e-04,-2.594201e-04,-2.490754e-04,-2.426526e-04,-2.297971e-04,-2.011966e-04,-1.602607e-04,-1.108034e-04,-5.875539e-05,-7.971908e-06,4.213626e-05,-2.006121e-03,-1.746102e-03,-1.485840e-03,-1.229784e-03,-9.855070e-04,-7.742068e-04,-6.225449e-04,-5.334539e-04,-4.879954e-04,-4.522238e-04,-4.153333e-04,-3.746318e-04,-3.169104e-04,-2.191070e-04,-9.150301e-05,1.570721e-05,7.627842e-05,9.855338e-05,9.227754e-05,6.539339e-05,2.166920e-05,-2.285501e-05,-5.603254e-05,-8.295682e-05,-1.173892e-04,-1.471333e-04,-1.448978e-04,-8.455059e-05,4.667200e-05,2.568471e-04,5.094338e-04,7.629164e-04,1.016026e-03,1.678830e-03,1.380734e-03,1.080197e-03,7.925492e-04,5.366395e-04,3.243317e-04,1.437684e-04,1.098991e-06,-1.011982e-04,-1.662838e-04,-2.005422e-04,-1.942114e-04,-1.459484e-04,-6.987449e-05,-2.188905e-05,-1.830828e-05,-2.554268e-05,-2.354798e-05,-2.479202e-05,-5.242659e-05,-9.887567e-05,-1.439585e-04,-1.761671e-04,-1.923375e-04,-1.908439e-04,-1.685598e-04,-1.408454e-04,-1.199570e-04,-1.036488e-04,-6.987146e-05,1.482814e-05,1.247065e-04,2.321641e-04
-1.457254e-05,-2.168751e-05,-8.806133e-04,1.080526e-02,1.233653e-02,1.383115e-02,1.520423e-02,1.263767e-02,1.021508e-02,8.473222e-03,7.532689e-03,7.101738e-03,7.028522e-03,6.982284e-03,6.716648e-03,6.421026e-03,6.235382e-03,6.246569e-03,6.442584e-03,6.784312e-03,7.190086e-03,7.428749e-03,7.588626e-03,7.670439e-03,7.636521e-03,7.616754e-03,7.534966e-03,7.464302e-03,7.372318e-03,7.124712e-03,6.850562e-03,6.575030e-03,6.322240e-03,6.092812e-03,5.874675e-03,5.649461e-03,2.065894e-03,1.701197e-03,1.336235e-03,9.723353e-04,6.049142e-04,2.568506e-04,2.099026e-05,-9.459693e-05,-1.234289e-04,-1.171849e-04,-8.927831e-05,-5.668588e-05,-2.746050e-05,-1.135911e-05,-9.253338e-06,-1.250945e-05,-1.246514e-05,-1.029338e-05,-6.471155e-06,-1.854175e-06,3.420028e-06,-8.993397e-07,-2.069368e-05,-4.138291e-05,-3.448300e-05,-1.261141e-06,4.567826e-05,9.353769e-05,1.424086e-04,1.896590e-04,2.386632e-04,2.908066e-04,3.424717e-04,6.595640e-06,2.981437e-04,5.981839e-04,8.310900e-04,9.144106e-04,8.774437e-04,8.111045e-04,7.219872e-04,6.184515e-04,5.082531e-04,3.993937e-04,2.987925e-04,2.036522e-04,1.151056e-04,3.938919e-05,-2.438767e-05,-8.551823e-05,-1.483956e-04,-1.978026e-04,-2.175670e-04,-2.136980e-04,-2.012873e-04,-1.894175e-04,-1.780912e-04,-1.689495e-04,-1.645046e-04,-1.542843e-04,-1.289011e-04,-9.153659e-05,-4.589581e-05,2.225993e-06,4.904430e-05,9.519521e-05,-1.285202e-03,-1.127857e-03,-9.703079e-04,-8.160102e-04,-6.690520e-04,-5.449295e-04,-4.697010e-04,-4.440207e-04,-4.469402e-04,-4.445326e-04,-4.290170e-04,-3.999412e-04,-3.469513e-04,-2.500724e-04,-1.214957e-04,-1.181750e-05,5.238731e-05,7.886138e-05,7.678922e-05,5.376113e-05,1.332847e-05,-2.880058e-05,-6.057431e-05,-8.678446e-05,-1.206878e-04,-1.499979e-04,-1.477097e-04,-8.809752e-05,4.138282e-05,2.485710e-04,4.975278e-04,7.474374e-04,9.969684e-04,1.108062e-03,8.847541e-04,6.593242e-04,4.463291e-04,2.610091e-04,1.106500e-04,-1.991122e-05,-1.237407e-04,-1.974688e-04,-2.427397e-04,-2.642759e-04,-2.512297e-04,-2.009486e-04,-1.259618e-04,-7.973954e-05,-7.762244e-05,-8.650530e-05,-8.657456e-05,-8.976898e-05,-1.187274e-04,-1.658277e-04,-2.110421e-04,-2.429492e-04,-2.582030e-04,-2.552590e-04,-2.311790e-04,-2.010648e-04,-1.772054e-04,-1.576171e-04,-1.207907e-04,-3.409169e-05,7.738110e-05,1.864835e-04
-1.420700e-05,-4.002376e-05,-8.663541e-04,5.061803e-03,7.672654e-03,1.034019e-02,1.263767e-02,1.423239e-02,1.213781e-02,1.016970e-02,8.442283e-03,7.388893e-03,6.955304e-03,6.737731e-03,6.433710e-03,6.186127e-03,6.083617e-03,6.147741e-03,6.355906e-03,6.691053e-03,7.082786e-03,7.310643e-03,7.465745e-03,7.548539e-03,7.517720e-03,7.498820e-03,7.417663e-03,7.347382e-03,7.255381e-03,7.010258e-03,6.740188e-03,6.469858e-03,6.222359e-03,5.998360e-03,5.785546e-03,5.565666e-03,6.899691e-04,4.476690e-04,2.050585e-04,-3.631058e-05,-2.821777e-04,-5.067223e-04,-6.008145e-04,-5.624754e-04,-4.482526e-04,-3.345785e-04,-2.265728e-04,-1.376641e-04,-7.069928e-05,-2.995876e-05,-1.102718e-05,-4.000675e-06,1.620732e-06,5.807206e-06,9.055796e-06,1.151653e-05,1.406414e-05,7.260216e-06,-1.432558e-05,-3.625486e-05,-3.056177e-05,1.252469e-06,4.664868e-05,9.297206e-05,1.403882e-04,1.863581e-04,2.341728e-04,2.851235e-04,3.355956e-04,1.707462e-03,1.629050e-03,1.554624e-03,1.446310e-03,1.254412e-03,9.981845e-04,7.826387e-04,6.017673e-04,4.529272e-04,3.341070e-04,2.444401e-04,1.818542e-04,1.338080e-04,9.266598e-05,5.732310e-05,2.378454e-05,-1.578188e-05,-6.448405e-05,-1.054255e-04,-1.208778e-04,-1.156474e-04,-1.037566e-04,-9.364414e-05,-8.500821e-05,-7.912936e-05,-7.813378e-05,-7.147935e-05,-4.977379e-05,-1.611763e-05,2.576973e-05,7.011208e-05,1.131294e-04,1.554832e-04,-6.564317e-04,-5.889924e-04,-5.213660e-04,-4.562523e-04,-3.948965e-04,-3.475923e-04,-3.393234e-04,-3.693200e-04,-4.145373e-04,-4.404243e-04,-4.423092e-04,-4.220569e-04,-3.719785e-04,-2.748887e-04,-1.446556e-04,-3.223028e-05,3.558297e-05,6.601416e-05,6.775021e-05,4.808731e-05,1.037187e-05,-2.995771e-05,-6.087057e-05,-8.684560e-05,-1.206584e-04,-1.498801e-04,-1.477020e-04,-8.871489e-05,3.943771e-05,2.443686e-04,4.905920e-04,7.378436e-04,9.847072e-04,5.928994e-04,4.313959e-04,2.680149e-04,1.169041e-04,-9.133408e-06,-1.066622e-04,-1.934403e-04,-2.621612e-04,-3.088777e-04,-3.342601e-04,-3.418943e-04,-3.201404e-04,-2.654500e-04,-1.891185e-04,-1.426663e-04,-1.406768e-04,-1.504384e-04,-1.523696e-04,-1.578331e-04,-1.889255e-04,-2.377365e-04,-2.841410e-04,-3.166610e-04,-3.316602e-04,-3.276633e-04,-3.019391e-04,-2.693995e-04,-2.424638e-04,-2.194488e-04,-1.793388e-04,-9.024342e-05,2.330848e-05,1.345337e-04
-1.492330e-05,-5.526558e-05,-8.513634e-04,3.458070e-03,5.734672e-03,8.017322e-03,1.021508e-02,1.213781e-02,1.402204e-02,1.213195e-02,9.920942e-03,8.131845e-03,7.194769e-03,6.659699e-03,6.235807e-03,5.991513e-03,5.935115e-03,6.022464e-03,6.235392e-03,6.570953e-03,6.957395e-03,7.180268e-03,7.333861e-03,7.419218e-03,7.392236e-03,7.374635e-03,7.294462e-03,7.224412e-03,7.132210e-03,6.889564e-03,6.623485e-03,6.358109e-03,6.115919e-03,5.897583e-03,5.690307e-03,5.475997e-03,-1.696629e-03,-1.663955e-03,-1.631589e-03,-1.597990e-03,-1.569048e-03,-1.519466e-03,-1.347151e-03,-1.053059e-03,-7.221210e-04,-4.613229e-04,-2.598479e-04,-1.185073e-04,-2.725223e-05,2.172922e-05,4.183227e-05,4.555795e-05,4.588500e-05,4.337986e-05,3.931169e-05,3.454976e-05,3.071815e-05,1.891857e-05,-6.086492e-06,-3.022924e-05,-2.622411e-05,4.141613e-06,4.832076e-05,9.372158e-05,1.404764e-04,1.860257e-04,2.335209e-04,2.841408e-04,3.342830e-04,2.038231e-03,1.805199e-03,1.573291e-03,1.329064e-03,1.046426e-03,7.394570e-04,5.074961e-04,3.364174e-04,2.160661e-04,1.391203e-04,1.009508e-04,9.228728e-05,9.479183e-05,9.718824e-05,9.443861e-05,8.259749e-05,5.653071e-05,1.547206e-05,-2.195332e-05,-3.677575e-05,-3.274615e-05,-2.299557e-05,-1.547343e-05,-9.712756e-06,-6.772157e-06,-8.535438e-06,-4.518578e-06,1.455839e-05,4.558274e-05,8.478976e-05,1.264186e-04,1.667115e-04,2.063457e-04,-2.490247e-04,-2.444697e-04,-2.397501e-04,-2.369727e-04,-2.356335e-04,-2.426832e-04,-2.809183e-04,-3.490270e-04,-4.214821e-04,-4.622639e-04,-4.702746e-04,-4.500088e-04,-3.964879e-04,-2.952284e-04,-1.614083e-04,-4.577797e-05,2.506478e-05,5.826824e-05,6.237276e-05,4.459041e-05,8.216329e-06,-3.147643e-05,-6.246501e-05,-8.890072e-05,-1.231066e-04,-1.525852e-04,-1.507942e-04,-9.271587e-05,3.376930e-05,2.360257e-04,4.790549e-04,7.231731e-04,9.668965e-04,2.774684e-04,1.515582e-04,2.395150e-05,-9.162723e-05,-1.843050e-04,-2.534362e-04,-3.168564e-04,-3.666221e-04,-3.980217e-04,-4.112677e-04,-4.095620e-04,-3.812388e-04,-3.226598e-04,-2.446008e-04,-1.970294e-04,-1.941014e-04,-2.036479e-04,-2.064644e-04,-2.134044e-04,-2.459840e-04,-2.960432e-04,-3.433964e-04,-3.765101e-04,-3.914699e-04,-3.868309e-04,-3.600181e-04,-3.257140e-04,-2.964014e-04,-2.706577e-04,-2.279666e-04,-1.371857e-04,-2.229139e-05,9.031977e-05
-6.616529e-06,-6.950504e-05,-8.407014e-04,3.964416e-03,5.482317e-03,7.008465e-03,8.473222e-03,1.016970e-02,1.213195e-02,1.381690e-02,1.152510e-02,9.476374e-03,7.990173e-03,7.014377e-03,6.342701e-03,5.984046e-03,5.863220e-03,5.905251e-03,6.104909e-03,6.449545e-03,6.849708e-03,7.083436e-03,7.242303e-03,7.329548e-03,7.303678e-03,7.286486e-03,7.207185e-03,7.137165e-03,7.045506e-03,6.805497e-03,6.542416e-03,6.279637e-03,6.039571e-03,5.823130e-03,5.617269e-03,5.404424e-03,-3.052993e-03,-2.825699e-03,-2.598666e-03,-2.370588e-03,-2.146544e-03,-1.905241e-03,-1.566968e-03,-1.116049e-03,-6.574176e-04,-3.289925e-04,-1.074305e-04,2.314385e-05,8.749356e-05,1.053870e-04,9.720143e-05,7.679115e-05,5.795361e-05,4.035989e-05,2.479475e-05,1.154471e-05,1.669509e-06,-1.417035e-05,-4.159385e-05,-6.701905e-05,-6.374987e-05,-3.361263e-05,1.089149e-05,5.712695e-05,1.051190e-04,1.521719e-04,2.012779e-04,2.534915e-04,3.052292e-04,1.770925e-03,1.580608e-03,1.390285e-03,1.196123e-03,9.805920e-04,7.465734e-04,5.665312e-04,4.288773e-04,3.260030e-04,2.556822e-04,2.204564e-04,2.077304e-04,2.002304e-04,1.907599e-04,1.753699e-04,1.523718e-04,1.175242e-04,7.066191e-05,2.961697e-05,1.240564e-05,1.504777e-05,2.421391e-05,3.183116e-05,3.821374e-05,4.216074e-05,4.164422e-05,4.690225e-05,6.707339e-05,9.895951e-05,1.387943e-04,1.809060e-04,2.216206e-04,2.616824e-04,-2.413226e-05,-5.227663e-05,-8.025627e-05,-1.100214e-04,-1.403417e-04,-1.760465e-04,-2.371975e-04,-3.238633e-04,-4.088073e-04,-4.539670e-04,-4.609566e-04,-4.365143e-04,-3.776608e-04,-2.716259e-04,-1.340901e-04,-1.543637e-05,5.805029e-05,9.341805e-05,9.902309e-05,8.206422e-05,4.585315e-05,5.576585e-06,-2.663028e-05,-5.463498e-05,-9.037513e-05,-1.213327e-04,-1.211975e-04,-6.514486e-05,5.881884e-05,2.579347e-04,4.974908e-04,7.382425e-04,9.785887e-04,7.572597e-05,-3.559280e-05,-1.485431e-04,-2.494650e-04,-3.277092e-04,-3.838970e-04,-4.343266e-04,-4.712709e-04,-4.899912e-04,-4.910993e-04,-4.782908e-04,-4.406297e-04,-3.752110e-04,-2.929659e-04,-2.430433e-04,-2.391948e-04,-2.492522e-04,-2.540048e-04,-2.634923e-04,-2.984902e-04,-3.504517e-04,-3.990318e-04,-4.326981e-04,-4.473843e-04,-4.417932e-04,-4.136118e-04,-3.774555e-04,-3.459447e-04,-3.178878e-04,-2.730974e-04,-1.809558e-04,-6.498354e-05,4.874683e-05
-5.350661e-07,-7.750195e-05,-8.427806e-04,5.598002e-03,6.250060e-03,6.905054e-03,7.532689e-03,8.442283e-03,9.920942e-03,1.152510e-02,1.306057e-02,1.131587e-02,9.675522e-03,8.106077e-03,6.995591e-03,6.318467e-03,5.968227e-03,5.863522e-03,6.021452e-03,6.385017e-03,6.820510e-03,7.081838e-03,7.256097e-03,7.347900e-03,7.322327e-03,7.306981e-03,7.230235e-03,7.159843e-03,7.067049e-03,6.825638e-03,6.560922e-03,6.295458e-03,6.052176e-03,5.832486e-03,5.623328e-03,5.407156e-03,-2.911356e-03,-2.583406e-03,-2.255634e-03,-1.927149e-03,-1.601460e-03,-1.264137e-03,-8.685039e-04,-3.946546e-04,4.456762e-05,3.037528e-04,4.185470e-04,4.313079e-04,3.826331e-04,3.014409e-04,2.132008e-04,1.315987e-04,6.887789e-05,2.133853e-05,-1.271914e-05,-3.569316e-05,-4.919208e-05,-6.480841e-05,-8.995841e-05,-1.122618e-04,-1.055862e-04,-7.173243e-05,-2.328770e-05,2.698661e-05,7.911588e-05,1.303280e-04,1.836020e-04,2.399989e-04,2.959178e-04,1.024717e-03,9.504567e-04,8.759596e-04,8.001968e-04,7.119349e-04,6.107074e-04,5.382457e-04,4.851259e-04,4.451724e-04,4.187740e-04,4.135581e-04,4.055044e-04,3.783741e-04,3.357190e-04,2.839204e-04,2.291984e-04,1.692321e-04,1.052244e-04,5.340110e-05,2.961493e-05,2.858154e-05,3.591069e-05,4.302658e-05,5.004260e-05,5.552129e-05,5.717218e-05,6.506476e-05,8.821821e-05,1.231799e-04,1.660942e-04,2.112702e-04,2.550279e-04,2.981299e-04,4.849275e-05,7.691695e-06,-3.296371e-05,-7.520490e-05,-1.175956e-04,-1.642551e-04,-2.327691e-04,-3.239707e-04,-4.097038e-04,-4.511964e-04,-4.517122e-04,-4.204693e-04,-3.556959e-04,-2.450288e-04,-1.042196e-04,1.640014e-05,9.075563e-05,1.261426e-04,1.310459e-04,1.128432e-04,7.498502e-05,3.282407e-05,-1.273068e-06,-3.102967e-05,-6.831734e-05,-1.005783e-04,-1.014575e-04,-4.603178e-05,7.770195e-05,2.769764e-04,5.168927e-04,7.580800e-04,9.988519e-04,-2.123016e-06,-1.120155e-04,-2.235286e-04,-3.228626e-04,-3.988687e-04,-4.526670e-04,-4.992834e-04,-5.313381e-04,-5.441226e-04,-5.385026e-04,-5.186542e-04,-4.739170e-04,-4.022297e-04,-3.149532e-04,-2.619628e-04,-2.571693e-04,-2.678594e-04,-2.745611e-04,-2.866748e-04,-3.244749e-04,-3.789793e-04,-4.294945e-04,-4.643988e-04,-4.795314e-04,-4.737092e-04,-4.447820e-04,-4.075076e-04,-3.747221e-04,-3.453576e-04,-2.992239e-04,-2.057045e-04,-8.829864e-05,2.686830e-05
4.285986e-06,-8.091478e-05,-8.404259e-04,7.005514e-03,7.041727e-03,7.079472e-03,7.101738e-03,7.388893e-03,8.131845e-03,9.476374e-03,1.131587e-02,1.349113e-02,1.188057e-02,9.906091e-03,8.144043e-03,6.906731e-03,6.121980e-03,5.754166e-03,5.833510e-03,6.224530e-03,6.716866e-03,7.023546e-03,7.223947e-03,7.326743e-03,7.304515e-03,7.290844e-03,7.215405e-03,7.143835e-03,7.050169e-03,6.808790e-03,6.543702e-03,6.276626e-03,6.031686e-03,5.810536e-03,5.599523e-03,5.381540e-03,-2.098841e-03,-1.742271e-03,-1.385805e-03,-1.028923e-03,-6.737070e-04,-3.117609e-04,7.717130e-05,5.055096e-04,8.639808e-04,1.019382e-03,1.006781e-03,8.961567e-04,7.376236e-04,5.593885e-04,3.895439e-04,2.433302e-04,1.318209e-04,4.808657e-05,-1.149385e-05,-5.153691e-05,-7.581842e-05,-9.775288e-05,-1.261897e-04,-1.497658e-04,-1.429642e-04,-1.076004e-04,-5.641965e-05,-2.469655e-06,5.398186e-05,1.097981e-04,1.677585e-04,2.288299e-04,2.894249e-04,2.920050e-04,3.171474e-04,3.421319e-04,3.664152e-04,3.845256e-04,3.995100e-04,4.332369e-04,4.768640e-04,5.237863e-04,5.722678e-04,6.303771e-04,6.501312e-04,6.098791e-04,5.250694e-04,4.218103e-04,3.197183e-04,2.205690e-04,1.287938e-04,5.859923e-05,2.267901e-05,1.439441e-05,1.806820e-05,2.433604e-05,3.275686e-05,4.131754e-05,4.712211e-05,5.976251e-05,8.792434e-05,1.278106e-04,1.754786e-04,2.252811e-04,2.736277e-04,3.213206e-04,5.102640e-05,9.580442e-06,-3.175178e-05,-7.440226e-05,-1.168809e-04,-1.633094e-04,-2.295850e-04,-3.164210e-04,-3.965572e-04,-4.327502e-04,-4.279143e-04,-3.932313e-04,-3.270066e-04,-2.158960e-04,-7.530752e-05,4.458121e-05,1.179307e-04,1.521896e-04,1.558572e-04,1.363697e-04,9.723759e-05,5.382469e-05,1.856073e-05,-1.221283e-05,-5.031861e-05,-8.329046e-05,-8.490222e-05,-3.027825e-05,9.254111e-05,2.907834e-04,5.296003e-04,7.697310e-04,1.009442e-03,-1.051331e-05,-1.229780e-04,-2.370489e-04,-3.389266e-04,-4.171162e-04,-4.728369e-04,-5.203818e-04,-5.528274e-04,-5.656647e-04,-5.593131e-04,-5.377423e-04,-4.899519e-04,-4.143589e-04,-3.225233e-04,-2.659704e-04,-2.592619e-04,-2.694831e-04,-2.772057e-04,-2.911931e-04,-3.310190e-04,-3.873965e-04,-4.394325e-04,-4.754785e-04,-4.913242e-04,-4.858572e-04,-4.570337e-04,-4.196420e-04,-3.865936e-04,-3.569030e-04,-3.104717e-04,-2.168177e-04,-9.935062e-05,1.588953e-05
9.217608e-06,-8.409181e-05,-8.382412e-04,7.780212e-03,7.535025e-03,7.291758e-03,7.028522e-03,6.955304e-03,7.194769e-03,7.990173e-03,9.675522e-03,1.188057e-02,1.382268e-02,1.180818e-02,9.749690e-03,7.797816e-03,6.402120e-03,5.640041e-03,5.584047e-03,5.999547e-03,6.570656e-03,6.944655e-03,7.184448e-03,7.308962e-03,7.295251e-03,7.280032e-03,7.198423e-03,7.122738e-03,7.029394e-03,6.790191e-03,6.525815e-03,6.258004e-03,6.013562e-03,5.793521e-03,5.581877e-03,5.363385e-03,-1.667439e-03,-1.329476e-03,-9.915798e-04,-6.534144e-04,-3.163453e-04,2.510216e-05,3.806104e-04,7.579016e-04,1.071979e-03,1.217628e-03,1.203091e-03,1.105190e-03,9.641289e-04,7.885223e-04,6.044797e-04,4.368016e-04,3.006083e-04,1.891071e-04,1.003274e-04,3.093943e-05,-2.141535e-05,-6.902011e-05,-1.195247e-04,-1.605693e-04,-1.663864e-04,-1.388441e-04,-9.111483e-05,-3.715901e-05,2.164232e-05,8.096246e-05,1.428544e-04,2.078300e-04,2.723310e-04,-1.020095e-04,1.264966e-05,1.273727e-04,2.402013e-04,3.462217e-04,4.491532e-04,5.610337e-04,6.744843e-04,7.837080e-04,8.846293e-04,9.843927e-04,1.010263e-03,9.309949e-04,7.714540e-04,5.873427e-04,4.150904e-04,2.596723e-04,1.284116e-04,3.212013e-05,-2.098568e-05,-3.835327e-05,-3.719984e-05,-2.828818e-05,-1.343145e-05,3.986178e-06,1.965910e-05,4.218599e-05,7.974080e-05,1.281876e-04,1.835909e-04,2.405485e-04,2.958397e-04,3.504838e-04,4.168758e-05,8.602897e-06,-2.437604e-05,-5.862850e-05,-9.287747e-05,-1.315140e-04,-1.901970e-04,-2.699254e-04,-3.463469e-04,-3.850532e-04,-3.853349e-04,-3.580818e-04,-2.997616e-04,-1.942832e-04,-5.664899e-05,6.191080e-05,1.350150e-04,1.697922e-04,1.743359e-04,1.558418e-04,1.176611e-04,7.498082e-05,4.014261e-05,9.428986e-06,-2.893648e-05,-6.251092e-05,-6.511385e-05,-1.182512e-05,1.093711e-04,3.058000e-04,5.427168e-04,7.809970e-04,1.018854e-03,-2.789785e-06,-1.183221e-04,-2.354640e-04,-3.404051e-04,-4.214380e-04,-4.797586e-04,-5.294217e-04,-5.641024e-04,-5.795775e-04,-5.755854e-04,-5.554211e-04,-5.071152e-04,-4.287558e-04,-3.318064e-04,-2.709237e-04,-2.618058e-04,-2.712380e-04,-2.798506e-04,-2.956416e-04,-3.373452e-04,-3.955119e-04,-4.490649e-04,-4.863090e-04,-5.029612e-04,-4.979299e-04,-4.692359e-04,-4.316632e-04,-3.981922e-04,-3.679387e-04,-3.209089e-04,-2.267624e-04,-1.088500e-04,6.846787e-06
6.414676e-07,-7.600618e-05,-8.194526e-04,7.962244e-03,7.644982e-03,7.332007e-03,6.982284e-03,6.737731e-03,6.659699e-03,7.014377e-03,8.106077e-03,9.906091e-03,1.180818e-02,1.353850e-02,1.154417e-02,9.131922e-03,6.891661e-03,5.514692e-03,5.178709e-03,5.571119e-03,6.227661e-03,6.692600e-03,6.986394e-03,7.142004e-03,7.142279e-03,7.124791e-03,7.033800e-03,6.953449e-03,6.864015e-03,6.634276e-03,6.376602e-03,6.113185e-03,5.875086e-03,5.661514e-03,5.452896e-03,5.237828e-03,-1.810070e-03,-1.459467e-03,-1.108915e-03,-7.581563e-04,-4.082424e-04,-5.490421e-05,3.089910e-04,6.844742e-04,1.012580e-03,1.220665e-03,1.298647e-03,1.311329e-03,1.271705e-03,1.154568e-03,9.814454e-04,8.012613e-04,6.410919e-04,4.954192e-04,3.656685e-04,2.513734e-04,1.532136e-04,6.180513e-05,-2.742381e-05,-9.993362e-05,-1.295915e-04,-1.182074e-04,-7.940387e-05,-2.840829e-05,3.138356e-05,9.362905e-05,1.590661e-04,2.274587e-04,2.953924e-04,-3.930690e-04,-1.259238e-04,1.415270e-04,4.052529e-04,6.570392e-04,8.957969e-04,1.125429e-03,1.332676e-03,1.505146e-03,1.629781e-03,1.703761e-03,1.645922e-03,1.429231e-03,1.097481e-03,7.547626e-04,4.609881e-04,2.176307e-04,2.990357e-05,-1.001271e-04,-1.732422e-04,-1.983272e-04,-1.950101e-04,-1.762199e-04,-1.460528e-04,-1.101571e-04,-7.514542e-05,-3.418665e-05,1.995992e-05,8.292011e-05,1.510293e-04,2.195598e-04,2.860874e-04,3.519931e-04,-2.492372e-05,-4.815656e-05,-7.127322e-05,-9.573894e-05,-1.207004e-04,-1.505874e-04,-2.009927e-04,-2.729832e-04,-3.453329e-04,-3.871831e-04,-3.951094e-04,-3.784818e-04,-3.308037e-04,-2.326828e-04,-9.861761e-05,1.848726e-05,9.149713e-05,1.274032e-04,1.340158e-04,1.182054e-04,8.320703e-05,4.380337e-05,1.181993e-05,-1.653767e-05,-5.289507e-05,-8.510960e-05,-8.751451e-05,-3.574440e-05,8.202344e-05,2.730940e-04,5.036740e-04,7.355427e-04,9.670028e-04,4.799374e-05,-6.719629e-05,-1.839787e-04,-2.888083e-04,-3.700587e-04,-4.291504e-04,-4.799230e-04,-5.165124e-04,-5.348849e-04,-5.340323e-04,-5.161283e-04,-4.681865e-04,-3.879006e-04,-2.864986e-04,-2.224414e-04,-2.126167e-04,-2.230712e-04,-2.343438e-04,-2.531515e-04,-2.968022e-04,-3.563274e-04,-4.111752e-04,-4.499462e-04,-4.684678e-04,-4.655466e-04,-4.390770e-04,-4.034279e-04,-3.712329e-04,-3.416836e-04,-2.953766e-04,-2.027356e-04,-8.677506e-05,2.700779e-05
-2.176197e-06,-7.129406e-05,-7.762230e-04,7.605578e-03,7.322294e-03,7.045532e-03,6.716648e-03,6.433710e-03,6.235807e-03,6.342701e-03,6.995591e-03,8.144043e-03,9.749690e-03,1.154417e-02,1.313774e-02,1.052168e-02,7.731741e-03,5.575554e-03,4.774021e-03,5.000696e-03,5.670661e-03,6.203591e-03,6.549683e-03,6.743460e-03,6.767549e-03,6.757185e-03,6.665977e-03,6.584316e-03,6.497891e-03,6.280334e-03,6.035197e-03,5.784096e-03,5.560421e-03,5.360811e-03,5.163126e-03,4.959535e-03,-2.444865e-03,-2.016762e-03,-1.588710e-03,-1.160452e-03,-7.330188e-04,-3.021596e-04,1.410230e-04,5.940943e-04,1.015825e-03,1.352316e-03,1.576044e-03,1.720597e-03,1.769317e-03,1.669752e-03,1.450768e-03,1.204931e-03,9.825243e-04,7.769285e-04,5.907645e-04,4.241375e-04,2.784101e-04,1.456814e-04,2.297946e-05,-7.492037e-05,-1.233460e-04,-1.245780e-04,-9.264646e-05,-4.363203e-05,1.738332e-05,8.245004e-05,1.511552e-04,2.226107e-04,2.936360e-04,-4.695002e-04,-9.240277e-05,2.851484e-04,6.575968e-04,1.012857e-03,1.343793e-03,1.649271e-03,1.909981e-03,2.107016e-03,2.219933e-03,2.235493e-03,2.080801e-03,1.730171e-03,1.238604e-03,7.642425e-04,3.895846e-04,1.019209e-04,-1.033782e-04,-2.356205e-04,-3.059074e-04,-3.237508e-04,-3.096852e-04,-2.773445e-04,-2.319897e-04,-1.803453e-04,-1.301069e-04,-7.563337e-05,-1.036577e-05,6.143082e-05,1.365862e-04,2.111999e-04,2.835989e-04,3.554165e-04,-3.081806e-05,-5.033208e-05,-6.971108e-05,-9.057243e-05,-1.125285e-04,-1.398948e-04,-1.879170e-04,-2.577647e-04,-3.310078e-04,-3.797088e-04,-3.983339e-04,-3.928587e-04,-3.538331e-04,-2.598599e-04,-1.258253e-04,-6.941313e-06,6.866639e-05,1.078740e-04,1.181261e-04,1.060185e-04,7.484274e-05,3.878161e-05,9.089877e-06,-1.773923e-05,-5.263883e-05,-8.401861e-05,-8.744009e-05,-3.976442e-05,7.027579e-05,2.497076e-04,4.665851e-04,6.846996e-04,9.024253e-04,6.037063e-05,-5.000621e-05,-1.619123e-04,-2.624440e-04,-3.404655e-04,-3.975299e-04,-4.468183e-04,-4.828936e-04,-5.019048e-04,-5.024801e-04,-4.857437e-04,-4.389921e-04,-3.584633e-04,-2.545244e-04,-1.892742e-04,-1.805536e-04,-1.936612e-04,-2.090409e-04,-2.315356e-04,-2.763526e-04,-3.352976e-04,-3.890485e-04,-4.269896e-04,-4.452914e-04,-4.428688e-04,-4.177303e-04,-3.835113e-04,-3.522150e-04,-3.231475e-04,-2.780210e-04,-1.888825e-04,-7.760114e-05,3.161434e-05
-5.775207e-06,-6.232402e-05,-7.337910e-04,7.050580e-03,6.856291e-03,6.669894e-03,6.421026e-03,6.186127e-03,5.991513e-03,5.984046e-03,6.318467e-03,6.906731e-03,7.797816e-03,9.131922e-03,1.052168e-02,1.147433e-02,8.722488e-03,6.318817e-03,4.973229e-03,4.831038e-03,5.302954e-03,5.773143e-03,6.111979e-03,6.322128e-03,6.368844e-03,6.380488e-03,6.309019e-03,6.235269e-03,6.147728e-03,5.934745e-03,5.699620e-03,5.462819e-03,5.254114e-03,5.068004e-03,4.884677e-03,4.695756e-03,-2.730754e-03,-2.270101e-03,-1.809506e-03,-1.348679e-03,-8.887693e-04,-4.249871e-04,5.519224e-05,5.514377e-04,1.034065e-03,1.457777e-03,1.783541e-03,2.006602e-03,2.085386e-03,1.949662e-03,1.640901e-03,1.303923e-03,1.017706e-03,7.710572e-04,5.622184e-04,3.867438e-04,2.412767e-04,1.154435e-04,3.867404e-06,-8.203090e-05,-1.207476e-04,-1.155096e-04,-8.028324e-05,-3.029923e-05,2.998270e-05,9.345447e-05,1.601038e-04,2.293401e-04,2.981746e-04,-3.055447e-04,4.023671e-05,3.865574e-04,7.267993e-04,1.046253e-03,1.334657e-03,1.590684e-03,1.795213e-03,1.929387e-03,1.972937e-03,1.909120e-03,1.689681e-03,1.297601e-03,7.873973e-04,3.404775e-04,4.045207e-05,-1.561758e-04,-2.761993e-04,-3.370293e-04,-3.538931e-04,-3.350600e-04,-2.981816e-04,-2.539065e-04,-2.051661e-04,-1.562279e-04,-1.122648e-04,-6.627297e-05,-1.103332e-05,5.010249e-05,1.145537e-04,1.788002e-04,2.411085e-04,3.028643e-04,-4.213737e-05,-6.000054e-05,-7.771821e-05,-9.700264e-05,-1.177535e-04,-1.441848e-04,-1.912354e-04,-2.603758e-04,-3.351817e-04,-3.894796e-04,-4.163150e-04,-4.179784e-04,-3.829051e-04,-2.888571e-04,-1.514995e-04,-2.896633e-05,4.932000e-05,9.059608e-05,1.024698e-04,9.167484e-05,6.189086e-05,2.698526e-05,-2.113065e-06,-2.843492e-05,-6.218615e-05,-9.235355e-05,-9.579397e-05,-5.071312e-05,5.345818e-05,2.232719e-04,4.284942e-04,6.348524e-04,8.408472e-04,8.179702e-05,-2.135961e-05,-1.259720e-04,-2.198530e-04,-2.924690e-04,-3.453522e-04,-3.910768e-04,-4.246740e-04,-4.426582e-04,-4.438596e-04,-4.290000e-04,-3.858323e-04,-3.097321e-04,-2.103062e-04,-1.506666e-04,-1.483277e-04,-1.671717e-04,-1.868186e-04,-2.110737e-04,-2.541935e-04,-3.090826e-04,-3.581714e-04,-3.919480e-04,-4.072611e-04,-4.033030e-04,-3.782815e-04,-3.451899e-04,-3.152768e-04,-2.877473e-04,-2.452257e-04,-1.611645e-04,-5.621076e-05,4.678699e-05
-1.335568e-05,-4.959903e-05,-7.058838e-04,6.569368e-03,6.474285e-03,6.387015e-03,6.235382e-03,6.083617e-03,5.935115e-03,5.863220e-03,5.968227e-03,6.121980e-03,6.402120e-03,6.891661e-03,7.731741e-03,8.722488e-03,9.896739e-03,7.835813e-03,6.337082e-03,5.570643e-03,5.510913e-03,5.656079e-03,5.848053e-03,6.000141e-03,6.043024e-03,6.089854e-03,6.066610e-03,6.018841e-03,5.932741e-03,5.718384e-03,5.489348e-03,5.264511e-03,5.061146e-03,4.875334e-03,4.698899e-03,4.516723e-03,-1.817591e-03,-1.509154e-03,-1.200774e-03,-8.921595e-04,-5.844793e-04,-2.728474e-04,5.706075e-05,4.094555e-04,7.624733e-04,1.078900e-03,1.327997e-03,1.484852e-03,1.501134e-03,1.306630e-03,9.412499e-04,5.791458e-04,3.164093e-04,1.337678e-04,1.697873e-05,-4.995232e-05,-8.262536e-05,-9.921987e-05,-1.123296e-04,-1.174059e-04,-9.663355e-05,-5.314531e-05,1.121455e-06,5.513880e-05,1.091944e-04,1.613383e-04,2.146307e-04,2.704567e-04,3.259008e-04,6.089904e-06,1.752552e-04,3.450174e-04,5.081466e-04,6.500357e-04,7.626177e-04,8.481809e-04,8.946066e-04,8.900388e-04,8.217323e-04,6.776273e-04,4.407615e-04,1.123331e-04,-2.528553e-04,-4.865713e-04,-5.348983e-04,-4.916929e-04,-4.201995e-04,-3.382562e-04,-2.528955e-04,-1.712181e-04,-1.044384e-04,-5.635991e-05,-2.346266e-05,-3.493571e-06,5.034114e-06,1.354393e-05,3.160306e-05,5.776631e-05,8.997370e-05,1.242389e-04,1.574975e-04,1.902079e-04,-1.031212e-04,-1.171511e-04,-1.310470e-04,-1.464438e-04,-1.631983e-04,-1.854705e-04,-2.278599e-04,-2.919891e-04,-3.623600e-04,-4.138443e-04,-4.398547e-04,-4.408684e-04,-4.050851e-04,-3.110879e-04,-1.736465e-04,-5.205097e-05,2.360824e-05,6.128403e-05,6.932771e-05,5.498286e-05,2.247234e-05,-1.432201e-05,-4.451653e-05,-7.067542e-05,-1.025766e-04,-1.297414e-04,-1.300757e-04,-8.293684e-05,2.153734e-05,1.892446e-04,3.909650e-04,5.936380e-04,7.959764e-04,1.094318e-04,1.656258e-05,-7.770325e-05,-1.617356e-04,-2.253846e-04,-2.698840e-04,-3.074803e-04,-3.336474e-04,-3.453920e-04,-3.423877e-04,-3.260030e-04,-2.851785e-04,-2.162506e-04,-1.292288e-04,-8.510263e-05,-9.859304e-05,-1.303968e-04,-1.575404e-04,-1.840654e-04,-2.255511e-04,-2.758367e-04,-3.192486e-04,-3.475110e-04,-3.584423e-04,-3.517021e-04,-3.257746e-04,-2.933813e-04,-2.651324e-04,-2.399459e-04,-2.008805e-04,-1.221113e-04,-2.338378e-05,7.345440e-05
