2.359373e-04,-7.342790e-06,8.997225e-07,2.638641e-05,1.371088e-05,1.112179e-06,-2.399448e-06,-9.066664e-06,-2.643611e-06,5.779454e-06,5.754988e-06,1.628984e-06,-2.062729e-05,2.581603e-06,-1.055593e-05,-2.234365e-05,-3.686407e-05,-3.137418e-05,-1.476471e-05,-3.111300e-06,-4.136899e-06,1.021373e-06,2.362960e-06,1.596271e-06,1.869988e-08,-7.208994e-06,-1.399567e-05,-1.105208e-05,6.488727e-06,2.366846e-05,3.782651e-05,3.752279e-05,-5.405934e-06,-5.553540e-05,-1.077066e-04,-1.546279e-04,-1.017500e-03,-1.007610e-03,-9.977378e-04,-9.877942e-04,-9.781161e-04,-9.663367e-04,-9.588253e-04,-9.536124e-04,-9.492520e-04,-9.384406e-04,-9.177430e-04,-8.940417e-04,-8.834596e-04,-8.800974e-04,-8.845863e-04,-8.935019e-04,-9.052190e-04,-9.175181e-04,-9.281457e-04,-9.345610e-04,-9.393488e-04,-9.413736e-04,-9.411719e-04,-9.344885e-04,-9.299968e-04,-9.259462e-04,-9.177761e-04,-9.090497e-04,-8.977601e-04,-8.822828e-04,-8.617296e-04,-8.444751e-04,-8.264723e-04,3.133505e-05,3.244793e-05,3.351555e-05,3.620081e-05,4.196525e-05,5.315027e-05,6.594642e-05,7.623623e-05,7.999968e-05,7.313432e-05,5.612525e-05,4.423012e-05,3.671358e-05,2.948633e-05,2.512265e-05,2.159789e-05,1.941966e-05,1.788368e-05,1.796114e-05,2.138444e-05,2.471384e-05,2.793912e-05,3.052184e-05,3.200161e-05,3.193469e-05,2.957288e-05,2.432286e-05,2.341347e-05,2.686868e-05,3.762122e-05,4.930562e-05,6.212815e-05,7.551290e-05,1.319690e-03,1.260449e-03,1.200936e-03,1.137751e-03,1.076858e-03,1.014859e-03,9.683874e-04,9.299286e-04,8.946842e-04,8.474891e-04,7.906830e-04,7.472613e-04,7.515311e-04,7.904191e-04,8.680158e-04,9.594270e-04,1.023475e-03,1.051024e-03,1.058176e-03,1.045039e-03,1.025551e-03,1.002153e-03,9.823080e-04,9.608839e-04,9.420274e-04,9.110141e-04,8.537649e-04,7.909993e-04,7.374834e-04,7.043286e-04,6.785808e-04,6.716029e-04,6.625695e-04,-7.584620e-05,-9.221462e-05,-1.088052e-04,-1.225820e-04,-1.232962e-04,-1.053945e-04,-7.387600e-05,-4.345276e-05,-2.064406e-05,-1.316337e-05,-1.911259e-05,-1.870029e-05,-1.527995e-05,-1.742091e-05,-2.331754e-05,-4.834931e-05,-8.272138e-05,-1.190062e-04,-1.400311e-04,-1.369328e-04,-1.119281e-04,-7.155115e-05,-2.165910e-05,3.257655e-05,8.323741e-05,1.159009e-04,1.231018e-04,9.972946e-05,4.874770e-05,-7.858374e-06,-7.803165e-05,-1.562158e-04,-2.324683e-04
-7.342790e-06,2.354810e-04,-8.213996e-07,-1.419094e-05,-3.167291e-05,-4.200091e-05,-6.007071e-05,-7.059071e-05,-7.744786e-05,-7.349398e-05,-5.671013e-05,-5.728292e-05,-3.262081e-05,-3.660890e-05,-3.543266e-05,-3.916050e-05,-4.808243e-05,-3.038453e-05,-1.219032e-05,-3.420609e-05,-3.101939e-05,-3.488919e-05,-3.050118e-05,-3.952723e-05,-5.036188e-05,-5.797445e-05,-6.043525e-05,-5.734654e-05,-5.832129e-05,-5.117665e-05,-5.960088e-05,-5.455698e-05,-7.207036e-06,3.347105e-05,1.064213e-04,1.849048e-04,1.096307e-04,9.856496e-05,8.748617e-05,7.645515e-05,6.511301e-05,5.640444e-05,5.276122e-05,5.771443e-05,6.668924e-05,7.030268e-05,6.254530e-05,4.914543e-05,3.578555e-05,2.328932e-05,1.663782e-05,8.129245e-06,-8.478665e-07,-8.531722e-06,-1.316402e-05,-1.124368e-05,-3.743701e-06,6.976703e-06,1.874936e-05,2.959866e-05,3.906198e-05,4.554575e-05,4.547236e-05,4.040150e-05,2.352264e-05,-8.485825e-06,-5.000169e-05,-9.387905e-05,-1.372817e-04,-1.050134e-03,-1.037777e-03,-1.025111e-03,-1.009190e-03,-9.956314e-04,-9.831435e-04,-9.721261e-04,-9.599178e-04,-9.441158e-04,-9.227357e-04,-8.961698e-04,-8.775667e-04,-8.669630e-04,-8.709635e-04,-8.792913e-04,-8.925177e-04,-8.971980e-04,-8.965156e-04,-8.982349e-04,-8.959269e-04,-8.904945e-04,-8.835921e-04,-8.768016e-04,-8.716956e-04,-8.698430e-04,-8.727329e-04,-8.798031e-04,-8.960649e-04,-9.162464e-04,-9.336907e-04,-9.408162e-04,-9.406319e-04,-9.399502e-04,-7.200706e-05,-8.529684e-05,-9.860309e-05,-1.106605e-04,-1.121498e-04,-9.535980e-05,-6.402566e-05,-3.133768e-05,-7.164912e-06,2.785878e-06,-6.297961e-07,-1.684229e-06,-5.342573e-06,-1.625796e-05,-2.867039e-05,-5.464003e-05,-8.605932e-05,-1.183434e-04,-1.367725e-04,-1.333680e-04,-1.092122e-04,-7.095643e-05,-2.458824e-05,2.535701e-05,7.330867e-05,1.071833e-04,1.185113e-04,1.013565e-04,5.600498e-05,-4.529688e-07,-7.044312e-05,-1.454791e-04,-2.190329e-04,9.394063e-04,9.832504e-04,1.026188e-03,1.065487e-03,1.106129e-03,1.129352e-03,1.132013e-03,1.097083e-03,1.028273e-03,9.301933e-04,8.235499e-04,7.517851e-04,7.105651e-04,7.150412e-04,7.469043e-04,8.129311e-04,8.869552e-04,9.576645e-04,1.024756e-03,1.074072e-03,1.110025e-03,1.126569e-03,1.121535e-03,1.085872e-03,1.033430e-03,9.771517e-04,9.102010e-04,8.524094e-04,8.066668e-04,7.643887e-04,7.250913e-04,6.684071e-04,6.120459e-04
8.997225e-07,-8.213996e-07,4.922987e-05,-4.607928e-04,-4.607243e-04,-4.594662e-04,-4.420998e-04,-4.416706e-04,-4.202509e-04,-4.327796e-04,-4.416884e-04,-4.566281e-04,-4.496539e-04,-4.087182e-04,-3.703635e-04,-3.362422e-04,-3.336228e-04,-3.582013e-04,-4.141596e-04,-4.440379e-04,-4.352944e-04,-4.389045e-04,-4.202052e-04,-4.192447e-04,-4.231774e-04,-4.415170e-04,-4.317885e-04,-4.266302e-04,-4.287822e-04,-3.959391e-04,-3.823544e-04,-3.652295e-04,-3.640616e-04,-3.683051e-04,-3.784362e-04,-3.835969e-04,-6.486528e-06,-2.505095e-06,1.517069e-06,5.384353e-06,9.852335e-06,1.021289e-05,6.219775e-07,-1.455057e-05,-2.278854e-05,-2.550743e-05,-2.463865e-05,-2.244624e-05,-2.063985e-05,-2.043258e-05,-2.196679e-05,-2.329747e-05,-2.445524e-05,-2.604734e-05,-2.949309e-05,-2.982485e-05,-2.371220e-05,-1.302720e-05,2.426106e-06,1.798183e-05,2.165921e-05,1.462697e-05,5.371855e-06,4.214735e-07,-1.815023e-06,1.383463e-07,2.217489e-06,1.996354e-06,2.264770e-06,2.890730e-05,1.563920e-05,2.155891e-06,-7.545306e-06,-9.539124e-06,-9.110864e-06,-1.034764e-05,-1.220255e-05,-1.433852e-05,-1.628636e-05,-1.638740e-05,-1.272109e-05,-7.169093e-06,-2.477035e-06,4.390104e-06,1.870786e-05,3.653207e-05,4.507624e-05,4.166533e-05,3.364217e-05,2.605849e-05,1.905571e-05,1.380242e-05,1.102852e-05,1.154034e-05,1.716619e-05,2.198836e-05,2.235350e-05,2.257975e-05,2.230368e-05,2.049860e-05,2.005381e-05,1.992290e-05,-2.662843e-06,-2.930940e-06,-3.244868e-06,-3.961721e-06,-6.690781e-06,-5.698302e-06,6.349379e-06,2.644920e-05,4.146847e-05,5.080778e-05,5.524151e-05,4.688214e-05,1.896751e-05,-1.182840e-05,-2.599629e-05,-2.543059e-05,-1.782708e-05,-7.004055e-06,7.413582e-06,1.828304e-05,2.209999e-05,2.169325e-05,1.740087e-05,1.460172e-05,2.368046e-05,4.124647e-05,5.638705e-05,5.683530e-05,3.476637e-05,-1.231749e-05,-6.482574e-05,-1.115536e-04,-1.587108e-04,-3.300128e-05,-1.585673e-05,1.747912e-06,1.288900e-05,1.410682e-05,1.269448e-05,1.433202e-05,1.670969e-05,1.892084e-05,2.027068e-05,1.440056e-05,-4.396980e-06,-2.349830e-05,-2.132547e-05,-1.180542e-05,-1.131375e-05,-1.824247e-05,-1.791044e-05,-8.229662e-06,1.689448e-06,8.317111e-06,1.237691e-05,1.370690e-05,1.180829e-05,5.981088e-06,-6.534822e-06,-1.613112e-05,-1.540519e-05,-6.335012e-06,-7.771576e-06,-3.300725e-05,-7.002354e-05,-1.058664e-04
2.638641e-05,-1.419094e-05,-4.607928e-04,1.039282e-01,4.066407e-02,9.302148e-04,-6.604546e-03,1.790461e-04,3.873390e-03,4.620213e-03,4.680701e-03,4.470675e-03,4.812973e-03,4.954753e-03,4.315579e-03,3.239140e-03,2.803002e-03,2.962661e-03,3.681317e-03,4.209930e-03,4.164105e-03,4.137782e-03,3.924562e-03,3.905990e-03,3.949278e-03,4.134459e-03,4.053119e-03,4.007768e-03,4.023614e-03,3.712416e-03,3.589142e-03,3.431356e-03,3.410624e-03,3.442162e-03,3.525916e-03,3.563291e-03,-5.317571e-03,-4.281503e-03,-3.242301e-03,-2.219711e-03,-1.189821e-03,-3.679344e-04,1.758720e-04,6.282952e-04,8.835344e-04,9.123672e-04,7.873450e-04,6.189405e-04,4.660167e-04,3.310233e-04,2.414365e-04,1.778526e-04,1.354781e-04,1.164902e-04,1.309952e-04,1.265922e-04,6.767170e-05,-2.948410e-05,-1.688078e-04,-3.077347e-04,-3.367967e-04,-2.680098e-04,-1.802929e-04,-1.345300e-04,-1.134529e-04,-1.293306e-04,-1.445177e-04,-1.383803e-04,-1.367731e-04,-2.600478e-02,-1.897263e-02,-1.182876e-02,-6.020004e-03,-1.795178e-03,1.011732e-03,2.436346e-03,2.863656e-03,2.607840e-03,2.005115e-03,1.274670e-03,6.275354e-04,1.639245e-04,-7.754901e-05,-1.893665e-04,-2.874792e-04,-3.864945e-04,-4.068497e-04,-3.284516e-04,-2.207170e-04,-1.312357e-04,-5.794083e-05,-9.190283e-06,1.099469e-05,-2.251384e-06,-6.324648e-05,-1.151281e-04,-1.218771e-04,-1.246850e-04,-1.210939e-04,-1.038172e-04,-9.979537e-05,-9.867518e-05,5.881593e-04,4.384431e-04,2.871055e-04,2.164720e-04,1.948507e-04,1.655569e-04,6.076294e-05,-1.200689e-04,-2.547711e-04,-3.379510e-04,-3.799441e-04,-3.092599e-04,-5.361747e-05,2.357677e-04,3.759313e-04,3.825903e-04,3.211946e-04,2.254743e-04,9.253853e-05,-1.153312e-05,-5.183632e-05,-5.416533e-05,-2.027326e-05,-1.066784e-06,-9.269167e-05,-2.643885e-04,-4.152047e-04,-4.267425e-04,-2.236618e-04,2.174933e-04,7.116388e-04,1.154803e-03,1.601562e-03,1.699545e-03,1.320298e-03,9.379083e-04,5.518830e-04,2.259843e-04,-2.884890e-06,-1.709646e-04,-2.676862e-04,-3.058380e-04,-3.000183e-04,-2.112188e-04,-8.692202e-06,1.823325e-04,1.580668e-04,5.780794e-05,3.498904e-05,8.055330e-05,6.226218e-05,-3.840060e-05,-1.350369e-04,-1.958095e-04,-2.282047e-04,-2.317054e-04,-2.018887e-04,-1.346635e-04,-7.487026e-06,8.927813e-05,8.396068e-05,-4.579605e-06,4.201442e-06,2.336308e-04,5.737716e-04,9.031740e-04
1.371088e-05,-3.167291e-05,-4.607243e-04,4.066407e-02,2.578065e-02,5.785651e-03,8.813183e-04,2.322873e-03,3.479108e-03,4.173746e-03,4.415012e-03,4.390017e-03,4.576707e-03,4.490889e-03,3.970987e-03,3.223880e-03,2.949426e-03,3.123886e-03,3.759267e-03,4.189868e-03,4.130370e-03,4.130581e-03,3.932971e-03,3.918972e-03,3.960184e-03,4.140352e-03,4.055428e-03,4.008800e-03,4.026433e-03,3.715842e-03,3.592036e-03,3.432776e-03,3.410508e-03,3.440793e-03,3.520874e-03,3.553899e-03,-2.487703e-03,-2.021899e-03,-1.555028e-03,-1.095271e-03,-6.487124e-04,-2.579264e-04,8.229046e-05,3.915485e-04,5.775501e-04,6.133038e-04,5.453157e-04,4.432446e-04,3.472660e-04,2.662925e-04,2.182571e-04,1.859251e-04,1.660695e-04,1.620269e-04,1.848462e-04,1.840993e-04,1.260052e-04,2.747223e-05,-1.144811e-04,-2.566983e-04,-2.885693e-04,-2.215449e-04,-1.343198e-04,-8.796341e-05,-6.529785e-05,-7.876819e-05,-9.120097e-05,-8.196317e-05,-7.732940e-05,-1.325882e-02,-9.239365e-03,-5.142684e-03,-1.944810e-03,1.779202e-04,1.459333e-03,2.024680e-03,2.076945e-03,1.796105e-03,1.367648e-03,9.002207e-04,4.938050e-04,2.017553e-04,4.865747e-05,-3.579566e-05,-1.423213e-04,-2.655398e-04,-3.084422e-04,-2.478325e-04,-1.533633e-04,-7.221707e-05,-3.411947e-06,4.394643e-05,6.499301e-05,5.407147e-05,-3.969839e-06,-5.287546e-05,-5.679494e-05,-5.722895e-05,-5.215612e-05,-3.428243e-05,-3.027063e-05,-2.922976e-05,2.545569e-04,1.806888e-04,1.059688e-04,8.628303e-05,1.070548e-04,1.017788e-04,1.683121e-06,-1.758747e-04,-3.099375e-04,-3.929337e-04,-4.333181e-04,-3.592502e-04,-1.007813e-04,1.894299e-04,3.280242e-04,3.328520e-04,2.710683e-04,1.766884e-04,4.496321e-05,-5.861299e-05,-9.983795e-05,-1.040330e-04,-7.283490e-05,-5.643356e-05,-1.507755e-04,-3.233902e-04,-4.719278e-04,-4.787198e-04,-2.692708e-04,1.779595e-04,6.788110e-04,1.128024e-03,1.580833e-03,1.248053e-03,8.978343e-04,5.434150e-04,2.125823e-04,-2.910674e-05,-1.815394e-04,-2.949038e-04,-3.586038e-04,-3.807570e-04,-3.691668e-04,-2.796951e-04,-7.740363e-05,1.152369e-04,9.365061e-05,-4.597173e-06,-2.690881e-05,1.830393e-05,-1.851826e-06,-1.061147e-04,-2.068396e-04,-2.721827e-04,-3.086799e-04,-3.151767e-04,-2.861467e-04,-2.180771e-04,-8.859066e-05,1.285966e-05,1.333496e-05,-6.875775e-05,-5.350793e-05,1.828896e-04,5.317487e-04,8.697384e-04
1.112179e-06,-4.200091e-05,-4.594662e-04,9.302148e-04,5.785651e-03,1.279931e-02,8.156035e-03,4.592956e-03,3.013924e-03,3.739484e-03,4.139862e-03,4.294870e-03,4.332671e-03,4.038183e-03,3.648344e-03,3.216473e-03,3.084117e-03,3.264359e-03,3.819495e-03,4.157692e-03,4.087174e-03,4.112752e-03,3.930098e-03,3.919836e-03,3.958390e-03,4.133286e-03,4.045519e-03,3.998159e-03,4.017177e-03,3.707919e-03,3.583776e-03,3.423840e-03,3.401383e-03,3.431667e-03,3.510185e-03,3.541253e-03,-3.261266e-04,-3.250813e-04,-3.250659e-04,-3.225502e-04,-3.533105e-04,-2.879002e-04,-6.131027e-05,1.606955e-04,3.067918e-04,3.574328e-04,3.410053e-04,2.934472e-04,2.429012e-04,2.061472e-04,1.930526e-04,1.880500e-04,1.888045e-04,1.992855e-04,2.308828e-04,2.349444e-04,1.793462e-04,8.134942e-05,-6.131911e-05,-2.052072e-04,-2.388934e-04,-1.733552e-04,-8.693130e-05,-4.055331e-05,-1.722682e-05,-2.952593e-05,-4.068519e-05,-2.995320e-05,-2.387325e-05,-2.245372e-05,9.553407e-04,1.975244e-03,2.498469e-03,2.436180e-03,2.112789e-03,1.751678e-03,1.373322e-03,1.023548e-03,7.369980e-04,5.098248e-04,3.298207e-04,2.025500e-04,1.366306e-04,8.208013e-05,-2.920699e-05,-1.725775e-04,-2.346346e-04,-1.897051e-04,-1.073672e-04,-3.417222e-05,2.993434e-05,7.526657e-05,9.628106e-05,8.669297e-05,3.072273e-05,-1.601256e-05,-1.805723e-05,-1.698404e-05,-1.111205e-05,6.968899e-06,1.083315e-05,1.168059e-05,-8.758309e-06,-2.745448e-05,-4.653281e-05,-3.182136e-05,1.998487e-05,3.164023e-05,-6.638574e-05,-2.395174e-04,-3.703223e-04,-4.502935e-04,-4.867017e-04,-4.076067e-04,-1.461290e-04,1.442015e-04,2.805173e-04,2.825915e-04,2.194417e-04,1.254793e-04,-5.403813e-06,-1.082248e-04,-1.496002e-04,-1.545280e-04,-1.247118e-04,-1.096554e-04,-2.050205e-04,-3.770943e-04,-5.226750e-04,-5.252829e-04,-3.114385e-04,1.389522e-04,6.430492e-04,1.094859e-03,1.550299e-03,7.233398e-04,4.327378e-04,1.375866e-04,-1.127338e-04,-2.538349e-04,-3.216517e-04,-3.776276e-04,-4.093831e-04,-4.186894e-04,-4.056561e-04,-3.203002e-04,-1.220276e-04,6.982302e-05,5.074576e-05,-4.446452e-05,-6.437281e-05,-1.755482e-05,-3.748229e-05,-1.430689e-04,-2.460958e-04,-3.146801e-04,-3.545853e-04,-3.641031e-04,-3.369011e-04,-2.696505e-04,-1.398406e-04,-3.598933e-05,-3.151433e-05,-1.084101e-04,-8.809611e-05,1.533540e-04,5.081870e-04,8.520608e-04
-2.399448e-06,-6.007071e-05,-4.420998e-04,-6.604546e-03,8.813183e-04,8.156035e-03,1.467380e-02,6.003134e-03,2.815983e-03,3.107649e-03,3.719483e-03,4.051089e-03,4.033101e-03,3.534838e-03,3.158531e-03,2.999925e-03,3.053571e-03,3.277717e-03,3.751033e-03,3.993045e-03,3.905453e-03,3.949315e-03,3.788596e-03,3.784542e-03,3.821662e-03,3.985075e-03,3.895565e-03,3.847463e-03,3.868734e-03,3.573025e-03,3.453279e-03,3.297140e-03,3.272557e-03,3.297704e-03,3.366452e-03,3.389074e-03,5.932247e-03,4.815050e-03,3.694769e-03,2.586031e-03,1.424171e-03,5.155810e-04,8.424402e-05,-9.901222e-05,-1.385664e-04,-1.035628e-04,-3.630700e-05,3.289960e-05,8.347465e-05,1.308489e-04,1.751021e-04,2.058978e-04,2.259094e-04,2.430750e-04,2.726445e-04,2.712121e-04,2.099861e-04,1.068024e-04,-3.902551e-05,-1.846151e-04,-2.222156e-04,-1.616380e-04,-7.810990e-05,-3.113802e-05,-4.919031e-06,-1.208468e-05,-1.769067e-05,-2.023003e-06,9.126256e-06,3.882455e-03,3.721090e-03,3.577677e-03,3.175694e-03,2.359726e-03,1.498360e-03,9.184459e-04,5.351233e-04,3.308514e-04,2.621804e-04,2.766101e-04,2.977191e-04,3.015610e-04,2.919907e-04,2.420531e-04,1.129832e-04,-5.632110e-05,-1.442992e-04,-1.221111e-04,-5.644331e-05,7.437475e-06,6.799282e-05,1.145683e-04,1.404020e-04,1.380750e-04,9.091369e-05,5.156942e-05,5.433617e-05,5.896489e-05,6.714266e-05,8.608339e-05,9.074764e-05,9.245789e-05,4.113758e-05,1.551723e-05,-1.002492e-05,-1.549443e-05,2.577464e-05,3.555997e-05,-6.510822e-05,-2.374560e-04,-3.695357e-04,-4.516897e-04,-4.903752e-04,-4.156169e-04,-1.621460e-04,1.198735e-04,2.534415e-04,2.583380e-04,2.007891e-04,1.137109e-04,-1.019355e-05,-1.089907e-04,-1.506310e-04,-1.585092e-04,-1.337619e-04,-1.234276e-04,-2.191553e-04,-3.872638e-04,-5.275033e-04,-5.276463e-04,-3.172358e-04,1.214603e-04,6.129022e-04,1.054138e-03,1.498776e-03,1.283915e-04,-8.309475e-05,-2.985269e-04,-4.615019e-04,-5.068811e-04,-4.942532e-04,-4.944986e-04,-4.930785e-04,-4.868367e-04,-4.684549e-04,-3.833466e-04,-1.906372e-04,-3.702063e-06,-2.053164e-05,-1.118129e-04,-1.328880e-04,-9.053317e-05,-1.134705e-04,-2.198022e-04,-3.231298e-04,-3.928747e-04,-4.338394e-04,-4.439479e-04,-4.161364e-04,-3.481813e-04,-2.191918e-04,-1.136908e-04,-1.039789e-04,-1.731034e-04,-1.489131e-04,8.805902e-05,4.357288e-04,7.727922e-04
-9.066664e-06,-7.059071e-05,-4.416706e-04,1.790461e-04,2.322873e-03,4.592956e-03,6.003134e-03,9.862127e-03,5.391073e-03,4.179802e-03,3.344353e-03,3.720229e-03,3.792168e-03,3.326877e-03,3.041301e-03,2.964724e-03,3.070495e-03,3.329114e-03,3.782482e-03,3.988172e-03,3.891679e-03,3.941451e-03,3.785482e-03,3.784097e-03,3.822198e-03,3.984810e-03,3.894134e-03,3.844705e-03,3.866744e-03,3.571729e-03,3.451729e-03,3.294738e-03,3.269394e-03,3.293390e-03,3.359448e-03,3.379059e-03,3.930753e-03,3.007662e-03,2.081018e-03,1.168452e-03,2.028391e-04,-4.794667e-04,-6.399939e-04,-5.457462e-04,-4.214867e-04,-2.680409e-04,-1.234414e-04,-8.171612e-06,7.195834e-05,1.409303e-04,2.002709e-04,2.404318e-04,2.655530e-04,2.844625e-04,3.133870e-04,3.097344e-04,2.454614e-04,1.388208e-04,-1.032152e-05,-1.588436e-04,-1.987242e-04,-1.393521e-04,-5.584104e-05,-7.961195e-06,1.984134e-05,1.470776e-05,1.129677e-05,2.932307e-05,4.279641e-05,2.115935e-03,1.714227e-03,1.311803e-03,8.621779e-04,2.111199e-04,-3.478769e-04,-5.359712e-04,-5.101335e-04,-3.378486e-04,-1.054936e-04,1.334044e-04,2.961108e-04,3.712532e-04,3.845936e-04,3.295590e-04,1.854411e-04,-7.301558e-07,-1.026420e-04,-9.026421e-05,-3.082072e-05,3.012278e-05,9.030472e-05,1.384452e-04,1.671199e-04,1.682712e-04,1.245323e-04,8.810968e-05,9.325292e-05,9.962857e-05,1.088622e-04,1.282965e-04,1.331145e-04,1.349423e-04,-1.135873e-05,-9.512955e-06,-7.118985e-06,1.709923e-06,5.001226e-05,5.843563e-05,-5.619812e-05,-2.473191e-04,-3.897009e-04,-4.770303e-04,-5.159839e-04,-4.393665e-04,-1.848049e-04,9.717565e-05,2.293312e-04,2.328652e-04,1.748995e-04,8.850001e-05,-3.473787e-05,-1.332933e-04,-1.755153e-04,-1.845304e-04,-1.614125e-04,-1.527843e-04,-2.500891e-04,-4.187067e-04,-5.576849e-04,-5.552385e-04,-3.414087e-04,1.004229e-04,5.953741e-04,1.039846e-03,1.487709e-03,-1.937874e-04,-3.601854e-04,-5.306347e-04,-6.383201e-04,-6.267478e-04,-5.763020e-04,-5.598685e-04,-5.506785e-04,-5.383781e-04,-5.149591e-04,-4.248149e-04,-2.282718e-04,-3.844584e-05,-5.421244e-05,-1.460278e-04,-1.687356e-04,-1.281378e-04,-1.529844e-04,-2.616976e-04,-3.674108e-04,-4.396620e-04,-4.827494e-04,-4.942917e-04,-4.666377e-04,-3.979533e-04,-2.674960e-04,-1.591948e-04,-1.460721e-04,-2.114474e-04,-1.836086e-04,5.707359e-05,4.093779e-04,7.510141e-04
-2.643611e-06,-7.744786e-05,-4.202509e-04,3.873390e-03,3.479108e-03,3.013924e-03,2.815983e-03,5.391073e-03,1.277910e-02,6.425248e-03,3.036312e-03,2.885084e-03,3.353798e-03,3.223506e-03,3.108149e-03,2.925712e-03,2.867944e-03,3.071648e-03,3.549133e-03,3.801413e-03,3.720855e-03,3.758642e-03,3.602108e-03,3.597926e-03,3.634605e-03,3.792733e-03,3.710053e-03,3.664075e-03,3.683486e-03,3.401234e-03,3.288197e-03,3.139586e-03,3.112192e-03,3.132789e-03,3.192079e-03,3.207003e-03,-2.144763e-03,-2.311631e-03,-2.481550e-03,-2.639222e-03,-2.840591e-03,-2.783677e-03,-2.181748e-03,-1.292112e-03,-6.705785e-04,-2.285566e-04,2.478065e-05,1.407010e-04,1.806094e-04,1.954214e-04,2.113681e-04,2.219158e-04,2.280178e-04,2.362825e-04,2.601361e-04,2.568658e-04,1.982103e-04,1.005971e-04,-3.725229e-05,-1.750722e-04,-2.106172e-04,-1.530456e-04,-7.352585e-05,-2.862457e-05,-2.566880e-06,-6.953566e-06,-9.040968e-06,9.321887e-06,2.334322e-05,7.315115e-04,5.726724e-04,4.081455e-04,2.542984e-04,-5.283796e-05,-3.147226e-04,-3.191995e-04,-2.275721e-04,-8.810854e-05,5.765861e-05,2.092167e-04,3.053704e-04,3.409786e-04,3.426648e-04,2.984691e-04,1.779614e-04,2.011144e-05,-6.118538e-05,-3.789768e-05,2.573983e-05,8.670785e-05,1.438649e-04,1.873415e-04,2.109911e-04,2.080418e-04,1.629026e-04,1.256773e-04,1.294098e-04,1.353689e-04,1.445086e-04,1.629978e-04,1.672718e-04,1.686920e-04,1.669546e-05,2.651770e-05,3.690314e-05,4.997085e-05,9.762117e-05,1.085128e-04,-4.771415e-06,-2.078647e-04,-3.511635e-04,-4.361994e-04,-4.705991e-04,-3.947179e-04,-1.506553e-04,1.190193e-04,2.456998e-04,2.504392e-04,1.964296e-04,1.149746e-04,-2.199112e-06,-9.691933e-05,-1.387539e-04,-1.494731e-04,-1.297603e-04,-1.240126e-04,-2.189463e-04,-3.814516e-04,-5.154357e-04,-5.137679e-04,-3.095456e-04,1.125692e-04,5.859585e-04,1.011969e-03,1.441096e-03,-2.679755e-04,-4.328559e-04,-6.017935e-04,-7.075473e-04,-7.034266e-04,-6.668216e-04,-6.565902e-04,-6.453653e-04,-6.181359e-04,-5.741578e-04,-4.648112e-04,-2.587025e-04,-6.636365e-05,-7.706801e-05,-1.652901e-04,-1.916433e-04,-1.590235e-04,-1.880728e-04,-2.958800e-04,-3.990455e-04,-4.689471e-04,-5.096706e-04,-5.191035e-04,-4.897914e-04,-4.208252e-04,-2.934243e-04,-1.873393e-04,-1.730008e-04,-2.345470e-04,-2.076537e-04,2.133524e-05,3.571061e-04,6.827570e-04
5.779454e-06,-7.349398e-05,-4.327796e-04,4.620213e-03,4.173746e-03,3.739484e-03,3.107649e-03,4.179802e-03,6.425248e-03,1.020184e-02,4.542690e-03,3.803047e-03,3.628885e-03,3.695899e-03,3.604660e-03,3.173115e-03,2.924191e-03,3.031955e-03,3.565939e-03,3.917431e-03,3.864148e-03,3.886666e-03,3.707741e-03,3.696018e-03,3.732495e-03,3.900621e-03,3.821818e-03,3.778773e-03,3.795205e-03,3.501248e-03,3.386331e-03,3.236247e-03,3.206995e-03,3.229873e-03,3.293653e-03,3.311923e-03,-3.822403e-03,-3.526315e-03,-3.231518e-03,-2.931605e-03,-2.650375e-03,-2.245038e-03,-1.463282e-03,-4.023590e-04,2.005827e-04,4.786081e-04,5.066400e-04,4.119530e-04,2.994843e-04,2.047589e-04,1.517466e-04,1.252519e-04,1.179140e-04,1.292483e-04,1.653227e-04,1.770378e-04,1.328408e-04,4.826688e-05,-7.974714e-05,-2.107410e-04,-2.397869e-04,-1.773243e-04,-9.633683e-05,-5.373570e-05,-3.154019e-05,-4.039270e-05,-4.649764e-05,-3.164166e-05,-2.123625e-05,-3.722397e-04,1.039673e-04,5.777778e-04,1.038432e-03,1.328249e-03,1.446254e-03,1.464012e-03,1.326914e-03,1.081003e-03,8.111215e-04,5.662978e-04,3.713798e-04,2.437244e-04,1.917854e-04,1.629723e-04,8.147175e-05,-3.312224e-05,-7.496707e-05,-2.066625e-05,6.268146e-05,1.321490e-04,1.891842e-04,2.259747e-04,2.386536e-04,2.226310e-04,1.644478e-04,1.169719e-04,1.144804e-04,1.168667e-04,1.241558e-04,1.415729e-04,1.445250e-04,1.445709e-04,6.544812e-05,8.649444e-05,1.080262e-04,1.325186e-04,1.812450e-04,1.926339e-04,7.488786e-05,-1.521152e-04,-3.101946e-04,-4.037204e-04,-4.417232e-04,-3.664727e-04,-1.193363e-04,1.557628e-04,2.857319e-04,2.912283e-04,2.358450e-04,1.513298e-04,3.010391e-05,-6.778247e-05,-1.105834e-04,-1.209509e-04,-9.960199e-05,-9.270178e-05,-1.895415e-04,-3.568421e-04,-4.963696e-04,-4.972024e-04,-2.899411e-04,1.420442e-04,6.266412e-04,1.062979e-03,1.502494e-03,-1.366125e-04,-3.191561e-04,-5.062183e-04,-6.288244e-04,-6.510880e-04,-6.424974e-04,-6.515893e-04,-6.452089e-04,-6.098128e-04,-5.531045e-04,-4.337576e-04,-2.218311e-04,-2.836451e-05,-4.516125e-05,-1.406678e-04,-1.716641e-04,-1.414025e-04,-1.729684e-04,-2.837598e-04,-3.885491e-04,-4.581640e-04,-4.974143e-04,-5.046331e-04,-4.727720e-04,-4.008763e-04,-2.698970e-04,-1.623536e-04,-1.502960e-04,-2.170724e-04,-1.928168e-04,3.915390e-05,3.803350e-04,7.111735e-04
5.754988e-06,-5.671013e-05,-4.416884e-04,4.680701e-03,4.415012e-03,4.139862e-03,3.719483e-03,3.344353e-03,3.036312e-03,4.542690e-03,1.175176e-02,7.297907e-03,4.547990e-03,3.721680e-03,3.692134e-03,3.291859e-03,3.179288e-03,3.249228e-03,3.684187e-03,3.970138e-03,3.932766e-03,3.969504e-03,3.781411e-03,3.766560e-03,3.800565e-03,3.972937e-03,3.894874e-03,3.855651e-03,3.871456e-03,3.569954e-03,3.452987e-03,3.302484e-03,3.274658e-03,3.302853e-03,3.375408e-03,3.401781e-03,-3.391593e-03,-2.624925e-03,-1.858331e-03,-1.091513e-03,-3.257799e-04,4.589439e-04,1.338947e-03,2.133415e-03,2.164458e-03,1.690925e-03,1.074922e-03,5.261191e-04,1.775729e-04,-1.369793e-05,-9.661504e-05,-1.155174e-04,-8.897067e-05,-3.080992e-05,5.118040e-05,1.015241e-04,8.806024e-05,2.672797e-05,-8.558962e-05,-2.070767e-04,-2.291617e-04,-1.629371e-04,-8.233476e-05,-4.372206e-05,-2.750672e-05,-4.346783e-05,-5.684191e-05,-4.891975e-05,-4.552337e-05,-3.814402e-04,-8.145434e-05,2.202399e-04,4.897741e-04,6.875461e-04,8.294892e-04,9.161400e-04,9.044460e-04,8.167043e-04,7.251320e-04,5.182695e-04,3.044697e-04,1.667431e-04,1.251171e-04,1.183147e-04,5.215311e-05,-5.359965e-05,-7.981620e-05,-1.217406e-05,7.668749e-05,1.446060e-04,1.946873e-04,2.206333e-04,2.201992e-04,1.903451e-04,1.192148e-04,6.158397e-05,5.207614e-05,4.992150e-05,5.430961e-05,6.998540e-05,7.137417e-05,6.983489e-05,1.144677e-04,1.250019e-04,1.359871e-04,1.492377e-04,1.731845e-04,1.526677e-04,1.240370e-05,-2.185363e-04,-3.668639e-04,-4.429690e-04,-4.617109e-04,-3.685252e-04,-1.130062e-04,1.651033e-04,2.940508e-04,2.954636e-04,2.347008e-04,1.445059e-04,1.862186e-05,-8.111268e-05,-1.225854e-04,-1.296126e-04,-1.035769e-04,-9.214242e-05,-1.868496e-04,-3.546573e-04,-4.959913e-04,-4.980710e-04,-2.900495e-04,1.463513e-04,6.353118e-04,1.074651e-03,1.517347e-03,7.297654e-05,-1.141211e-04,-3.052512e-04,-4.366557e-04,-4.797672e-04,-4.916393e-04,-5.099332e-04,-4.998461e-04,-4.501165e-04,-3.847019e-04,-2.837409e-04,-1.020906e-04,6.497544e-05,2.808493e-05,-7.839529e-05,-1.106966e-04,-7.690901e-05,-1.052089e-04,-2.134462e-04,-3.161599e-04,-3.836493e-04,-4.214553e-04,-4.282739e-04,-3.977869e-04,-3.279917e-04,-1.985423e-04,-9.409009e-05,-8.651624e-05,-1.585040e-04,-1.372823e-04,9.610664e-05,4.395930e-04,7.725534e-04
1.628984e-06,-5.728292e-05,-4.566281e-04,4.470675e-03,4.390017e-03,4.294870e-03,4.051089e-03,3.720229e-03,2.885084e-03,3.803047e-03,7.297907e-03,1.253055e-02,6.344851e-03,4.485012e-03,3.406325e-03,2.930568e-03,3.065887e-03,3.403786e-03,3.891839e-03,4.143264e-03,4.058796e-03,4.080810e-03,3.894410e-03,3.889250e-03,3.934228e-03,4.111759e-03,4.023183e-03,3.974735e-03,3.995672e-03,3.689488e-03,3.566124e-03,3.406141e-03,3.380970e-03,3.407573e-03,3.479780e-03,3.504516e-03,-1.232518e-03,-8.497131e-04,-4.669302e-04,-8.413835e-05,2.983503e-04,6.922722e-04,1.150764e-03,1.578376e-03,1.559253e-03,1.103298e-03,6.442572e-04,2.991181e-04,1.294064e-04,8.132648e-05,8.584134e-05,1.040699e-04,1.323723e-04,1.689197e-04,2.198010e-04,2.347914e-04,1.835982e-04,8.566780e-05,-5.898017e-05,-2.052615e-04,-2.416283e-04,-1.781483e-04,-9.226392e-05,-4.501839e-05,-1.965755e-05,-2.883823e-05,-3.637254e-05,-2.202103e-05,-1.231850e-05,-4.983011e-07,8.051607e-05,1.642149e-04,2.081630e-04,1.986381e-04,1.811321e-04,1.874185e-04,2.347768e-04,3.619274e-04,6.359958e-04,7.138826e-04,6.310690e-04,4.895541e-04,3.680354e-04,2.477167e-04,8.543804e-05,-9.567250e-05,-1.793560e-04,-1.461098e-04,-7.041622e-05,5.228983e-08,6.457646e-05,1.126714e-04,1.379671e-04,1.333360e-04,8.213726e-05,3.914485e-05,4.002111e-05,4.339046e-05,5.089621e-05,6.976423e-05,7.401866e-05,7.524358e-05,9.352155e-05,1.040677e-04,1.150348e-04,1.290018e-04,1.546687e-04,1.368947e-04,3.404616e-06,-2.174463e-04,-3.755460e-04,-4.626685e-04,-4.949216e-04,-4.058906e-04,-1.432167e-04,1.449770e-04,2.801686e-04,2.834344e-04,2.223723e-04,1.308268e-04,1.909075e-06,-1.002904e-04,-1.425882e-04,-1.495118e-04,-1.224756e-04,-1.104825e-04,-2.082417e-04,-3.814419e-04,-5.269289e-04,-5.284908e-04,-3.130530e-04,1.382632e-04,6.438832e-04,1.097877e-03,1.555380e-03,6.082086e-05,-1.146295e-04,-2.940705e-04,-4.128505e-04,-4.399557e-04,-4.316012e-04,-4.316377e-04,-4.090795e-04,-3.607509e-04,-3.115940e-04,-2.421800e-04,-8.556483e-05,6.854071e-05,2.057106e-05,-9.277404e-05,-1.242970e-04,-8.428753e-05,-1.082034e-04,-2.159536e-04,-3.199332e-04,-3.890271e-04,-4.285828e-04,-4.368321e-04,-4.069386e-04,-3.364194e-04,-2.035792e-04,-9.587067e-05,-8.756340e-05,-1.609567e-04,-1.379775e-04,1.046029e-04,4.610232e-04,8.065295e-04
-2.062729e-05,-3.262081e-05,-4.496539e-04,4.812973e-03,4.576707e-03,4.332671e-03,4.033101e-03,3.792168e-03,3.353798e-03,3.628885e-03,4.547990e-03,6.344851e-03,1.320363e-02,8.921814e-03,4.981078e-03,1.823033e-03,1.365722e-03,2.315049e-03,3.528966e-03,4.328999e-03,4.199919e-03,4.006173e-03,3.747773e-03,3.745235e-03,3.834198e-03,4.045293e-03,3.965003e-03,3.898929e-03,3.913860e-03,3.615195e-03,3.487998e-03,3.325049e-03,3.318363e-03,3.347896e-03,3.424886e-03,3.456004e-03,-1.933746e-03,-1.590656e-03,-1.247950e-03,-9.037406e-04,-5.653034e-04,-1.892913e-04,2.389242e-04,6.110424e-04,8.167925e-04,8.102318e-04,9.753433e-04,1.182741e-03,1.304197e-03,1.330389e-03,1.293674e-03,1.185297e-03,1.037260e-03,8.797047e-04,7.564961e-04,6.245811e-04,4.502420e-04,2.552833e-04,4.164237e-05,-1.477659e-04,-2.099604e-04,-1.542132e-04,-6.146521e-05,2.026257e-06,4.497250e-05,4.924256e-05,5.163024e-05,7.520723e-05,9.428347e-05,-1.000079e-03,-4.489556e-04,1.032480e-04,6.392187e-04,1.144972e-03,1.680739e-03,2.260586e-03,2.806327e-03,3.246360e-03,3.513573e-03,3.173270e-03,2.328996e-03,1.319923e-03,5.282959e-04,-4.427415e-05,-4.031219e-04,-6.284435e-04,-7.342144e-04,-6.981763e-04,-5.909415e-04,-4.722078e-04,-3.468999e-04,-2.316004e-04,-1.384833e-04,-8.057390e-05,-8.115836e-05,-8.800368e-05,-6.621592e-05,-5.442191e-05,-4.465206e-05,-2.346778e-05,-1.569901e-05,-1.089843e-05,-5.634617e-05,-4.664846e-05,-3.646932e-05,-2.411295e-05,7.787775e-07,-1.690490e-05,-1.408515e-04,-3.402372e-04,-4.931036e-04,-5.864246e-04,-6.265931e-04,-5.348615e-04,-2.604335e-04,3.954290e-05,1.806051e-04,1.833428e-04,1.205055e-04,2.836016e-05,-1.000197e-04,-1.994576e-04,-2.376562e-04,-2.396209e-04,-2.077982e-04,-1.901640e-04,-2.808794e-04,-4.461283e-04,-5.838751e-04,-5.821651e-04,-3.702451e-04,7.132906e-05,5.647020e-04,1.005122e-03,1.449315e-03,1.247964e-04,-3.551979e-05,-2.001244e-04,-3.024595e-04,-3.091876e-04,-2.793539e-04,-2.590100e-04,-2.249647e-04,-1.802686e-04,-1.438044e-04,-1.025198e-04,3.293934e-05,1.756126e-04,1.100361e-04,-1.893784e-05,-5.743747e-05,-1.494011e-05,-2.526925e-05,-1.163063e-04,-2.087808e-04,-2.715390e-04,-3.097045e-04,-3.210653e-04,-2.992640e-04,-2.394449e-04,-1.168529e-04,-1.754483e-05,-1.238488e-05,-8.404906e-05,-6.019139e-05,1.814249e-04,5.340693e-04,8.758254e-04
2.581603e-06,-3.660890e-05,-4.087182e-04,4.954753e-03,4.490889e-03,4.038183e-03,3.534838e-03,3.326877e-03,3.223506e-03,3.695899e-03,3.721680e-03,4.485012e-03,8.921814e-03,1.587292e-02,8.092408e-03,1.749872e-03,-7.890639e-04,4.076213e-04,2.536367e-03,4.209315e-03,4.156454e-03,3.693060e-03,3.304548e-03,3.276689e-03,3.403312e-03,3.663256e-03,3.631628e-03,3.566931e-03,3.560197e-03,3.278198e-03,3.165147e-03,3.021654e-03,3.016444e-03,3.039890e-03,3.105515e-03,3.129913e-03,-5.291826e-03,-4.462588e-03,-3.634103e-03,-2.802617e-03,-1.982509e-03,-1.092065e-03,-8.536175e-05,9.452547e-04,1.950243e-03,2.689839e-03,3.291963e-03,3.500233e-03,3.266896e-03,2.791918e-03,2.323757e-03,1.860956e-03,1.430894e-03,1.060731e-03,7.939855e-04,5.724844e-04,3.478820e-04,1.344107e-04,-7.435912e-05,-2.472876e-04,-3.004687e-04,-2.438940e-04,-1.531440e-04,-8.989658e-05,-4.569033e-05,-3.677011e-05,-2.936029e-05,-3.010516e-06,1.932221e-05,-1.847942e-03,-7.949878e-04,2.570076e-04,1.313211e-03,2.325031e-03,3.330009e-03,4.331503e-03,5.190461e-03,5.781184e-03,5.963139e-03,5.321284e-03,3.709883e-03,1.741454e-03,3.006330e-04,-5.975012e-04,-9.873265e-04,-1.081129e-03,-1.060110e-03,-9.190027e-04,-7.272933e-04,-5.482031e-04,-3.807349e-04,-2.377731e-04,-1.273345e-04,-5.856900e-05,-5.030505e-05,-5.235840e-05,-3.066654e-05,-2.008727e-05,-1.181579e-05,6.596211e-06,1.280094e-05,1.635460e-05,4.286870e-05,4.786838e-05,5.333716e-05,5.958023e-05,7.888728e-05,5.723708e-05,-6.437382e-05,-2.633266e-04,-4.326146e-04,-5.472623e-04,-5.958910e-04,-4.950145e-04,-2.076269e-04,1.012344e-04,2.525161e-04,2.678974e-04,2.154763e-04,1.313205e-04,1.118913e-05,-8.393163e-05,-1.226873e-04,-1.281390e-04,-1.021017e-04,-8.898253e-05,-1.740645e-04,-3.276792e-04,-4.580624e-04,-4.614089e-04,-2.721295e-04,1.280170e-04,5.762709e-04,9.781883e-04,1.383311e-03,6.257740e-05,-9.103239e-05,-2.489442e-04,-3.465343e-04,-3.515030e-04,-3.226749e-04,-3.072202e-04,-2.930680e-04,-2.829950e-04,-2.725100e-04,-2.323397e-04,-5.345138e-05,1.451510e-04,1.099998e-04,-1.281244e-05,-6.779983e-05,-4.993291e-05,-6.973323e-05,-1.557044e-04,-2.390442e-04,-2.926639e-04,-3.219168e-04,-3.256246e-04,-2.985636e-04,-2.374164e-04,-1.211274e-04,-2.836412e-05,-2.444560e-05,-9.321730e-05,-7.570756e-05,1.385609e-04,4.535307e-04,7.587626e-04
-1.055593e-05,-3.543266e-05,-3.703635e-04,4.315579e-03,3.970987e-03,3.648344e-03,3.158531e-03,3.041301e-03,3.108149e-03,3.604660e-03,3.692134e-03,3.406325e-03,4.981078e-03,8.092408e-03,1.279469e-02,4.287833e-03,-2.881889e-04,-7.313650e-04,1.557154e-03,3.687067e-03,3.875550e-03,3.464588e-03,3.056572e-03,2.973395e-03,3.045224e-03,3.295685e-03,3.317338e-03,3.290343e-03,3.253135e-03,2.967270e-03,2.874301e-03,2.764443e-03,2.751507e-03,2.791017e-03,2.870826e-03,2.911491e-03,-5.677981e-03,-4.783063e-03,-3.888969e-03,-2.991619e-03,-2.106794e-03,-1.143074e-03,-4.952433e-06,1.281297e-03,2.664324e-03,3.883513e-03,4.810059e-03,5.037366e-03,4.323108e-03,3.139417e-03,2.149870e-03,1.390629e-03,8.261955e-04,4.440623e-04,2.396430e-04,1.290833e-04,4.664022e-05,-1.561126e-05,-8.592611e-05,-1.522307e-04,-1.392475e-04,-6.332915e-05,9.766966e-06,3.638342e-05,3.926690e-05,1.455328e-05,-8.089318e-06,-1.261061e-05,-2.099038e-05,-1.481896e-03,-5.351033e-04,4.106134e-04,1.351582e-03,2.196602e-03,2.940742e-03,3.585709e-03,4.016432e-03,4.134637e-03,3.824203e-03,2.895191e-03,1.323512e-03,-2.883138e-04,-1.146514e-03,-1.398022e-03,-1.273321e-03,-9.669343e-04,-6.557602e-04,-3.385773e-04,-7.093043e-05,1.074612e-04,2.159695e-04,2.610615e-04,2.541322e-04,2.053014e-04,1.175114e-04,4.519949e-05,1.895598e-05,3.639405e-06,-3.477474e-06,-6.750510e-09,-8.273371e-06,-1.900057e-05,-2.105090e-05,-1.559587e-05,-9.672848e-06,-2.255584e-06,1.951177e-05,5.358273e-06,-1.056103e-04,-2.979295e-04,-4.719362e-04,-6.018604e-04,-6.635746e-04,-5.755374e-04,-2.857661e-04,3.253934e-05,1.875413e-04,2.043499e-04,1.533235e-04,7.175349e-05,-4.235249e-05,-1.320723e-04,-1.695945e-04,-1.759147e-04,-1.529673e-04,-1.408119e-04,-2.170220e-04,-3.537271e-04,-4.670772e-04,-4.644117e-04,-2.877625e-04,7.807126e-05,4.864922e-04,8.517782e-04,1.220094e-03,7.589745e-06,-1.271645e-04,-2.660341e-04,-3.490252e-04,-3.457387e-04,-3.119205e-04,-2.917494e-04,-2.724696e-04,-2.578143e-04,-2.367520e-04,-1.794179e-04,3.704938e-06,1.985739e-04,1.661044e-04,4.287896e-05,-2.414884e-05,-2.780586e-05,-5.954694e-05,-1.460038e-04,-2.260925e-04,-2.766386e-04,-3.033464e-04,-3.062024e-04,-2.811394e-04,-2.255170e-04,-1.208138e-04,-3.744303e-05,-3.374866e-05,-9.444870e-05,-7.618763e-05,1.210847e-04,4.103849e-04,6.907469e-04
-2.234365e-05,-3.916050e-05,-3.362422e-04,3.239140e-03,3.223880e-03,3.216473e-03,2.999925e-03,2.964724e-03,2.925712e-03,3.173115e-03,3.291859e-03,2.930568e-03,1.823033e-03,1.749872e-03,4.287833e-03,1.009421e-02,4.212072e-03,1.467810e-03,1.590405e-03,2.718302e-03,3.121689e-03,3.248313e-03,3.046751e-03,2.939994e-03,2.872388e-03,2.994623e-03,2.993273e-03,3.027678e-03,2.992936e-03,2.710134e-03,2.637183e-03,2.558821e-03,2.525194e-03,2.585851e-03,2.685136e-03,2.746086e-03,-1.934092e-03,-1.631035e-03,-1.328442e-03,-1.024067e-03,-7.267233e-04,-3.836336e-04,7.551667e-05,6.352174e-04,1.206836e-03,1.705163e-03,1.977763e-03,1.767227e-03,8.960969e-04,-1.950499e-04,-8.948160e-04,-1.211262e-03,-1.259777e-03,-1.117684e-03,-8.697467e-04,-6.023158e-04,-3.643131e-04,-1.698138e-04,-4.908789e-05,1.122298e-05,9.816154e-05,1.875090e-04,2.271661e-04,1.966512e-04,1.379635e-04,6.311346e-05,-3.389216e-06,-5.194327e-05,-1.043406e-04,-2.911123e-04,4.131460e-05,3.744184e-04,6.811686e-04,8.882462e-04,9.869678e-04,9.769526e-04,8.024978e-04,4.196617e-04,-2.252822e-04,-1.107628e-03,-2.177474e-03,-2.854030e-03,-2.471457e-03,-1.493073e-03,-6.451799e-04,5.706468e-06,5.351327e-04,9.375682e-04,1.173857e-03,1.248250e-03,1.197537e-03,1.051557e-03,8.438821e-04,6.069272e-04,3.699778e-04,1.912994e-04,9.588681e-05,4.595627e-05,2.055883e-05,6.692775e-06,-1.907626e-05,-4.717298e-05,-5.026982e-05,-4.637800e-05,-4.206064e-05,-3.537708e-05,-1.711926e-05,-3.110478e-05,-1.330457e-04,-3.047892e-04,-4.508991e-04,-5.552166e-04,-5.998641e-04,-5.181314e-04,-2.593094e-04,2.065196e-05,1.437706e-04,1.436652e-04,8.616903e-05,4.859997e-06,-1.014239e-04,-1.829766e-04,-2.172276e-04,-2.228612e-04,-2.019841e-04,-1.907795e-04,-2.595069e-04,-3.812596e-04,-4.790416e-04,-4.700537e-04,-3.032330e-04,3.332736e-05,4.074864e-04,7.413801e-04,1.078134e-03,1.259291e-05,-1.112731e-04,-2.384646e-04,-3.185305e-04,-3.277777e-04,-3.152827e-04,-3.187692e-04,-3.182454e-04,-3.081821e-04,-2.745953e-04,-1.795100e-04,3.962491e-05,2.624066e-04,2.580300e-04,1.519234e-04,7.923861e-05,4.644330e-05,-1.834907e-05,-1.289379e-04,-2.225708e-04,-2.804060e-04,-3.098261e-04,-3.132628e-04,-2.888642e-04,-2.359159e-04,-1.396935e-04,-6.320803e-05,-5.866149e-05,-1.114610e-04,-9.180489e-05,9.086593e-05,3.582672e-04,6.174349e-04
-3.686407e-05,-4.808243e-05,-3.336228e-04,2.803002e-03,2.949426e-03,3.084117e-03,3.053571e-03,3.070495e-03,2.867944e-03,2.924191e-03,3.179288e-03,3.065887e-03,1.365722e-03,-7.890639e-04,-2.881889e-04,4.212072e-03,1.223893e-02,6.981479e-03,4.043477e-03,1.977853e-03,2.305427e-03,3.061159e-03,3.081397e-03,3.040777e-03,2.918535e-03,2.966326e-03,2.922070e-03,2.981316e-03,2.988582e-03,2.726697e-03,2.655003e-03,2.578979e-03,2.524180e-03,2.583185e-03,2.678446e-03,2.733958e-03,1.078573e-03,9.330815e-04,7.874282e-04,6.423425e-04,4.949263e-04,3.654568e-04,2.977648e-04,2.679147e-04,1.220911e-04,-1.610325e-04,-7.225105e-04,-1.657148e-03,-3.066046e-03,-4.322017e-03,-4.781673e-03,-4.531799e-03,-3.843035e-03,-2.929028e-03,-2.037891e-03,-1.285780e-03,-6.904798e-04,-2.512066e-04,2.006452e-05,1.579377e-04,2.782626e-04,3.667025e-04,3.846328e-04,3.227134e-04,2.308155e-04,1.278675e-04,3.655086e-05,-3.601335e-05,-1.126079e-04,5.236294e-04,3.829552e-04,2.443920e-04,6.736272e-05,-1.803386e-04,-4.756639e-04,-7.952167e-04,-1.126786e-03,-1.451873e-03,-1.754078e-03,-1.916960e-03,-1.884933e-03,-1.474640e-03,-4.388621e-04,7.882781e-04,1.382522e-03,1.555832e-03,1.773878e-03,1.946440e-03,1.971535e-03,1.868672e-03,1.667947e-03,1.398295e-03,1.091048e-03,7.767604e-04,4.838804e-04,2.663574e-04,1.470789e-04,8.851743e-05,6.093383e-05,4.470298e-05,1.544458e-05,-1.620026e-05,-1.183571e-04,-1.073430e-04,-9.594118e-05,-8.145394e-05,-5.767591e-05,-6.586592e-05,-1.612515e-04,-3.220947e-04,-4.505426e-04,-5.354609e-04,-5.704243e-04,-4.938139e-04,-2.407307e-04,2.496564e-05,1.249765e-04,1.013407e-04,2.385788e-05,-7.290699e-05,-1.858427e-04,-2.671747e-04,-2.985859e-04,-2.995772e-04,-2.740701e-04,-2.589423e-04,-3.241863e-04,-4.417004e-04,-5.340065e-04,-5.196737e-04,-3.486458e-04,-1.059359e-05,3.644237e-04,6.984380e-04,1.035378e-03,2.471581e-05,-1.008510e-04,-2.291876e-04,-3.145810e-04,-3.373707e-04,-3.431862e-04,-3.676034e-04,-3.849853e-04,-3.843098e-04,-3.526382e-04,-2.418498e-04,-2.193867e-05,2.041568e-04,2.358715e-04,1.655447e-04,1.208026e-04,1.009023e-04,2.036789e-05,-1.138181e-04,-2.260372e-04,-2.992583e-04,-3.405489e-04,-3.526653e-04,-3.336326e-04,-2.835012e-04,-1.882520e-04,-1.099384e-04,-1.010160e-04,-1.477410e-04,-1.223605e-04,6.523849e-05,3.381724e-04,6.028084e-04
